0,155017120,155000000
0,328736657,157250000
0,331031055,159593750
0,333325453,161894531
0,335619851,164157714
0,337914249,166387999
0,502412994,188964499
0,504707392,187343936
0,507001790,185925944
0,509296188,184685201
0,511590586,183849550
0,513884984,183118356
0,516179382,182603561
0,676089331,202153115
0,678383729,198883975
0,680678127,196023478
0,682972525,193770543
0,685266923,191799225
0,687561321,190074321
0,689855719,188815030
0,692150117,187838151
0,694444515,186983382
0,696738913,186485459
0,699033311,186049776
0,850912867,184543554
0,853207265,183600609
0,855501663,182775532
0,857796061,182053590
0,860090459,181796891
0,862384857,181572279
0,864679255,181250744
0,866973653,181219401
0,869268051,181316975
0,871562449,181402353
0,873856847,181727058
0,876151245,182011175
0,878445643,182259778
0,880740041,182727305
0,883034439,183261391
0,885328837,183603717
0,1024589204,201278252
0,1026883602,198118470
0,1029178000,195353661
0,1031472398,193184453
0,1033766796,191286396
0,1036061194,189750596
0,1038355592,188656771
0,1040649990,187574674
0,1042944388,186627839
0,1045238786,186174359
0,1047533184,185777564
0,1049827582,185430368
0,1052121980,185501572
0,1054416378,185438875
0,1056710776,185384015
0,1059005174,185711013
0,1061299572,185997136
0,1063593970,186122494
0,1065888368,186482182
0,1068182766,186921909
0,1070477164,187306670
0,1072771562,187893336
0,1075065960,188406669
0,1077360358,188855835
0,1202305693,204873855
0,1202348893,201514623
0,1202854337,198325295
0,1205148735,195909633
0,1207443133,193670928
0,1209737531,191712062
0,1212031929,190373054
0,1214326327,189201422
0,1216620725,188051244
0,1218915123,187294838
0,1221209521,186757983
0,1223503919,186288235
0,1225798317,186127205
0,1228092715,186111304
0,1230387113,185972391
0,1232681511,186100842
0,1234975909,186213236
0,1237270307,186436581
0,1239564705,186882008
0,1241859103,187146757
0,1244153501,187503412
0,1246447899,188065485
0,1248742297,188557299
0,1251036695,188987636
0,1253331093,189614181
0,1255625491,190162408
0,1257919889,190642107
0,1260214287,191436843
0,1262508685,192132237
0,1264803083,192615707
0,1267097481,193413743
0,1269391879,194112025
0,1271686277,194723021
0,1273980675,195507643
0,1276275073,196194187
0,1278569471,196794913
0,1421321346,215195548
0,1421364546,215671104
0,1421407746,216087216
0,1421450946,216451314
0,1421494146,216769899
0,1421537346,216673661
0,1421580546,216589453
0,1421623746,216265771
0,1421666946,215732549
0,1421710146,215265980
0,1421753346,214482732
0,1421796546,213547390
0,1421839746,212728966
0,1421882946,211762845
0,1421926146,210667489
0,1421969346,209709052
0,1422012546,208620420
0,1422055746,207417867
0,1422098946,206365633
0,1422142146,205194928
0,1422185346,203795562
0,1424164388,202821116
0,1426458786,201968476
0,1428753184,201222416
0,1431047582,200944614
0,1433341980,200701537
0,1435636378,200363844
0,1437930776,200318363
0,1440225174,200403567
0,1442519572,200478121
0,1444813970,200793355
0,1447108368,201069185
0,1449402766,201310536
0,1451697164,201771719
0,1453991562,202175254
0,1456285960,202528347
0,1458580358,203087303
0,1460874756,203576390
0,1463169154,204129341
0,1465463552,204863173
0,1467757950,205505276
0,1470052348,206067116
0,1472346746,206808726
0,1474641144,207457635
0,1476935542,208025430
0,1479229940,208897251
0,1481524338,209535094
0,1483818736,210093207
0,1486113134,210956556
0,1488407532,211711986
0,1490701930,212372987
0,1492996328,213201363
0,1495290726,213926192
0,1497585124,214560418
0,1702285745,240740365
0,1702328945,245772819
0,1702372145,250176216
0,1702415345,254029189
0,1702458545,257400540
0,1702501745,260350472
0,1702544945,262931663
0,1702588145,265190205
0,1702631345,267166429
0,1702674545,268895625
0,1702717745,270408671
0,1702760945,271732587
0,1702804145,272891013
0,1702847345,273904636
0,1702890545,274791556
0,1702933745,275567611
0,1702976945,276246659
0,1703020145,276965826
0,1703063345,277595097
0,1703106545,278145709
0,1703149745,278627495
0,1703192945,279049058
0,1703236145,279417925
0,1703279345,279740684
0,1703322545,280023098
0,1703365745,280145210
0,1703408945,280252058
0,1703452145,280345550
0,1703495345,280427356
0,1703538545,280498936
0,1703581745,280561569
0,1703624945,280616372
0,1703668145,280414325
0,1703711345,280237534
0,1703754545,279832842
0,1703797745,279228736
0,1703840945,278700144
0,1703884145,277862626
0,1703927345,276879797
0,1703970545,276019822
0,1704013745,275142344
0,1704056945,274124551
0,1704100145,273233982
0,1704143345,272079734
0,1704186545,270819767
0,1704229745,269717296
0,1704272945,268502634
0,1704316145,267064804
0,1705128787,265931703
0,1707423185,264940240
0,1709717583,264072710
0,1712011981,263688621
0,1714306379,263352543
0,1716600777,262933475
0,1718895175,262816790
0,1721189573,262839691
0,1723483971,262859729
0,1725778369,263127262
0,1728072767,263361354
0,1730367165,263566184
0,1732661563,263995411
0,1734955961,264370984
0,1737250359,264699611
0,1739544757,265237159
0,1741839155,265707514
0,1744133553,266244074
0,1746427951,266963564
0,1748722349,267593118
0,1751016747,268143978
0,1753311145,268875980
0,1755605543,269516482
0,1757899941,270076921
0,1760194339,270942305
0,1762488737,271574516
0,1764783135,272127701
0,1767077533,272986738
0,1769371931,273738395
0,1771666329,274396095
0,1773960727,275221583
0,1776255125,275943885
0,1778549523,276575899
0,1988986139,303378911
0,1989029339,301331547
0,1989072539,299540103
0,1989115739,297972590
0,1989158939,296601016
0,1989202139,295400889
0,1989245339,294350777
0,1989288539,293431929
0,1989331739,292627937
0,1989374939,291924444
0,1989418139,291308888
0,1989461339,290770277
0,1989504539,290298992
0,1989547739,289886618
0,1989590939,289525790
0,1989634139,289210066
0,1989677339,288933807
0,1989720539,288692081
0,1989763739,288480570
0,1989806939,288295498
0,1989850139,288133560
0,1989893339,287991865
0,1989936539,287867881
0,1989979739,287759395
0,1990022939,287789470
0,1990066139,287815786
0,1990109339,287713812
0,1990152539,287624585
0,1990195739,287546511
0,1990238939,287478197
0,1990282139,287418422
0,1990325339,287366119
0,1990368539,287320354
0,1990411739,287280309
0,1990454939,287245270
0,1990498139,287214611
0,1990541339,287187784
0,1990584539,287164311
0,1990627739,287143772
0,1990670939,287125800
0,1990714139,287110075
0,1990757339,287096315
0,1990800539,287084275
0,1990843739,287073740
0,1990886939,287064522
0,1990930139,287056456
0,1990973339,287049399
0,1991016539,287168224
0,1991059739,287272196
0,1991102939,287363171
0,1991146139,287442774
0,1993085180,287762427
0,3168947186,284042123
0,3340435036,302036857
0,3341083036,294407249
0,3341126236,287606342
0,3341169436,281530549
0,3341212636,276089230
0,3341255836,271203076
0,3341299036,266802691
0,3341342236,262702354
0,3341385436,258989559
0,3341428636,255615864
0,3341471836,252538881
0,3341515036,249721520
0,3341558236,247131330
0,3341601436,244739913
0,3341644636,242397423
0,3341687836,240222745
0,3341731036,238194901
0,3341774236,236295538
0,3341817436,234508595
0,3341860636,232820020
0,3341903836,231092517
0,3341947036,229455952
0,3341990236,227898958
0,3342033436,226536588
0,3342076636,225219514
0,3342119836,223942074
0,3342163036,222699314
0,3344425277,221611899
0,3346719675,220785411
0,3349014073,220312234
0,3351308471,220023204
0,3353602869,219895303
0,3355897267,219908390
0,3358191665,220169841
0,3360486063,220398610
0,3362780461,220723783
0,3365074859,221258310
0,3367369257,221851021
0,3369663655,222494643
0,3371958053,223182812
0,3374252451,224034960
0,3376546849,224780590
0,3378841247,225558016
0,3381135645,226488264
0,3383430043,227427231
0,3385724441,228373827
0,3388018839,229452098
0,3390313237,230520585
0,3392607635,231455511
0,3394902033,232398572
0,3397196431,233473750
0,3399490829,234539531
0,3401785227,235597089
0,3404079625,236772452
0,3406374023,237800895
0,3408668421,238825783
0,3410962819,239847560
0,3413257217,240991615
0,3415551615,242117663
0,3417846013,242977955
0,3515258572,234480710
0,3517552970,227170621
0,3519847368,221024293
0,3522141766,216021256
0,3524436164,211893599
0,3526730562,208531899
0,3529024960,205965411
0,3531319358,203969734
0,3533613756,202473517
0,3535908154,201414327
0,3538202552,200862536
0,3540496950,200629719
0,3542791348,200551004
0,3545085746,200857128
0,3547380144,200874987
0,3549674542,200515613
0,3551968940,199951161
0,3554263338,199457265
0,3556557736,198775106
0,3558852134,197803217
0,3561146532,196827814
0,3563440930,195599337
0,3565735328,194149419
0,3568029726,192755741
0,3570324124,191161273
0,3572618522,189516113
0,3575461564,187826598
0,3580050360,186348273
0,3584639156,185054738
0,3589227952,183922895
0,3591522350,182932533
0,3688934909,193940966
0,3691229307,191698345
0,3693523705,189736051
0,3695818103,188019044
0,3698112501,186516663
0,3700406899,185202080
0,3702701297,184051820
0,3704995695,182920342
0,3707290093,182055299
0,3709584491,181298386
0,3711878889,180636087
0,3714173287,180056576
0,3716467685,179549504
0,3718762083,179105816
0,3721056481,178717589
0,3723350879,178377890
0,3725645277,178080653
0,3727939675,177820571
0,3730234073,177592999
0,3732528471,177393874
0,3734822869,177219639
0,3737117267,177067184
0,3739411665,176933786
0,3741706063,176817062
0,3744000461,176714929
0,3746294859,176625562
0,3749137901,176672366
0,3753726697,176838320
0,3758315493,176983530
0,3762904289,177110588
0,3765198687,176971764
0,3862611246,188725293
0,3864905644,187134631
0,3867200042,185742802
0,3869494440,184524951
0,3871788838,183459332
0,3874083236,182526915
0,3876377634,181711050
0,3878672032,180997168
0,3880966430,180372522
0,3883260828,179825956
0,3885555226,179347711
0,3887849624,178929247
0,3890144022,178563091
0,3892438420,178242704
0,3894732818,177962366
0,3897027216,177717070
0,3899321614,177502436
0,3901616012,177314631
0,3903910410,177150302
0,3906204808,177006514
0,3908499206,176880699
0,3910793604,176770611
0,3913088002,176674284
0,3915382400,176589998
0,3917676798,176516248
0,3919971196,176326717
0,3922265594,176285877
0,3924559992,176125142
0,3928550233,175984499
0,3933139029,175861436
0,3937727825,175753756
0,3940022223,175659536
0,4037434782,175577094
0,4039729180,175504957
0,4042023578,175441837
0,4044317976,175386607
0,4046612374,175338281
0,4048906772,175170995
0,4051201170,175149620
0,4053495568,175130917
0,4055789966,175114552
0,4058084364,175100233
0,4060378762,175087703
0,4062673160,175076740
0,4064967558,174942147
0,4067261956,174949378
0,4069556354,174955705
0,4071850752,174836241
0,4074145150,174856710
0,4076439548,174874621
0,4078733946,174890293
0,4081028344,174904006
0,4083322742,174916005
0,4085617140,174926504
0,4087911538,174810691
0,4090205936,174834354
0,4092500334,174855059
0,4094794732,174873176
0,4097089130,174889029
0,4099383528,174902900
0,4103373769,174915037
0,4107962565,174800657
0,4112551361,174825574
0,4114845759,174722377
0,4212258318,174757079
0,4214552716,174787444
0,4216847114,174689013
0,4219141512,174727886
0,4221435910,174761900
0,4223730308,174791662
0,4226024706,174817704
0,4228319104,174840491
0,4230613502,174860429
0,4232907900,174752875
0,4235202298,175033765
0,4237496696,175279544
0,4239791094,175494601
0,4242085492,175807775
0,4244379890,175956803
0,4246674288,176087202
0,4248968686,176201301
0,4251263084,176301138
0,4253557482,176388495
0,4255851880,176464933
0,4258146278,176531816
0,4260440676,176590339
0,4262735074,176641546
0,4265029472,176811352
0,4267323870,176834933
0,4269618268,176855566
0,4271912666,176873620
0,4274207064,176889417
0,4277050106,177028239
0,4281638902,177149709
0,4286227698,177380995
0,4288522096,177208370
0,4385934655,188932323
0,4388229053,187315782
0,4390523451,185901309
0,4392817849,184663645
0,4395112247,183580689
0,4397406645,182633102
0,4399701043,181803964
0,4401995441,180953468
0,4404289839,180334284
0,4406584237,179792498
0,4408878635,179318435
0,4411173033,178903630
0,4413467431,178540676
0,4415761829,178223091
0,4418056227,177945204
0,4420350625,177702053
0,4422645023,177489296
0,4424939421,177303134
0,4427233819,177140242
0,4429528217,176997711
0,4431822615,176872997
0,4434117013,176763872
0,4436411411,176668388
0,4438705809,176584839
0,4441000207,176511734
0,4443294605,176447767
0,4445589003,176391796
0,4447883401,176342821
0,4450726443,176299968
0,4455315239,176512472
0,4459904035,176698413
0,4462198433,176611111
0,4559610992,188409722
0,4561905390,186858506
0,4564199788,185501192
0,4566494186,184313543
0,4568788584,183274350
0,4571082982,182365056
0,4573377380,181569424
0,4575671778,180873246
0,4577966176,180264090
0,4580260574,179731078
0,4582554972,179264693
0,4584849370,178856606
0,4587143768,178499530
0,4589438166,178187088
0,4591732564,177913702
0,4594026962,177674489
0,4596321360,177465177
0,4598615758,177282029
0,4600910156,177121775
0,4603204554,176981553
0,4605498952,176858858
0,4607793350,176751500
0,4610087748,176657562
0,4612382146,176575366
0,4614676544,176503445
0,4616970942,176315514
0,4619265340,176276074
0,4621559738,176241564
0,4623854136,176211368
0,4626148534,176184947
0,4630138775,176036828
0,4634727571,175907224
0,4637021969,175793821
0,4734434528,175694593
0,4736728926,175607768
0,4739023324,175531797
0,4741317722,175465322
0,4743612120,175407156
0,4745906518,175231261
0,4748200916,175202353
0,4750495314,175177058
0,4752789712,175154925
0,4755084110,175135559
0,4757378508,175118614
0,4759672906,175103787
0,4761967304,174965813
0,4764261702,174970086
0,4766556100,174973825
0,4768850498,174852096
0,4771144896,174870584
0,4773439294,174886761
0,4775733692,174900915
0,4778028090,174913300
0,4780322488,174924137
0,4782616886,174933619
0,4784911284,174816916
0,4787205682,174839801
0,4789500080,174859825
0,4791794478,174877346
0,4794088876,174892677
0,4796383274,174906092
0,4798677672,174917830
0,4800972070,174803101
0,4804962311,174702713
0,4809551107,174739873
0,4811845505,174647388
0,4909258064,174691464
0,4911552462,174730031
0,4913846860,174638777
0,4916141258,174683929
0,4918435656,174723437
0,4920730054,174758007
0,4923024452,174788256
0,4925318850,174814724
0,4927613248,174837883
0,4929907646,174733147
0,4932202044,174766503
0,4934496442,174795690
0,4936790840,174821228
0,4939085238,174843574
0,4941379636,174863127
0,4943674034,174880236
0,4945968432,174770206
0,4948262830,175048930
0,4950557228,175292813
0,4952851626,175506211
0,4955146024,175692934
0,4957440422,175856317
0,4959734820,175999277
0,4962029218,176249367
0,4964323616,176343196
0,4966618014,176425296
0,4968912412,176497134
0,4971206810,176559992
0,4973501208,176614993
0,4975795606,176663118
0,4978638648,176830228
0,4983227444,177101449
0,4985521842,176963767
0,5082934401,188718296
0,5085228799,187128509
0,5087523197,185737445
0,5089817595,184520264
0,5092111993,183455231
0,5094406391,182523327
0,5096700789,181707911
0,5098995187,180869422
0,5101289585,180260744
0,5103583983,179728151
0,5105878381,179262132
0,5108172779,178854365
0,5110467177,178497569
0,5112761575,178185372
0,5115055973,177912200
0,5117350371,177673175
0,5119644769,177464028
0,5121939167,177281024
0,5124233565,177120896
0,5126527963,176980784
0,5128822361,176858186
0,5131116759,176750912
0,5133411157,176657048
0,5135705555,176574917
0,5137999953,176378052
0,5140294351,176330795
0,5142588749,176289445
0,5144883147,176253264
0,5147177545,176221606
0,5149471943,176193905
0,5152314985,176294666
0,5156903781,176507832
0,5159198179,176444353
0,5256610738,188263808
0,5258905136,186730832
0,5261199534,185389478
0,5263493932,184215793
0,5265788330,183188818
0,5268082728,182290215
0,5270377126,181503938
0,5272671524,180815945
0,5274965922,180213951
0,5277260320,179687207
0,5279554718,179226306
0,5281849116,178823017
0,5284143514,178470139
0,5286437912,178161371
0,5288732310,177891199
0,5291026708,177654799
0,5293321106,177447949
0,5295615504,177266955
0,5297909902,177108585
0,5300204300,176970011
0,5302498698,176848759
0,5304793096,176742664
0,5307087494,176649831
0,5309381892,176568602
0,5311676290,176497526
0,5313970688,176435335
0,5316265086,176380918
0,5318559484,176333303
0,5320853882,176291640
0,5323148280,176255185
0,5325442678,176223286
0,5327737076,176070375
0,5331727317,175936578
0,5334021715,175819505
0,5431434274,175717066
0,5433728672,175627432
0,5436023070,175549003
0,5438317468,175480377
0,5440611866,175420329
0,5442906264,175242787
0,5445200662,175212438
0,5447495060,175185883
0,5449789458,175162647
0,5452083856,175142316
0,5454378254,175124526
0,5456672652,175108960
0,5458967050,174970340
0,5461261448,174974047
0,5463555846,174977291
0,5465850244,174855129
0,5468144642,174873237
0,5470439040,174889082
0,5472733438,174902946
0,5475027836,174915077
0,5477322234,174925692
0,5479616632,174934980
0,5481911030,174818107
0,5484205428,174840843
0,5486499826,174860737
0,5488794224,174878144
0,5491088622,174893376
0,5493383020,174906704
0,5495677418,174918366
0,5497971816,174803570
0,5500266214,174828123
0,5502560612,174849607
0,5506550853,174868406
0,5508845251,174759855
0,5606257810,174789873
0,5608552208,174816138
0,5610846606,174714120
0,5613141004,174749855
0,5615435402,174781123
0,5617729800,174808482
0,5620024198,174832421
0,5622318596,174853368
0,5624612994,174871697
0,5626907392,174762734
0,5629201790,174792392
0,5631496188,174818343
0,5633790586,174841050
0,5636084984,174860918
0,5638379382,174878303
0,5640673780,174893515
0,5642968178,174781825
0,5645262576,174809096
0,5647556974,174832959
0,5649851372,174728839
0,5652145770,174762734
0,5654440168,174792392
0,5656734566,175068343
0,5659028964,175434800
0,5661323362,175630450
0,5663617760,175801643
0,5665912158,175951437
0,5668206556,176082507
0,5670500954,176197193
0,5672795352,176297543
0,5675089750,176510350
0,5677384148,176571556
0,5680227190,176750111
0,5682521588,176656347
0,5779934147,188449303
0,5782228545,186893140
0,5784522943,185531497
0,5786817341,184340059
0,5789111739,183297551
0,5791406137,182385357
0,5793700535,181587187
0,5795994933,180763788
0,5798289331,180168314
0,5800583729,179647274
0,5802878127,179191364
0,5805172525,178792443
0,5807466923,178443387
0,5809761321,178137963
0,5812055719,177870717
0,5814350117,177636877
0,5816644515,177432267
0,5818938913,177253233
0,5821233311,177096578
0,5823527709,176959505
0,5825822107,176839566
0,5828116505,176734620
0,5830410903,176642792
0,5832705301,176562443
0,5834999699,176367137
0,5837294097,176321244
0,5839588495,176281088
0,5841882893,176245952
0,5844177291,176215208
0,5846471689,176188307
0,5848766087,176164768
0,5851060485,176144172
0,5853903527,176126150
0,5856197925,176110381
0,5954209039,188096583
0,5955904882,186584510
0,5958199280,185261446
0,5960493678,184103765
0,5962788076,183090794
0,5965082474,182204444
0,5967376872,181428888
0,5969671270,180750277
0,5971965668,180156492
0,5974260066,179636930
0,5976554464,179182313
0,5978848862,178784523
0,5981143260,178436457
0,5983437658,178131899
0,5985732056,177865411
0,5988026454,177632234
0,5990320852,177428204
0,5992615250,177249678
0,5994909648,177093468
0,5997204046,176956784
0,5999498444,176837186
0,6001792842,176732537
0,6004087240,176640969
0,6006381638,176560847
0,6008676036,176490741
0,6010970434,176429398
0,6013264832,176375723
0,6015559230,176328757
0,6017853628,176287662
0,6020148026,176251704
0,6022442424,176220241
0,6024736822,176192710
0,6027031220,176168621
0,6029325618,176147543
0,6031620016,176004100
0,6129631130,175878587
0,6131326973,175893763
0,6133621371,175782042
0,6135915769,175684286
0,6138210167,175723750
0,6140504565,175633281
0,6142798963,175554120
0,6145093361,175609855
0,6147387759,175658623
0,6149682157,175576295
0,6151976555,175504258
0,6154270953,175566225
0,6156565351,175495446
0,6158859749,175433515
0,6161154147,175504325
0,6163448545,175441284
0,6165742943,175386123
0,6168037341,175462857
0,6170331739,175529999
0,6172626137,175463749
0,6174920535,175405780
0,6177214933,175480057
0,6179509331,175420049
0,6181803729,175367542
0,6184098127,175446599
0,6186392525,175515774
0,6188686923,175451302
0,6190981321,175394889
0,6193275719,175470527
0,6195570117,175411711
0,6197864515,175360247
0,6200158913,175440216
0,6202453311,175385189
0,6204747709,175337040
0,6207042107,175419910
0,6306200420,175617421
0,6306749064,175540243
0,6309043462,175597712
0,6311337860,175647998
0,6313632258,175566998
0,6315926656,175496123
0,6318221054,175559107
0,6320515452,175489218
0,6322809850,175428065
0,6325104248,175499556
0,6327398646,175562111
0,6329693044,175491847
0,6331987442,175430366
0,6334281840,175501570
0,6336576238,175438873
0,6338870636,175384013
0,6341165034,175461011
0,6343459432,175403384
0,6345753830,175352961
0,6348048228,175433840
0,6350342626,175504610
0,6352637024,175441533
0,6354931422,175386341
0,6357225820,175463048
0,6359520218,175405167
0,6361814616,175354521
0,6364109014,175435205
0,6366403412,175505804
0,6368697810,175442578
0,6370992208,175387255
0,6373286606,175713848
0,6375581004,175999617
0,6377875402,176124664
0,6380169800,176359081
0,6382464198,176564195
0,6481622511,188743670
0,6482171155,187150711
0,6484465553,186006872
0,6486759951,184881013
0,6489054349,184020886
0,6491348747,183268275
0,6493643145,182609740
0,6495937543,181908522
0,6498231941,181419956
0,6500526339,180992461
0,6502820737,180493403
0,6505115135,180181727
0,6507409533,179909011
0,6509703931,179670384
0,6511998329,179336586
0,6514292727,179169512
0,6516587125,179023323
0,6518881523,178770407
0,6521175921,178674106
0,6523470319,178589842
0,6525764717,178391111
0,6528059115,178342222
0,6530353513,178299444
0,6532647911,178262013
0,6534942309,178104261
0,6537236707,178091228
0,6539531105,178079824
0,6541825503,177944846
0,6544119901,177951740
0,6546414299,177957772
0,6548708697,177963050
0,6551003095,177967668
0,6553297493,177971709
0,6555591891,177975245
0,6557886289,177853339
0,6658191801,190121671
0,6658235001,188481462
0,6659887644,187046279
0,6662182042,185915494
0,6664476440,184926057
0,6666770838,183935299
0,6669065236,183193386
0,6671359634,182544212
0,6673654032,181976185
0,6675948430,181354161
0,6678242828,180934890
0,6680537226,180568028
0,6682831624,180122024
0,6685126022,179856771
0,6687420420,179624674
0,6689714818,179421589
0,6692009216,179243890
0,6694303614,179088403
0,6696598012,178952352
0,6698892410,178708308
0,6701186808,178619769
0,6703481206,178542297
0,6705775604,178349509
0,6708070002,178305820
0,6710364400,178267592
0,6712658798,178234143
0,6714953196,178079875
0,6717247594,178069890
0,6719541992,178061153
0,6721836390,177928508
0,6724130788,177937444
0,6726425186,177945263
0,6728719584,177827105
0,6731013982,177848716
0,6733308380,177867626
0,6735602778,177884172
0,6835908290,177773650
0,6835951490,177676943
0,6837604133,177717325
0,6839898531,177627659
0,6842192929,177674201
0,6844487327,177714925
0,6846781725,177625559
0,6849076123,177672364
0,6851370521,177713318
0,6853664919,177749153
0,6855959317,177655508
0,6858253715,177698569
0,6860548113,177736247
0,6862842511,177644216
0,6865136909,177688689
0,6867431307,177727602
0,6869725705,177636651
0,6872020103,177682069
0,6874314501,177721810
0,6876608899,177756583
0,6878903297,177662010
0,6881197695,177704258
0,6883492093,177741225
0,6885786491,177648571
0,6888080889,177692499
0,6890375287,177730936
0,6892669685,177764569
0,6894964083,177668997
0,6897258481,177710372
0,6899552879,177746575
0,6901847277,177653253
0,6904141675,177696596
0,6906436073,177734521
0,6908730471,177642705
0,6911024869,177687366
0,6913319267,177726445
0,7014771978,177885639
0,7014815178,178024934
0,7015320622,178021817
0,7017615020,178019089
0,7019909418,177891702
0,7022203816,177905239
0,7024498214,177917084
0,7026792612,177802448
0,7029087010,177827142
0,7031381408,177848749
0,7033675806,177867655
0,7035970204,177759198
0,7038264602,177789298
0,7040559000,177815635
0,7042853398,177713680
0,7045147796,177749470
0,7047442194,177780786
0,7049736592,177683187
0,7052030990,177722788
0,7054325388,177757439
0,7056619786,177787759
0,7058914184,177689289
0,7061208582,177728127
0,7063502980,177762111
0,7065797378,177666847
0,7068091776,177708491
0,7070386174,177744929
0,7072680572,177776812
0,7074974970,177679710
0,7077269368,177719746
0,7079563766,177754777
0,7081858164,177660429
0,7084152562,177702875
0,7086446960,177740015
0,7088741358,177647513
0,7091035756,177691573
0,7192488467,190355126
0,7192531667,188810735
0,7193037111,187584393
0,7195331509,186636343
0,7197625907,185806800
0,7199920305,185080950
0,7202214703,184445831
0,7204509101,183890102
0,7206803499,183403839
0,7209097897,182978359
0,7211392295,182606064
0,7213686693,182280306
0,7215981091,181995267
0,7218275489,181745858
0,7220569887,181527625
0,7222864285,181336671
0,7225158683,181169587
0,7227453081,181023388
0,7229747479,180895464
0,7232041877,180783531
0,7234336275,180685589
0,7236630673,180599890
0,7238925071,180524903
0,7241219469,180459290
0,7243513867,180401878
0,7245808265,180351643
0,7248102663,180307687
0,7250397061,180269226
0,7252691459,180235572
0,7254985857,180206125
0,7257280255,180180359
0,7259574653,180157814
0,7261869051,180138087
0,7264163449,180120826
0,7266457847,180105722
0,7268752245,180092506
0,7370204956,192455942
0,7370248156,190648949
0,7370753600,189067830
0,7373047998,187934351
0,7375342396,186942557
0,7377636794,186074737
0,7379931192,185315394
0,7382225590,184650969
0,7384519988,184069597
0,7386814386,183560897
0,7389108784,183115784
0,7391403182,182726311
0,7393697580,182385522
0,7395991978,182087331
0,7398286376,181826414
0,7400580774,181598112
0,7402875172,181398348
0,7405169570,181223554
0,7407463968,181070609
0,7409758366,180936782
0,7412052764,180819684
0,7414347162,180717223
0,7416641560,180627570
0,7418935958,180549123
0,7421230356,180480482
0,7423524754,180420421
0,7425819152,180367868
0,7428113550,180321884
0,7430407948,180281648
0,7432702346,180246442
0,7434996744,180215636
0,7437291142,180188681
0,7439585540,180165095
0,7441879938,180144458
0,7444174336,180126400
0,7446468734,180110600
0,7549068644,192721775
0,7549111844,191006553
0,7549155044,189505733
0,7550764487,188317516
0,7553058885,187277826
0,7555353283,186368097
0,7557647681,185572084
0,7559942079,184875573
0,7562236477,184266126
0,7564530875,183732860
0,7566825273,183266252
0,7569119671,182857970
0,7571414069,182500723
0,7573708467,182188132
0,7576002865,182039615
0,7578297263,181784663
0,7580591661,181561580
0,7582886059,181366382
0,7585180457,181195584
0,7587474855,181046136
0,7589769253,180915369
0,7592063651,180800947
0,7594358049,180700828
0,7596652447,180613224
0,7598946845,180536571
0,7601241243,180469499
0,7603535641,180410811
0,7605830039,180359459
0,7608124437,180314526
0,7610418835,180275210
0,7612713233,180240808
0,7615007631,180335707
0,7617302029,180293743
0,7619596427,180257025
0,7621890825,180224896
0,7624185223,180196784
0,7626479621,180172186
0,7729079531,180150662
0,7729122731,180131829
0,7729165931,180115350
0,7730775374,180100931
0,7733069772,180088314
0,7735364170,180077274
0,7737658568,180067614
0,7739952966,180059162
0,7742247364,180051766
0,7744541762,180045295
0,7746836160,180039633
0,7749130558,180034678
0,7751424956,180030343
0,7753719354,180026550
0,7756013752,180023231
0,7758308150,180020327
0,7760602548,180017786
0,7762896946,180015562
0,7765191344,180013616
0,7767485742,180011914
0,7769780140,180010424
0,7772074538,180009121
0,7774368936,180007980
0,7776663334,180006982
0,7778957732,180006109
0,7781252130,180005345
0,7783546528,180004676
0,7785840926,180004091
0,7788135324,180003579
0,7790429722,180003131
0,7792724120,180002739
0,7795018518,180002396
0,7797312916,180002096
0,7799607314,180001834
0,7801901712,180001604
0,7804196110,180001403
0,7806490508,180001227
0,7910237617,180126073
0,7910280817,180235313
0,7910324017,180330898
0,7910786261,180289535
0,7913080659,180253343
0,7915375057,180221675
0,7917669455,180193965
0,7919963853,180169719
0,7922258251,180523504
0,7924552649,180708066
0,7926847047,180869557
0,7929141445,181135862
0,7931435843,181243879
0,7933730241,181338394
0,7936024639,181546094
0,7938319037,181602832
0,7940613435,181652478
0,7942907833,181695918
0,7945202231,181858928
0,7947496629,181876562
0,7949791027,181891991
0,7952085425,182030492
0,7954379823,182026680
0,7956674221,182023345
0,7958968619,182020426
0,7961263017,182142872
0,7963557415,182125013
0,7965851813,182109386
0,7968146211,182220712
0,7970440609,182193123
0,7972735007,182168982
0,7975029405,182272859
0,7977323803,182238751
0,7979618201,182208907
0,7981912599,182182793
0,7984206997,182284943
0,7986501395,182249325
0,8090248504,194968159
0,8090291704,193097139
0,8090334904,191459996
0,8090797148,190027496
0,8093091546,189149059
0,8095385944,188255426
0,8097680342,187473497
0,8099974740,186789309
0,8102269138,186315645
0,8104563536,185776189
0,8106857934,185304165
0,8109152332,185016144
0,8111446730,184639126
0,8113741128,184309235
0,8116035526,184145580
0,8118329924,183877382
0,8120624322,183642709
0,8122918720,183437370
0,8125213118,183382698
0,8127507516,183209860
0,8129801914,183058627
0,8132096312,183051298
0,8134390710,182919885
0,8136685108,182804899
0,8138979506,182704286
0,8141273904,182741250
0,8143568302,182648593
0,8145862700,182567518
0,8148157098,182621578
0,8150451496,182543880
0,8152745894,182475895
0,8155040292,182541408
0,8157334690,182473732
0,8159629088,182414515
0,8161923486,182362700
0,8164217884,182442362
0,8166512282,182387066
0,8271406590,195213682
0,8271449790,193436971
0,8271492990,191882349
0,8271536190,190522055
0,8273102433,189581798
0,8275396831,188634073
0,8277691229,187804813
0,8279985627,187079211
0,8282280025,186569309
0,8284574423,185998145
0,8286868821,185498376
0,8289163219,185186079
0,8291457617,184787819
0,8293752015,184439341
0,8296046413,184259423
0,8298340811,183976995
0,8300635209,183729870
0,8302929607,183513636
0,8305224005,183449431
0,8307518403,183268252
0,8309812801,183109720
0,8312107199,183096005
0,8314401597,182959004
0,8316695995,182839128
0,8318990393,182734237
0,8321284791,182767457
0,8323579189,182671524
0,8325873587,182587583
0,8328167985,182639135
0,8330462383,182559243
0,8332756781,182489337
0,8335051179,182553169
0,8337345577,182484022
0,8339639975,182423519
0,8341934373,182370579
0,8344228771,182449256
0,8346523169,182393099
0,8348817567,182343961
0,8453711875,182300965
0,8453755075,182263344
0,8453798275,182230426
0,8453841475,182201622
0,8455407718,182176419
0,8457702116,182154366
0,8459996514,182135070
0,8462290912,182243186
0,8464585310,182212787
0,8466879708,182186188
0,8469174106,182287914
0,8471468504,182251924
0,8473762902,182220433
0,8476057300,182317878
0,8478351698,182278143
0,8480646096,182243375
0,8482940494,182212953
0,8485234892,182311333
0,8487529290,182272416
0,8489823688,182238364
0,8492118086,182333568
0,8494412484,182291872
0,8496706882,182255388
0,8499001280,182348464
0,8501295678,182429906
0,8503590076,182376167
0,8505884474,182329146
0,8508178872,182413002
0,8510473270,182361376
0,8512767668,182316204
0,8515062066,182401678
0,8517356464,182351468
0,8519650862,182307534
0,8521945260,182269092
0,8524239658,182360455
0,8526534056,182315398
0,8528828454,182275973
0,8531122852,182366476
0,8637164359,182570666
0,8637207559,182749332
0,8637250759,182905665
0,8637293959,183042456
0,8637713003,182912149
0,8640007401,182923130
0,8642301799,182932738
0,8644596197,182816145
0,8646890595,182714126
0,8649184993,182749860
0,8651479391,182656127
0,8653773789,182574111
0,8656068187,182627347
0,8658362585,182548928
0,8660656983,182730312
0,8662951381,182889023
0,8665245779,183152895
0,8667540177,183383783
0,8669834575,183460810
0,8672128973,183653208
0,8674423371,183821557
0,8676717769,183843862
0,8679012167,183988379
0,8681306565,184114831
0,8683600963,184100477
0,8685895361,184087917
0,8688189759,184201927
0,8690484157,184301686
0,8692778555,184263975
0,8695072953,184355978
0,8697367351,184436480
0,8699661749,184381920
0,8701956147,184334180
0,8704250545,184417407
0,8706544943,184490231
0,8708839341,184428952
0,8711133739,184500333
0,8713428137,184562791
0,8819469644,197492442
0,8819512844,195555886
0,8819556044,193861400
0,8819599244,192378725
0,8820018288,191206384
0,8822312686,190430586
0,8824607084,189626762
0,8826901482,188923416
0,8829195880,188432989
0,8831490278,188003865
0,8833784676,187503381
0,8836079074,187190458
0,8838373472,186916650
0,8840667870,186552068
0,8842962268,186233059
0,8845256666,186078926
0,8847551064,185944060
0,8849845462,185701052
0,8852139860,185613420
0,8854434258,185536742
0,8856728656,185344649
0,8859023054,185301567
0,8861317452,185263871
0,8863611850,185105887
0,8865906248,184967651
0,8868200646,184971694
0,8870495044,184975232
0,8872789442,184853328
0,8875083840,184871662
0,8877378238,184887704
0,8879672636,184776741
0,8881967034,184679648
0,8884261432,184719692
0,8886555830,184754730
0,8888850228,184660388
0,8891144626,184702839
0,8893439024,184739984
0,8895733422,184647486
0,9002922128,197691550
0,9002965328,195855106
0,9003008528,194373217
0,9003051728,193076564
0,9003094928,191941993
0,9004617971,190949243
0,9006912369,190080587
0,9009206767,189445513
0,9011501165,188889823
0,9013795563,188278595
0,9016089961,187868770
0,9018384359,187510173
0,9020678757,187071401
0,9022973155,186687475
0,9025267553,186476540
0,9027561951,186291972
0,9029856349,186005475
0,9032150747,185879790
0,9034445145,185769816
0,9036739543,185548589
0,9039033941,185480015
0,9041328339,185420013
0,9043622737,185242511
0,9045917135,185087197
0,9048211533,185076297
0,9050505931,185066759
0,9052800329,184933414
0,9055094727,184941737
0,9057389125,184949019
0,9059683523,184830391
0,9061977921,184726592
0,9064272319,184760768
0,9066566717,184790672
0,9068861115,184691838
0,9071155513,184730358
0,9073449911,184764063
0,9075744309,184668555
0,9078038707,184709985
0,9080333105,184746236
0,9187521811,184777956
0,9187565011,184805711
0,9187608211,184704997
0,9187651411,184616872
0,9187694611,184539763
0,9189217654,184597292
0,9191512052,184647630
0,9193806450,184566676
0,9196100848,184620841
0,9198395246,184668235
0,9200689644,184584705
0,9202984042,184511616
0,9205278440,184572664
0,9207572838,184626081
0,9209867236,184547820
0,9212161634,184604342
0,9214456032,184653799
0,9216750430,184572074
0,9219044828,184625564
0,9221339226,184672368
0,9223633624,184588322
0,9225928022,184514781
0,9228222420,184575433
0,9230516818,184628503
0,9232811216,184549940
0,9235105614,184606197
0,9237400012,184655422
0,9239694410,184573494
0,9241988808,184501807
0,9244283206,184564081
0,9246577604,184618570
0,9248872002,184541248
0,9251166400,184598592
0,9253460798,184648768
0,9255755196,184567672
0,9258049594,184621713
0,9260343992,184668998
0,9262638390,184585373
0,9264932788,184512201
0,9373268693,184698175
0,9373311893,184860903
0,9373355093,185003290
0,9373398293,185127878
0,9373441493,185236893
0,9373817337,185082281
0,9376111735,185071995
0,9378406133,185062995
0,9380700531,184930120
0,9382994929,184813855
0,9385289327,184837123
0,9387583725,184857482
0,9389878123,184750296
0,9392172521,184781509
0,9394466919,184808820
0,9396761317,184707717
0,9399055715,184744252
0,9401350113,184776220
0,9403644511,184679192
0,9405938909,184594293
0,9408233307,184645006
0,9410527705,184689380
0,9412822103,184603207
0,9415116501,184902806
0,9417410899,185164955
0,9419705297,185394335
0,9421999695,185470043
0,9424294093,185661287
0,9426588491,185828626
0,9428882889,185975047
0,9431177287,186103166
0,9433471685,186215270
0,9435766083,186313361
0,9438060481,186399190
0,9440354879,186474291
0,9442649277,186540004
0,9444943675,186472503
0,9447238073,186538440
0,9449532471,186596135
0,9557868376,199896618
0,9557911576,197909540
0,9557954776,196170847
0,9557997976,194649491
0,9558041176,193443304
0,9558417020,192387891
0,9560711418,191714404
0,9563005816,191125103
0,9565300214,190609465
0,9567594612,190158281
0,9569889010,189763495
0,9572183408,189418058
0,9574477806,189115800
0,9576772204,188851325
0,9579066602,188619909
0,9581361000,188417420
0,9583655398,188240242
0,9585949796,187960211
0,9588244194,187840184
0,9590538592,187735161
0,9592832990,187643265
0,9595127388,187562856
0,9597421786,187492499
0,9599716184,187430936
0,9602010582,187377069
0,9604304980,187329935
0,9606599378,187288693
0,9608893776,187252606
0,9611188174,187221030
0,9613482572,187193401
0,9615776970,187169225
0,9618071368,187148071
0,9620365766,187129562
0,9622660164,187113366
0,9624954562,186974195
0,9627248960,186977420
0,9629543358,186980242
0,9631837756,186982711
0,9634132154,186984872
0,9743615258,200361763
0,9743658458,198566542
0,9743701658,196995724
0,9743744858,195621258
0,9743788058,194418600
0,9743831258,193241275
0,9745311101,192461115
0,9747605499,191778475
0,9749899897,191056165
0,9752194295,190549144
0,9754488693,190105501
0,9756783091,189717313
0,9759077489,189377648
0,9761371887,189080442
0,9763666285,188820386
0,9765960683,188467837
0,9768255081,188284357
0,9770549479,188123812
0,9772843877,187983335
0,9775138275,187860418
0,9777432673,187752865
0,9779727071,187658756
0,9782021469,187576411
0,9784315867,187504359
0,9786610265,187441314
0,9788904663,187261149
0,9791199061,187228505
0,9793493459,187199941
0,9795787857,187174948
0,9798082255,187153079
0,9800376653,187133944
0,9802671051,187117201
0,9804965449,186977550
0,9807259847,186980356
0,9809554245,186982811
0,9811848643,186984959
0,9814143041,186986839
0,9816437439,186988484
0,9818731837,186989923
0,9821026235,186991182
0,9930509339,186992284
0,9930552539,186993248
0,9930595739,186994092
0,9930638939,186994830
0,9930682139,186995476
0,9930725339,186996041
0,9932205182,186996535
0,9934499580,186996968
0,9936793978,186997347
0,9939088376,186997678
0,9941382774,186997968
0,9943677172,186998222
0,9945971570,186873444
0,9948265968,186889263
0,9950560366,186903105
0,9952854764,186915216
0,9955149162,186925814
0,9957443560,186935087
0,9959737958,186943201
0,9962032356,186950300
0,9964326754,186956512
0,9966621152,186961948
0,9968915550,186841704
0,9971209948,186861491
0,9973504346,186878804
0,9975798744,186893953
0,9978093142,186907208
0,9980387540,186918807
0,9982681938,186928956
0,9984976336,186812836
0,9987270734,186836231
0,9989565132,186856702
0,9991859530,186874614
0,9994153928,186890287
0,9996448326,186904001
0,9998742724,186916000
0,10001037122,186926500
0,10003331520,186935687
0,10005625918,186943726
0,10007920316,186825760
0,10118550619,186972540
0,10118593819,187100972
0,10118637019,187213350
0,10118680219,187311681
0,10118723419,187397720
0,10118766619,187473005
0,10119099263,187413879
0,10121393661,187362144
0,10123688059,187316876
0,10125982457,187152266
0,10128276855,187133232
0,10130571253,187116578
0,10132865651,187102005
0,10135160049,187089254
0,10137454447,187078097
0,10139748845,187068334
0,10142043243,187059792
0,10144337641,187052318
0,10146632039,187045778
0,10148926437,186915055
0,10151220835,186925673
0,10153515233,186934963
0,10155809631,186943092
0,10158104029,186950205
0,10160398427,186956429
0,10162692825,186961875
0,10164987223,186841640
0,10167281621,186861435
0,10169576019,187128755
0,10171870417,187362660
0,10174164815,187692327
0,10176459213,187855786
0,10178753611,187998812
0,10181048009,188248960
0,10183342407,188342840
0,10185636805,188424985
0,10187931203,188496861
0,10190225601,188559753
0,10192519999,188614783
0,10194814397,188662935
0,10305444700,202330068
0,10305487900,200413809
0,10305531100,198737082
0,10305574300,197269946
0,10305617500,195986202
0,10305660700,194862926
0,10305993344,193880060
0,10308287742,193270052
0,10310582140,192736295
0,10312876538,192269258
0,10315170936,191985600
0,10317465334,191612400
0,10319759732,191285850
0,10322054130,191125118
0,10324348528,190859478
0,10326642926,190627043
0,10328937324,190423662
0,10331231722,190245704
0,10333526120,190089991
0,10335820518,189953742
0,10338114916,189959524
0,10340409314,189839583
0,10342703712,189734635
0,10344998110,189642805
0,10347292508,189562454
0,10349586906,189492147
0,10351881304,189430628
0,10354175702,189501799
0,10356470100,189439074
0,10358764498,189384189
0,10361058896,189461165
0,10363353294,189403519
0,10365647692,189353079
0,10367942090,189308944
0,10370236488,189270326
0,10372530886,189236535
0,10374825284,189206968
0,10377119682,189306097
0,10379414080,189267834
0,10381708478,189234354
0,10493485980,202955059
0,10493529180,201085676
0,10493572380,199449966
0,10493615580,198018720
0,10493658780,196766380
0,10493701980,195670582
0,10493745180,194711759
0,10495181823,194122789
0,10497476221,193482440
0,10499770619,192922135
0,10502065017,192556868
0,10504359415,192112259
0,10506653813,191723226
0,10508948211,191382822
0,10511242609,191084969
0,10513537007,190824347
0,10515831405,190596303
0,10518125803,190521765
0,10520420201,190331544
0,10522714599,190165101
0,10525008997,190144463
0,10527303395,190001405
0,10529597793,189876229
0,10531892191,189766700
0,10534186589,189795862
0,10536480987,189696379
0,10538775385,189609331
0,10541069783,189658164
0,10543364181,189575893
0,10545658579,189503906
0,10547952977,189440917
0,10550247375,189385802
0,10552541773,189337576
0,10554836171,189295379
0,10557130569,189383456
0,10559424967,189335524
0,10561719365,189293583
0,10564013763,189381885
0,10566308161,189334149
0,10568602559,189292380
0,10570896957,189255832
0,10682674459,189223853
0,10682717659,189195871
0,10682760859,189171387
0,10682804059,189149963
0,10682847259,189131217
0,10682890459,189114814
0,10682933659,189100462
0,10684370302,189087904
0,10686664700,189076916
0,10688959098,189067301
0,10691253496,189058888
0,10693547894,189051527
0,10695842292,189045086
0,10698136690,189164450
0,10700431088,189143893
0,10702725486,189125906
0,10705019884,189235167
0,10707314282,189205771
0,10709608680,189180049
0,10711903078,189157542
0,10714197476,189137849
0,10716491874,189120617
0,10718786272,189105539
0,10721080670,189217346
0,10723375068,189190177
0,10725669466,189166404
0,10727963864,189145603
0,10730258262,189127402
0,10732552660,189111476
0,10734847058,189097541
0,10737141456,189210348
0,10739435854,189184054
0,10741730252,189161047
0,10744024650,189265916
0,10746319048,189232676
0,10748613446,189203591
0,10750907844,189178142
0,10753202242,189155874
0,10755496640,189136389
0,10757791038,189119340
0,10760085436,189229422
0,10873010137,189450744
0,10873053337,189644401
0,10873096537,189813850
0,10873139737,189962118
0,10873182937,190091853
0,10873226137,190205371
0,10873269337,190304699
0,10873558781,190141611
0,10875853179,189998909
0,10878147577,189999045
0,10880441975,189874164
0,10882736373,189764893
0,10885030771,189794281
0,10887325169,189694995
0,10889619567,189608120
0,10891913965,189532105
0,10894208363,189465591
0,10896502761,189407392
0,10898797159,189356468
0,10901091557,189436909
0,10903385955,189382295
0,10905680353,189334508
0,10907974751,189292694
0,10910269149,189256107
0,10912563547,189224093
0,10914857945,189196081
0,10917152343,189296570
0,10919446741,189259498
0,10921741139,189227060
0,10924035537,189323677
0,10926329935,189283217
0,10928624333,189247814
0,10930918731,189216837
0,10933213129,189189732
0,10935507527,189166015
0,10937801925,189145263
0,10940096323,189252105
0,10942390721,189220591
0,10944685119,189193017
0,10946979517,189418889
0,10949273915,189741527
0,11062198616,203773836
0,11062241816,201927106
0,11062285016,200311217
0,11062328216,198897314
0,11062371416,197660149
0,11062414616,196577630
0,11062457816,195630426
0,11062747260,194801622
0,11065041658,194451419
0,11067336056,194144991
0,11069630454,193751867
0,11071924852,193407883
0,11074219250,193231897
0,11076513648,192952909
0,11078808046,192708795
0,11081102444,192620195
0,11083396842,192542670
0,11085691240,192349836
0,11087985638,192181106
0,11090280036,192158467
0,11092574434,192013658
0,11094868832,191886950
0,11097163230,191901081
0,11099457628,191913445
0,11101752026,191799264
0,11104046424,191824356
0,11106340822,191846311
0,11108635220,191740522
0,11110929618,191647956
0,11113224016,191691961
0,11115518414,191605465
0,11117812812,191529781
0,11120107210,191588558
0,11122401608,191639988
0,11124696006,191559989
0,11126990404,191489990
0,11129284802,191553741
0,11131579200,191484523
0,11133873598,191423957
0,11136167996,191495962
0,11138462394,191558966
0,11251387095,205364095
0,11251430295,203318583
0,11251473495,201528760
0,11251516695,199962665
0,11251559895,198592331
0,11251603095,197393289
0,11251646295,196344127
0,11251935739,195426111
0,11254230137,194997847
0,11256524535,194498116
0,11258818933,194060851
0,11261113331,193803244
0,11263407729,193577838
0,11265702127,193255608
0,11267996525,192973657
0,11270290923,192851949
0,11272585321,192620455
0,11274879719,192417898
0,11277174117,192365660
0,11279468515,192319952
0,11281762913,192154958
0,11284057311,192135588
0,11286351709,192118639
0,11288646107,191978809
0,11290940505,191856457
0,11293234903,191874399
0,11295529301,191765099
0,11297823699,191669461
0,11300118097,191710778
0,11302412495,191746930
0,11304706893,191653563
0,11307001291,191696867
0,11309295689,191734758
0,11311590087,191642913
0,11313884485,191562548
0,11316178883,191617229
0,11318473281,191665075
0,11320767679,191581940
0,11323062077,191634197
0,11325356475,191679922
0,11327650873,191594931
0,11441722773,205520564
0,11441765973,203580493
0,11441809173,201882931
0,11441852373,200397564
0,11441895573,199097868
0,11441938773,197960634
0,11441981973,196965554
0,11442025173,196219859
0,11443418616,195692376
0,11445713014,195105829
0,11448007412,194717600
0,11450301810,194377900
0,11452596208,193955662
0,11454890606,193586204
0,11457185004,193387928
0,11459479402,193214437
0,11461773800,192937632
0,11464068198,192820428
0,11466362596,192717874
0,11468656994,192503139
0,11470951392,192315246
0,11473245790,192275840
0,11475540188,192116360
0,11477834586,191976815
0,11480128984,191979713
0,11482423382,191982248
0,11484717780,191859467
0,11487012178,191877033
0,11489306576,191892403
0,11491600974,191780852
0,11493895372,191683245
0,11496189770,191722839
0,11498484168,191632484
0,11500778566,191553423
0,11503072964,191609245
0,11505367362,191658089
0,11507661760,191575827
0,11509956158,191503848
0,11512250556,191565867
0,11514544954,191495133
0,11516839352,191433241
0,11519133750,191504085
0,11633205650,191566074
0,11633248850,191620314
0,11633292050,191667774
0,11633335250,191709302
0,11633378450,191745639
0,11633421650,191777434
0,11633464850,191805254
0,11633508050,191704597
0,11634901493,191616522
0,11637195891,191664456
0,11639490289,191581399
0,11641784687,191508724
0,11644079085,191570133
0,11646373483,191623866
0,11648667881,191545882
0,11650962279,191477646
0,11653256677,191542940
0,11655551075,191475072
0,11657845473,191415688
0,11660139871,191488727
0,11662434269,191552636
0,11664728667,191483556
0,11667023065,191548111
0,11669317463,191604597
0,11671611861,191529022
0,11673906259,191462894
0,11676200657,191530032
0,11678495055,191463778
0,11680789453,191405805
0,11683083851,191480079
0,11685378249,191545069
0,11687672647,191476935
0,11689967045,191417318
0,11692261443,191490153
0,11694555841,191428883
0,11696850239,191375272
0,11699144637,191453363
0,11701439035,191521692
0,11703733433,191456480
0,11706027831,191524420
0,11708322229,191583867
0,11710616627,191510883
0,11825835726,191572022
0,11825878926,191625519
0,11825922126,191672329
0,11825965326,191713287
0,11826008526,191874126
0,11826051726,192014860
0,11826094926,192138002
0,11826138126,192245751
0,11826384370,192340032
0,11828678768,192547528
0,11830973166,192604087
0,11833267564,192778576
0,11835561962,192931254
0,11837856360,192939847
0,11840150758,193072366
0,11842445156,193188320
0,11844739554,193289780
0,11847033952,193378557
0,11849328350,193456237
0,11851622748,193524207
0,11853917146,193458681
0,11856211544,193526345
0,11858505942,193585551
0,11860800340,193512357
0,11863094738,193573312
0,11865389136,193626648
0,11867683534,193673317
0,11869977932,193589152
0,11872272330,193640508
0,11874566728,193685444
0,11876861126,193599763
0,11879155524,193649792
0,11881449922,193693568
0,11883744320,193731872
0,11886038718,193765388
0,11888333116,193794714
0,11890627514,193820374
0,11892921912,193717827
0,11895216310,193753098
0,11897510708,193783960
0,11899805106,193685965
0,11902099504,193725219
0,12017318603,207884566
0,12017361803,205898995
0,12017405003,204161620
0,12017448203,202641417
0,12017491403,201311239
0,12017534603,200022334
0,12017577803,198894542
0,12017621003,197907724
0,12017867247,197044258
0,12020161645,196663725
0,12022456043,196330759
0,12024750441,196039414
0,12027044839,195784487
0,12029339237,195561426
0,12031633635,195366247
0,12033928033,195070466
0,12036222431,194936657
0,12038516829,194819574
0,12040811227,194592127
0,12043105625,194518111
0,12045400023,194453347
0,12047694421,194396678
0,12049988819,194222093
0,12052283217,194194331
0,12054577615,194170039
0,12056872013,194023784
0,12059166411,194020811
0,12061460809,194018209
0,12063755207,194015932
0,12066049605,194013940
0,12068344003,194012197
0,12070638401,194010672
0,12072932799,193884338
0,12075227197,193898795
0,12077521595,193911445
0,12079815993,193797514
0,12082110391,193822824
0,12084404789,193844971
0,12086699187,193864349
0,12088993585,193756305
0,12091287983,193786766
0,12093582381,193813420
0,12209948679,207961742
0,12209991879,205966524
0,12210035079,204345708
0,12210078279,202927494
0,12210121479,201686557
0,12210164679,200600737
0,12210207879,199650644
0,12210251079,198819313
0,12210294279,198091898
0,12211644522,197580410
0,12213938920,197007858
0,12216233318,196631875
0,12218527716,196302890
0,12220822114,195890028
0,12223116512,195653774
0,12225410910,195447052
0,12227705308,195266170
0,12229999706,194982898
0,12232294104,194860035
0,12234588502,194752530
0,12236882900,194533463
0,12239177298,194466780
0,12241471696,194408432
0,12243766094,194357378
0,12246060492,194312705
0,12248354890,194273616
0,12250649288,194239414
0,12252943686,194084487
0,12255238084,194073926
0,12257532482,194064685
0,12259826880,193931599
0,12262121278,193940149
0,12264415676,193947630
0,12266710074,193954176
0,12269004472,193959904
0,12271298870,193964916
0,12273593268,193969301
0,12275887666,193848138
0,12278182064,193867120
0,12280476462,193883730
0,12282770860,193898263
0,12285065258,193910980
0,12287359656,193922107
0,12403725954,193931843
0,12403769154,193940362
0,12403812354,193822816
0,12403855554,193719964
0,12403898754,193629968
0,12403941954,193551222
0,12403985154,193482319
0,12404028354,193547029
0,12404071554,193603650
0,12405421797,193653193
0,12407716195,193696543
0,12410010593,193734475
0,12412304991,193767665
0,12414599389,193796706
0,12416893787,193697117
0,12419188185,193734977
0,12421482583,193768104
0,12423776981,193797091
0,12426071379,193822454
0,12428365777,193844647
0,12430660175,193864066
0,12432954573,193756057
0,12435248971,193786549
0,12437543369,193813230
0,12439837767,193711576
0,12442132165,193747629
0,12444426563,193779175
0,12446720961,193806778
0,12449015359,193830930
0,12451309757,193852063
0,12453604155,193870555
0,12455898553,193761735
0,12458192951,193791518
0,12460487349,193817578
0,12462781747,193715380
0,12465076145,193750957
0,12467370543,193782087
0,12469664941,193809326
0,12471959339,193708160
0,12474253737,193744640
0,12476548135,193776560
0,12478842533,193679490
0,12481136931,193719553
0,12598650428,193879608
0,12598693628,194019657
0,12598736828,194142199
0,12598780028,194249424
0,12598823228,194343246
0,12598866428,194425340
0,12598909628,194497172
0,12598952828,194435025
0,12598996028,194380646
0,12599199072,194333065
0,12601493470,194291431
0,12603787868,194130002
0,12606082266,194113751
0,12608376664,194349532
0,12610671062,194555840
0,12612965460,194736360
0,12615259858,194894315
0,12617554256,195032525
0,12619848654,195153459
0,12622143052,195259276
0,12624437450,195351866
0,12626731848,195432882
0,12629026246,195628771
0,12631320644,195675174
0,12633615042,195715777
0,12635909440,195751304
0,12638203838,195782391
0,12640498236,195809592
0,12642792634,195833393
0,12645087032,195854218
0,12647381430,195872440
0,12649675828,195888385
0,12651970226,195902336
0,12654264624,195914544
0,12656559022,195925226
0,12658853420,195934572
0,12661147818,195942750
0,12663442216,195949906
0,12665736614,195956167
0,12668031012,196086646
0,12670325410,196075815
0,12672619808,196066338
0,12674914206,196058045
0,12792427703,210425789
0,12792470903,208372565
0,12792514103,206575994
0,12792557303,205003994
0,12792600503,203628494
0,12792643703,202424932
0,12792686903,201371815
0,12792730103,200450338
0,12792773303,199644045
0,12792976347,198938539
0,12795270745,198571221
0,12797565143,198249818
0,12799859541,197968590
0,12802153939,197722516
0,12804448337,197507201
0,12806742735,197318800
0,12809037133,197278950
0,12811331531,197119081
0,12813625929,196979195
0,12815920327,196856795
0,12818214725,196749695
0,12820509123,196655983
0,12822803521,196573985
0,12825097919,196502236
0,12827392317,196439456
0,12829686715,196384524
0,12831981113,196336458
0,12834275511,196294400
0,12836569909,196257600
0,12838864307,196225400
0,12841158705,196197225
0,12843453103,196172571
0,12845747501,196150999
0,12848041899,196257124
0,12850336297,196224983
0,12852630695,196196860
0,12854925093,196172252
0,12857219491,196150720
0,12859513889,196131880
0,12861808287,196115395
0,12864102685,196100970
0,12866397083,196088348
0,12868691481,196077304
0,12987352177,210692641
0,12987395377,208731060
0,12987438577,207014677
0,12987481777,205512842
0,12987524977,204198736
0,12987568177,203048894
0,12987611377,202042782
0,12987654577,201162434
0,12987697777,200392129
0,12987740977,199718112
0,12989048020,199378348
0,12991342418,198956054
0,12993636816,198586547
0,12995931214,198263228
0,12998225612,197980324
0,13000520010,197732783
0,13002814408,197516185
0,13005108806,197326661
0,13007403204,197160828
0,13009697602,197015724
0,13011992000,196888758
0,13014286398,196777663
0,13016580796,196680455
0,13018875194,196595398
0,13021169592,196520973
0,13023463990,196455851
0,13025758388,196398869
0,13028052786,196474010
0,13030347184,196414758
0,13032641582,196362913
0,13034935980,196317548
0,13037230378,196277854
0,13039524776,196243122
0,13041819174,196212731
0,13044113572,196186139
0,13046407970,196162871
0,13048702368,196142512
0,13050996766,196124698
0,13053291164,196109110
0,13055585562,196095471
0,13057879960,196083537
0,13060174358,196073094
0,13062468756,196063957
0,13064763154,196055962
0,13183423850,196048966
0,13183467050,196042845
0,13183510250,196037489
0,13183553450,196032802
0,13183596650,196028701
0,13183639850,196025113
0,13183683050,196021973
0,13183726250,196019226
0,13183769450,196016822
0,13183812650,196014719
0,13185119693,196012879
0,13187414091,196011269
0,13189708489,196009860
0,13192002887,196133627
0,13194297285,196116923
0,13196591683,196102307
0,13198886081,196089518
0,13201180479,196078328
0,13203474877,196068537
0,13205769275,196059969
0,13208063673,196177472
0,13210358071,196155288
0,13212652469,196135877
0,13214946867,196118892
0,13217241265,196104030
0,13219535663,196091026
0,13221830061,196079647
0,13224124459,196069691
0,13226418857,196060979
0,13228713255,196053356
0,13231007653,196171686
0,13233302051,196150225
0,13235596449,196131446
0,13237890847,196115015
0,13240185245,196100638
0,13242479643,196088058
0,13244774041,196077050
0,13247068439,196192418
0,13249362837,196168365
0,13251657235,196147319
0,13253951633,196128904
0,13256246031,196112791
0,13258540429,196098692
0,13260834827,196086355
0,13380642722,196200560
0,13380685922,196300490
0,13380729122,196387928
0,13380772322,196464437
0,13380815522,196531382
0,13380858722,196589959
0,13380901922,196641214
0,13380945122,196686062
0,13380988322,196725304
0,13381031522,196884641
0,13381191366,196774060
0,13383485764,196677302
0,13385780162,196592639
0,13388074560,196518559
0,13390368958,196453739
0,13392663356,196397021
0,13394957754,196347393
0,13397252152,196303968
0,13399546550,196265972
0,13401840948,196232725
0,13404135346,196203634
0,13406429744,196178179
0,13408724142,196155906
0,13411018540,196261417
0,13413312938,196603739
0,13415607336,196778271
0,13417901734,196930987
0,13420196132,197189613
0,13422490530,197290911
0,13424784928,197379547
0,13427079326,197582103
0,13429373724,197634340
0,13431668122,197680047
0,13433962520,197720041
0,13436256918,197880035
0,13438551316,197895030
0,13440845714,197908151
0,13443140112,198044632
0,13445434510,198039053
0,13447728908,198034171
0,13450023306,198154899
0,13452317704,198260536
0,13454612102,198227969
0,13456906500,198199472
0,13576714395,212924538
0,13576757595,210808970
0,13576800795,208957848
0,13576843995,207338117
0,13576887195,205920852
0,13576930395,204680745
0,13576973595,203595651
0,13577016795,202771194
0,13577059995,202049794
0,13577103195,201418569
0,13577263039,200741247
0,13579557437,200398591
0,13581851835,200098767
0,13584146233,199961421
0,13586440631,199716243
0,13588735029,199501712
0,13591029427,199438998
0,13593323825,199384123
0,13595618223,199211107
0,13597912621,199059718
0,13600207019,199052253
0,13602501417,198920721
0,13604795815,198805630
0,13607090213,198829926
0,13609384611,198726185
0,13611679009,198635411
0,13613973407,198555984
0,13616267805,198611486
0,13618562203,198535050
0,13620856601,198468168
0,13623150999,198534647
0,13625445397,198467816
0,13627739795,198409339
0,13630034193,198483171
0,13632328591,198547774
0,13634622989,198479302
0,13636917387,198419389
0,13639211785,198491965
0,13641506183,198430469
0,13643800581,198376660
0,13646094979,198454577
0,13648389377,198397754
0,13650683775,198348034
0,13652978173,198304529
0,13773933267,213141462
0,13773976467,211123779
0,13774019667,209483306
0,13774062867,208047892
0,13774106067,206791905
0,13774149267,205692916
0,13774192467,204731301
0,13774235667,203889888
0,13774278867,203028652
0,13774322067,202275070
0,13774365267,201615686
0,13775629110,201163725
0,13777923508,200768259
0,13780217906,200547226
0,13782512304,200228822
0,13784806702,199950219
0,13787101100,199831441
0,13789395498,199602510
0,13791689896,199402196
0,13793984294,199226921
0,13796278692,199198555
0,13798573090,199048735
0,13800867488,198917643
0,13803161886,198927937
0,13805456284,198811944
0,13807750682,198710451
0,13810045080,198746644
0,13812339478,198778313
0,13814633876,198681023
0,13816928274,198595895
0,13819222672,198646408
0,13821517070,198565607
0,13823811468,198494906
0,13826105866,198558042
0,13828400264,198488286
0,13830694662,198427250
0,13832989060,198373843
0,13835283458,198452112
0,13837577856,198395598
0,13839872254,198346148
0,13842166652,198427879
0,13844461050,198374394
0,13846755448,198327594
0,13849049846,198411644
0,13851344244,198485188
0,13972299338,198549539
0,13972342538,198605846
0,13972385738,198530115
0,13972428938,198463850
0,13972472138,198405868
0,13972515338,198355134
0,13972558538,198310742
0,13972601738,198271899
0,13972644938,198237911
0,13972688138,198208172
0,13972731338,198182150
0,13973995181,198159381
0,13976289579,198264458
0,13978583977,198231400
0,13980878375,198202475
0,13983172773,198302165
0,13985467171,198264394
0,13987761569,198231344
0,13990055967,198327426
0,13992350365,198411497
0,13994644763,198360059
0,13996939161,198315051
0,13999233559,198400669
0,14001527957,198350585
0,14003822355,198306761
0,14006116753,198393415
0,14008411151,198344238
0,14010705549,198301208
0,14012999947,198263557
0,14015294345,198355612
0,14017588743,198311160
0,14019883141,198272265
0,14022177539,198363231
0,14024471937,198317827
0,14026766335,198278098
0,14029060733,198368335
0,14031355131,198447293
0,14033649529,198391381
0,14035943927,198342458
0,14038238325,198424650
0,14040532723,198371568
0,14042827121,198325122
0,14045121519,198409481
0,14047415917,198358295
0,14049710315,198313508
0,14171812608,198399319
0,14171855808,198474404
0,14171899008,198540103
0,14171942208,198597590
0,14171985408,198647891
0,14172028608,198816904
0,14172071808,198964791
0,14172115008,199094192
0,14172158208,199207418
0,14172201408,199306490
0,14172244608,199393178
0,14172361252,199344030
0,14174655650,199176026
0,14176950048,199029022
0,14179244446,199025394
0,14181538844,198897219
0,14183833242,198785066
0,14186127640,198811932
0,14188422038,198710440
0,14190716436,198621635
0,14193010834,198668930
0,14195305232,198710313
0,14197599630,198621523
0,14199894028,198543832
0,14202188426,198600853
0,14204482824,198525746
0,14206777222,198460027
0,14209071620,198527523
0,14211366018,198586582
0,14213660416,198513259
0,14215954814,198449101
0,14218249212,198767963
0,14220543610,199046967
0,14222838008,199166096
0,14225132406,199395334
0,14227426804,199595917
0,14229721202,199646427
0,14232015600,199815623
0,14234309998,199963670
0,14236604396,200093211
0,14238898794,200081559
0,14241193192,200196364
0,14243487590,200296818
0,14245781988,200259715
0,14248076386,200352250
0,14370178679,215433218
0,14370221879,213379065
0,14370265079,211581681
0,14370308279,210008970
0,14370351479,208632848
0,14370394679,207428742
0,14370437879,206250149
0,14370481079,205218880
0,14370524279,204316520
0,14370567479,203526955
0,14370610679,202836085
0,14370727323,202231574
0,14373021721,202077627
0,14375316119,201942923
0,14377610517,201825057
0,14379904915,201596924
0,14382199313,201522308
0,14384493711,201457019
0,14386788109,201274891
0,14389082507,201240529
0,14391376905,201210462
0,14393671303,201059154
0,14395965701,200926759
0,14398260099,200935914
0,14400554497,200943924
0,14402848895,200825933
0,14405143293,200847691
0,14407437691,200866729
0,14409732089,200758387
0,14412026487,200788588
0,14414320885,200815014
0,14416615283,200838137
0,14418909681,200733369
0,14421204079,200766697
0,14423498477,200795859
0,14425792875,200696376
0,14428087273,200734329
0,14430381671,200767537
0,14432676069,200671594
0,14434970467,200587644
0,14437264865,200639188
0,14439559263,200684289
0,14441853661,200598752
0,14444148059,200648908
0,14446442457,200692794
0,14569691949,215731194
0,14569735149,213639794
0,14569778349,211809819
0,14569821549,210208591
0,14569864749,208807517
0,14569907949,207581577
0,14569951149,206508879
0,14569994349,205570269
0,14570037549,204873985
0,14570080749,204264736
0,14570123949,203731644
0,14570167149,203265188
0,14571387792,202982039
0,14573682190,202609284
0,14575976588,202283123
0,14578270986,202122732
0,14580565384,201982390
0,14582859782,201734591
0,14585154180,201642767
0,14587448578,201562421
0,14589742976,201367118
0,14592037374,201321228
0,14594331772,201281074
0,14596626170,201245939
0,14598920568,201090196
0,14601214966,201078921
0,14603509364,201069055
0,14605803762,200935423
0,14608098160,200943495
0,14610392558,200950558
0,14612686956,200831738
0,14614981354,200727770
0,14617275752,200761798
0,14619570150,200791573
0,14621864548,200692626
0,14624158946,200731047
0,14626453344,200764666
0,14628747742,200669082
0,14631042140,200710446
0,14633336538,200746640
0,14635630936,200778310
0,14637925334,200681021
0,14640219732,200720893
0,14642514130,200755781
0,14644808528,200661308
0,14647102926,200703644
0,14770352418,200740688
0,14770395618,200773102
0,14770438818,200801464
0,14770482018,200826281
0,14770525218,200847995
0,14770568418,200866995
0,14770611618,200883620
0,14770654818,200898167
0,14770698018,200785896
0,14770741218,200687659
0,14770784418,200601701
0,14770827618,200526488
0,14772048261,200585677
0,14774342659,200637467
0,14776637057,200682783
0,14778931455,200597435
0,14781225853,200647755
0,14783520251,200691785
0,14785814649,200605311
0,14788109047,200654647
0,14790403445,200697816
0,14792697843,200610589
0,14794992241,200534265
0,14797286639,200592481
0,14799581037,200643420
0,14801875435,200562992
0,14804169833,200617618
0,14806464231,200665415
0,14808758629,200582238
0,14811053027,200634458
0,14813347425,200680150
0,14815641823,200720131
0,14817936221,200630114
0,14820230619,200676349
0,14822525017,200716805
0,14824819415,200627204
0,14827113813,200673803
0,14829408211,200714577
0,14831702609,200625254
0,14833997007,200547097
0,14836291405,200603709
0,14838585803,200653245
0,14840880201,200571589
0,14843174599,200625140
0,14845468997,200671997
0,14847763395,200587997
0,14972160086,200764497
0,14972203286,200918934
0,14972246486,201054067
0,14972289686,201172308
0,14972332886,201275769
0,14972376086,201366297
0,14972419286,201445509
0,14972462486,201514820
0,14972505686,201575467
0,14972548886,201628533
0,14972592086,201674966
0,14972635286,201715595
0,14972708730,201501145
0,14975003128,201438501
0,14977297526,201383688
0,14979591924,201335727
0,14981886322,201168761
0,14984180720,201147665
0,14986475118,201129206
0,14988769516,200988055
0,14991063914,200989548
0,14993358312,200990854
0,14995652710,200991997
0,14997947108,200867997
0,15000241506,200884497
0,15002535904,200898934
0,15004830302,200786567
0,15007124700,200813246
0,15009419098,200836590
0,15011713496,200732016
0,15014007894,200765514
0,15016302292,200794824
0,15018596690,200820471
0,15020891088,200717912
0,15023185486,200753173
0,15025479884,200784026
0,15027774282,200686022
0,15030068680,200725269
0,15032363078,200759610
0,15034657476,200789658
0,15036951874,200690950
0,15039246272,200979581
0,15041540670,201232133
0,15043835068,201453116
0,15046129466,201646476
0,15048423864,201815666
0,15172820555,217213707
0,15172863755,215061993
0,15172906955,213179243
0,15172950155,211531837
0,15172993355,210090357
0,15173036555,208954062
0,15173079755,207959804
0,15173122955,207089828
0,15173166155,206328599
0,15173209355,205662524
0,15173252555,205079708
0,15173295755,204569744
0,15173369199,204123526
0,15175663597,203983085
0,15177957995,203735199
0,15180252393,203643299
0,15182546791,203562886
0,15184841189,203492525
0,15187135587,203430959
0,15189429985,203377089
0,15191724383,203329952
0,15194018781,203288708
0,15196313179,203252619
0,15198607577,203221041
0,15200901975,203193410
0,15203196373,203169233
0,15205490771,203148078
0,15207785169,203129568
0,15210079567,203113372
0,15212373965,203099200
0,15214668363,203086800
0,15216962761,202950950
0,15219257159,202957081
0,15221551557,202962445
0,15223845955,202967139
0,15226140353,202971246
0,15228434751,202974840
0,15230729149,202977985
0,15233023547,202980736
0,15235317945,202983144
0,15237612343,202985251
0,15239906741,202987094
0,15242201139,202988707
0,15244495537,202990118
0,15246789935,202991353
0,15249084333,202992433
0,15373481024,218243378
0,15373524224,216087955
0,15373567424,214201960
0,15373610624,212551715
0,15373653824,211107750
0,15373697024,209844281
0,15373740224,208613745
0,15373783424,207537026
0,15373826624,206594897
0,15373869824,205770534
0,15373913024,205049217
0,15373956224,204418064
0,15374029668,203990806
0,15376324066,203866955
0,15378618464,203758585
0,15380912862,203663761
0,15383207260,203580790
0,15385501658,203508191
0,15387796056,203444667
0,15390090454,203389083
0,15392384852,203340447
0,15394679250,203297891
0,15396973648,203135654
0,15399268046,203118697
0,15401562444,203103859
0,15403856842,203090876
0,15406151240,203079516
0,15408445638,203069576
0,15410740036,203060879
0,15413034434,203053269
0,15415328832,203046610
0,15417623230,203040783
0,15419917628,203035685
0,15422212026,203031224
0,15424506424,203027321
0,15426800822,203023905
0,15429095220,203020916
0,15431389618,203018301
0,15433684016,203016013
0,15435978414,202889011
0,15438272812,202902884
0,15440567210,202915023
0,15442861608,202925645
0,15445156006,202934939
0,15447450404,202943071
0,15449744802,202950187
0,15575288692,218331413
0,15575331892,216289986
0,15575375092,214503737
0,15575418292,212940769
0,15575461492,211573172
0,15575504692,210376525
0,15575547892,209329459
0,15575591092,208413276
0,15575634292,207611616
0,15575677492,206910164
0,15575720692,206296393
0,15575763892,205759343
0,15575807092,205289425
0,15576984535,204878246
0,15579278933,204643465
0,15581573331,204438031
0,15583867729,204258277
0,15586162127,204100992
0,15588456525,203963368
0,15590750923,203842947
0,15593045321,203737578
0,15595339719,203645380
0,15597634117,203564707
0,15599928515,203494118
0,15602222913,203432353
0,15604517311,203378308
0,15606811709,203331019
0,15609106107,203289641
0,15611400505,203253435
0,15613694903,203221755
0,15615989301,203069035
0,15618283699,203060405
0,15620578097,203052854
0,15622872495,203046247
0,15625166893,203040466
0,15627461291,203035407
0,15629755689,203030981
0,15632050087,203027108
0,15634344485,203023719
0,15636638883,203020754
0,15638933281,203018159
0,15641227679,203015889
0,15643522077,203013902
0,15645816475,203012164
0,15648110873,203010643
0,15650405271,203009312
0,15652699669,203008148
0,15778243559,203007129
0,15778286759,203006237
0,15778329959,203005457
0,15778373159,203004774
0,15778416359,203004177
0,15778459559,203003654
0,15778502759,203003197
0,15778545959,203002797
0,15778589159,203002447
0,15778632359,203002141
0,15778675559,203001873
0,15778718759,203001638
0,15778761959,203001433
0,15779939402,203001253
0,15782233800,203001096
0,15784528198,203000959
0,15786822596,203000839
0,15789116994,203000734
0,15791411392,203000642
0,15793705790,203000561
0,15796000188,203000490
0,15798294586,203000428
0,15800588984,203000374
0,15802883382,203000327
0,15805177780,203000286
0,15807472178,203000250
0,15809766576,203000218
0,15812060974,203000190
0,15814355372,203000166
0,15816649770,203000145
0,15818944168,203000126
0,15821238566,203000110
0,15823532964,203000096
0,15825827362,203000084
0,15828121760,203000073
0,15830416158,203000063
0,15832710556,203000055
0,15835004954,203000048
0,15837299352,203000042
0,15839593750,203000036
0,15841888148,203000031
0,15844182546,203000027
0,15846476944,203000023
0,15848771342,203000020
0,15851065740,203000017
0,15853360138,203000014
0,15855654536,203000012
0,15982345625,203125010
0,15982388825,203234383
0,15982432025,203330085
0,15982475225,203413824
0,15982518425,203487096
0,15982561625,203551209
0,15982604825,203607307
0,15982648025,203656393
0,15982691225,203699343
0,15982734425,203736925
0,15982777625,203769809
0,15982820825,203798582
0,15982864025,203823759
0,15982907225,203845789
0,15985188667,204115065
0,15987483065,204225681
0,15989777463,204322470
0,15992071861,204532161
0,15994366259,204590640
0,15996660657,204641810
0,15998955055,204686583
0,16001249453,204725760
0,16003543851,204760040
0,16005838249,204790035
0,16008132647,204941280
0,16010427045,204948620
0,16012721443,204955042
0,16015015841,205085661
0,16017310239,205074953
0,16019604637,205065583
0,16021899035,205057385
0,16024193433,205175211
0,16026487831,205153309
0,16028782229,205134145
0,16031076627,205242376
0,16033371025,205212079
0,16035665423,205185569
0,16037959821,205162372
0,16040254219,205142075
0,16042548617,205124315
0,16044843015,205108775
0,16047137413,205220178
0,16049431811,205192655
0,16051726209,205168573
0,16054020607,205272501
0,16056315005,205238438
0,16058609403,205208633
0,16185300492,220807553
0,16185343692,218581608
0,16185386892,216633907
0,16185430092,214929668
0,16185473292,213438459
0,16185516492,212133651
0,16185559692,210991944
0,16185602892,209992951
0,16185646092,209118832
0,16185689292,208353978
0,16185732492,207684730
0,16185775692,207099138
0,16185818892,206586745
0,16185862092,206138401
0,16188143534,206121100
0,16190437932,205980962
0,16192732330,205858341
0,16195026728,205876048
0,16197321126,205766542
0,16199615524,205670724
0,16201909922,205586883
0,16204204320,205638522
0,16206498718,205558706
0,16208793116,205488867
0,16211087514,205552758
0,16213381912,205483663
0,16215676310,205423205
0,16217970708,205370304
0,16220265106,205324016
0,16222559504,205283514
0,16224853902,205248074
0,16227148300,205342064
0,16229442698,205299306
0,16231737096,205261892
0,16234031494,205354155
0,16236325892,205309885
0,16238620290,205271149
0,16240914688,205237255
0,16243209086,205332598
0,16245503484,205291023
0,16247797882,205254645
0,16250092280,205347814
0,16252386678,205304337
0,16254681076,205266294
0,16256975474,205233007
0,16259269872,205203881
0,16261564270,205178395
0,16389402558,220906095
0,16389445758,218792833
0,16389488958,216943728
0,16389532158,215325762
0,16389575358,213910041
0,16389618558,212671285
0,16389661758,211587374
0,16389704958,210638952
0,16389748158,209809083
0,16389791358,209082947
0,16389834558,208447578
0,16389877758,207891630
0,16389920958,207405176
0,16389964158,206979529
0,16391098401,206857087
0,16393392799,206624951
0,16395687197,206421832
0,16397981595,206244103
0,16400275993,206088590
0,16402570391,205952516
0,16404864789,205833451
0,16407159187,205854269
0,16409453585,205747485
0,16411747983,205654049
0,16414042381,205697292
0,16416336779,205610130
0,16418631177,205533863
0,16420925575,205467130
0,16423219973,205533738
0,16425514371,205467020
0,16427808769,205408642
0,16430103167,205482561
0,16432397565,205422240
0,16434691963,205369460
0,16436986361,205323277
0,16439280759,205282867
0,16441575157,205247508
0,16443869555,205216569
0,16446163953,205314497
0,16448458351,205275184
0,16450752749,205240786
0,16453047147,205335687
0,16455341545,205293726
0,16457635943,205257010
0,16459930341,205224883
0,16462224739,205321772
0,16464519137,205281550
0,16466813535,205246356
0,16594651823,205215561
0,16594695023,205188615
0,16594738223,205165038
0,16594781423,205144408
0,16594824623,205126357
0,16594867823,205110562
0,16594911023,205096741
0,16594954223,205084648
0,16594997423,205074067
0,16595040623,205189808
0,16595083823,205291082
0,16595127023,205379696
0,16595170223,205457234
0,16595213423,205525079
0,16596347666,205459444
0,16598642064,205402013
0,16600936462,205351761
0,16603230860,205432790
0,16605525258,205378691
0,16607819656,205331354
0,16610114054,205414934
0,16612408452,205363067
0,16614702850,205317683
0,16616997248,205277972
0,16619291646,205243225
0,16621586044,205212821
0,16623880442,205186218
0,16626174840,205287940
0,16628469238,205251947
0,16630763636,205220453
0,16633058034,205317896
0,16635352432,205278159
0,16637646830,205243389
0,16639941228,205212965
0,16642235626,205311344
0,16644530024,205272426
0,16646824422,205238372
0,16649118820,205333575
0,16651413218,205291878
0,16653707616,205255393
0,16656002014,205348468
0,16658296412,205304909
0,16660590810,205266795
0,16662885208,205233445
0,16665179606,205329264
0,16667474004,205288106
0,16669768402,205252092
0,16672062800,205345580
0,16801048287,205552382
0,16801091487,205733334
0,16801134687,205891667
0,16801177887,206030208
0,16801221087,206151432
0,16801264287,206257503
0,16801307487,206350315
0,16801350687,206431525
0,16801393887,206502584
0,16801437087,206439761
0,16801480287,206384790
0,16801523487,206336691
0,16801566687,206294604
0,16801609887,206257778
0,16801653087,206100555
0,16803891329,206212985
0,16806185727,206436361
0,16808480125,206631815
0,16810774523,206677838
0,16813068921,206843108
0,16815363319,206987719
0,16817657717,206989254
0,16819952115,206990597
0,16822246513,207116772
0,16824540911,207227175
0,16826835309,207198778
0,16829129707,207298930
0,16831424105,207386563
0,16833718503,207338242
0,16836012901,207420961
0,16838307299,207493340
0,16840601697,207431672
0,16842896095,207377713
0,16845190493,207455498
0,16847484891,207523560
0,16849779289,207458115
0,16852073687,207525850
0,16854368085,207585118
0,16856662483,207511978
0,16858956881,207447980
0,16861251279,207516982
0,16863545677,207452359
0,16865840075,207395814
0,16868134473,207471337
0,16870428871,207537419
0,16872723269,207470241
0,16875017667,207536460
0,16877312065,207594402
0,17006297552,223395101
0,17006340752,221095713
0,17006383952,219083748
0,17006427152,217323279
0,17006470352,215782869
0,17006513552,214435010
0,17006556752,213255633
0,17006599952,212223678
0,17006643152,211320718
0,17006686352,210530628
0,17006729552,209839299
0,17006772752,209234386
0,17006815952,208705087
0,17006859152,208241951
0,17006902352,207836707
0,17009140594,207857118
0,17011434992,207874978
0,17013729390,207765605
0,17016023788,207794904
0,17018318186,207820541
0,17020612584,207717973
0,17022906982,207628226
0,17025201380,207674697
0,17027495778,207715359
0,17029790176,207625939
0,17032084574,207672696
0,17034378972,207713609
0,17036673370,207624407
0,17038967768,207546356
0,17041262166,207603061
0,17043556564,207527678
0,17045850962,207461718
0,17048145360,207529003
0,17050439758,207587877
0,17052734156,207514392
0,17055028554,207575093
0,17057322952,207628206
0,17059617350,207549680
0,17061911748,207480970
0,17064206146,207545848
0,17066500544,207602617
0,17068794942,207527289
0,17071089340,207586377
0,17073383738,207638079
0,17075678136,207558319
0,17077972534,207488529
0,17080266932,207552462
0,17082561330,207483404
0,17212694016,223422978
0,17212737216,221245105
0,17212780416,219339466
0,17212823616,217672032
0,17212866816,216213028
0,17212910016,214936399
0,17212953216,213819349
0,17212996416,212841930
0,17213039616,212111688
0,17213082816,211472727
0,17213126016,210913636
0,17213169216,210424431
0,17213212416,209996377
0,17213255616,209621829
0,17213298816,209294100
0,17214389859,209132337
0,17216684257,208865794
0,17218978655,208632569
0,17221273053,208553497
0,17223567451,208359309
0,17225861849,208189395
0,17228156247,208165720
0,17230450645,208145005
0,17232745043,208001879
0,17235039441,208001644
0,17237333839,208001438
0,17239628237,207876258
0,17241922635,207766725
0,17244217033,207795884
0,17246511431,207821398
0,17248805829,207718723
0,17251100227,207753882
0,17253394625,207784646
0,17255689023,207686565
0,17257983421,207600744
0,17260277819,207650651
0,17262572217,207569319
0,17264866615,207498154
0,17267161013,207560884
0,17269455411,207615773
0,17271749809,207538801
0,17274044207,207596450
0,17276338605,207646893
0,17278633003,207566031
0,17280927401,207495277
0,17283221799,207558367
0,17285516197,207613571
0,17287810595,207536874
0,17290104993,207594764
0,17420237679,207645418
0,17420280879,207689740
0,17420324079,207728522
0,17420367279,207762456
0,17420410479,207792149
0,17420453679,207818130
0,17420496879,207840863
0,17420540079,207860755
0,17420583279,207753160
0,17420626479,207659015
0,17420669679,207576638
0,17420712879,207504558
0,17420756079,207441488
0,17420799279,207386302
0,17420842479,207338014
0,17421933522,207295762
0,17424227920,207383791
0,17426522318,207460817
0,17428816716,207403214
0,17431111114,207477812
0,17433405512,207543085
0,17435699910,207475199
0,17437994308,207415799
0,17440288706,207488824
0,17442583104,207427721
0,17444877502,207374255
0,17447171900,207452473
0,17449466298,207520913
0,17451760696,207455798
0,17454055094,207523823
0,17456349492,207583345
0,17458643890,207510426
0,17460938288,207446622
0,17463232686,207515794
0,17465527084,207576319
0,17467821482,207504279
0,17470115880,207566244
0,17472410278,207620463
0,17474704676,207542905
0,17476999074,207475041
0,17479293472,207540660
0,17481587870,207473077
0,17483882268,207413942
0,17486176666,207487199
0,17488471064,207551299
0,17490765462,207482386
0,17493059860,207547087
0,17495354258,207603701
0,17497648656,207528238
0,17628928541,207587208
0,17628971741,207638807
0,17629014941,207808956
0,17629058141,207957836
0,17629101341,208088106
0,17629144541,208202092
0,17629187741,208301830
0,17629230941,208389101
0,17629274141,208465463
0,17629317341,208532280
0,17629360541,208590745
0,17629403741,208641901
0,17629446941,208686663
0,17629490141,208725830
0,17629533341,208760101
0,17629576541,208665088
0,17631771583,208456952
0,17634065981,208399833
0,17636360379,208349853
0,17638654777,208181121
0,17640949175,208033480
0,17643243573,208029295
0,17645537971,208025633
0,17647832369,208272428
0,17650126767,208488374
0,17652421165,208677327
0,17654715563,208842661
0,17657009961,208987328
0,17659304359,209113912
0,17661598757,209224673
0,17663893155,209196588
0,17666187553,209297014
0,17668481951,209384887
0,17670776349,209461776
0,17673070747,209529054
0,17675365145,209587922
0,17677659543,209639431
0,17679953941,209559502
0,17682248339,209614564
0,17684542737,209662743
0,17686837135,209704900
0,17689131533,209741787
0,17691425931,209774063
0,17693720329,209802305
0,17696014727,209827016
0,17698309125,209848639
0,17700603523,209867559
0,17702897921,209759114
0,17705192319,209789224
0,17836472204,225940571
0,17836515404,223697999
0,17836558604,221735749
0,17836601804,219893780
0,17836645004,218282057
0,17836688204,216871799
0,17836731404,215637824
0,17836774604,214558096
0,17836817804,213613334
0,17836861004,212786667
0,17836904204,212063333
0,17836947404,211430416
0,17836990604,210876614
0,17837033804,210517037
0,17837077004,210202407
0,17837120204,209927106
0,17839315246,209936217
0,17841609644,209944189
0,17843904042,209826165
0,17846198440,209847894
0,17848492838,209866907
0,17850787236,209883543
0,17853081634,209898100
0,17855376032,209910837
0,17857670430,209921982
0,17859964828,209806734
0,17862259226,209830892
0,17864553624,209852030
0,17866848022,209745526
0,17869142420,209777335
0,17871436818,209805168
0,17873731216,209829522
0,17876025614,209850831
0,17878320012,209869477
0,17880614410,209885792
0,17882908808,209775068
0,17885203206,209803184
0,17887497604,209827786
0,17889792002,209849312
0,17892086400,209868148
0,17894380798,209884629
0,17896675196,209899050
0,17898969594,209786668
0,17901263992,209813334
0,17903558390,209836667
0,17905852788,209732083
0,17908147186,209765572
0,17910441584,209794875
0,17912735982,209820515
0,18045163066,226092950
0,18045206266,223956331
0,18045249466,222086789
0,18045292666,220450940
0,18045335866,219019572
0,18045379066,217767125
0,18045422266,216671234
0,18045465466,215712329
0,18045508666,214873287
0,18045551866,214139126
0,18045595066,213496735
0,18045638266,212934643
0,18045681466,212442812
0,18045724666,212012460
0,18045767866,211510902
0,18045811066,211072039
0,18046858909,210813034
0,18049153307,210711404
0,18051447705,210622478
0,18053742103,210544668
0,18056036501,210476584
0,18058330899,210417011
0,18060625297,210364884
0,18062919695,210194273
0,18065214093,210169988
0,18067508491,210148739
0,18069802889,210130146
0,18072097287,210113877
0,18074391685,210099642
0,18076686083,210087186
0,18078980481,209951287
0,18081274879,209957376
0,18083569277,209962704
0,18085863675,209842366
0,18088158073,209862070
0,18090452471,209879311
0,18092746869,209894397
0,18095041267,209907597
0,18097335665,209919147
0,18099630063,209929253
0,18101924461,209813096
0,18104218859,209836459
0,18106513257,209856901
0,18108807655,209874788
0,18111102053,209890439
0,18113396451,209904134
0,18115690849,209916117
0,18117985247,209801602
0,18120279645,209826401
0,18122574043,209848100
0,18255001127,209867087
0,18255044327,209883701
0,18255087527,209898238
0,18255130727,209910958
0,18255173927,209922088
0,18255217127,209931827
0,18255260327,209940348
0,18255303527,209947804
0,18255346727,209954328
0,18255389927,209960037
0,18255433127,209965032
0,18255476327,209969403
0,18255519527,209973227
0,18255562727,209976573
0,18255605927,209979501
0,18255649127,209982063
0,18256696970,209984305
0,18258991368,209861266
0,18261285766,209878607
0,18263580164,209893781
0,18265874562,209782058
0,18268168960,209809300
0,18270463358,209833137
0,18272757756,209853994
0,18275052154,209872244
0,18277346552,209888213
0,18279640950,209902186
0,18281935348,209789412
0,18284229746,209815735
0,18286524144,209838768
0,18288818542,209858922
0,18291112940,209876556
0,18293407338,209891986
0,18295701736,209905487
0,18297996134,209792301
0,18300290532,209818263
0,18302584930,209840980
0,18304879328,209735857
0,18307173726,209768874
0,18309468124,209797764
0,18311762522,209823043
0,18314056920,209845162
0,18316351318,209864516
0,18318645716,209881451
0,18320940114,209771269
0,18323234512,209799860
0,18325528910,209824877
0,18327823308,209846767
0,18330117706,209865921
0,18332412104,209882680
0,18465986387,209897345
0,18466029587,210035176
0,18466072787,210155779
0,18466115987,210261306
0,18466159187,210353642
0,18466202387,210434436
0,18466245587,210505131
0,18466288787,210566989
0,18466331987,210621115
0,18466375187,210668475
0,18466418387,210709915
0,18466461587,210746175
0,18466504787,210777903
0,18466547987,210805665
0,18466591187,210829956
0,18466634387,210851211
0,18466677587,210744809
0,18468829429,210651707
0,18471123827,210570243
0,18473418225,210498962
0,18475712623,210436591
0,18478007021,210382017
0,18480301419,210334264
0,18482595817,210292481
0,18484890215,210130920
0,18487184613,210114555
0,18489479011,210100235
0,18491773409,210087705
0,18494067807,210076741
0,18496362205,210067148
0,18498656603,210058754
0,18500951001,209926409
0,18503245399,209935607
0,18505539797,209943656
0,18507834195,209950699
0,18510128593,209956861
0,18512422991,209962253
0,18514717389,209966971
0,18517011787,210346099
0,18519306185,210552836
0,18521600583,210733731
0,18523894981,210892014
0,18526189379,211030512
0,18528483777,211151698
0,18530778175,211257735
0,18533072573,211475518
0,18535366971,211541078
0,18537661369,211598443
0,18539955767,211648637
0,18542250165,211692557
0,18675824448,228105987
0,18675867648,225842738
0,18675910848,223737395
0,18675954048,221895220
0,18675997248,220283317
0,18676040448,218997902
0,18676083648,217873164
0,18676126848,216889018
0,18676170048,216027890
0,18676213248,215274403
0,18676256448,214615102
0,18676299648,214038214
0,18676342848,213533437
0,18676386048,213091757
0,18676429248,212705287
0,18676472448,212367126
0,18676515648,212071235
0,18678667490,212062330
0,18680961888,212054538
0,18683256286,212047720
0,18685550684,212041755
0,18687845082,212036535
0,18690139480,212031968
0,18692433878,212027972
0,18694728276,212024475
0,18697022674,212146415
0,18699317072,212128113
0,18701611470,212112098
0,18703905868,212098085
0,18706200266,212085824
0,18708494664,212075096
0,18710789062,212065709
0,18713083460,212182495
0,18715377858,212159683
0,18717672256,212139722
0,18719966654,212122256
0,18722261052,212106974
0,18724555450,212093602
0,18726849848,212081901
0,18729144246,212071663
0,18731438644,212062705
0,18733733042,212054866
0,18736027440,212173007
0,18738321838,212151381
0,18740616236,212132458
0,18742910634,212115900
0,18745205032,212101412
0,18747499430,212088735
0,18749793828,212077643
0,18752088226,212192937
0,18886809708,228668819
0,18886852908,226460216
0,18886896108,224527689
0,18886939308,222836727
0,18886982508,221357136
0,18887025708,220187494
0,18887068908,219039057
0,18887112108,218034174
0,18887155308,217154902
0,18887198508,216385539
0,18887241708,215712346
0,18887284908,215123302
0,18887328108,214607889
0,18887371308,214156902
0,18887414508,213762289
0,18887457708,213417002
0,18887500908,213114876
0,18888505551,212975516
0,18890799949,212853576
0,18893094347,212871879
0,18895388745,212762894
0,18897683143,212667532
0,18899977541,212584090
0,18902271939,212511078
0,18904566337,212447193
0,18906860735,212391293
0,18909155133,212342381
0,18911449531,212299583
0,18913743929,212262135
0,18916038327,212354368
0,18918332725,212310072
0,18920627123,212271313
0,18922921521,212237398
0,18925215919,212207723
0,18927510317,212181757
0,18929804715,212159037
0,18932099113,212264157
0,18934393511,212231137
0,18936687909,212202244
0,18938982307,212176963
0,18941276705,212154842
0,18943571103,212135486
0,18945865501,212118550
0,18948159899,212103731
0,18950454297,212090764
0,18952748695,212079418
0,18955043093,212194490
0,18957337491,212170178
0,18959631889,212148905
0,18961926287,212130291
0,18964220685,212114004
0,19098942167,212099753
0,19098985367,212087283
0,19099028567,212201372
0,19099071767,212301200
0,19099114967,212388550
0,19099158167,212339981
0,19099201367,212297483
0,19099244567,212260297
0,19099287767,212227759
0,19099330967,212199289
0,19099374167,212174377
0,19099417367,212152579
0,19099460567,212133506
0,19099503767,212116817
0,19099546967,212102214
0,19099590167,212089437
0,19099633367,212078257
0,19100638010,212068474
0,19102932408,212059914
0,19105226806,212052424
0,19107521204,212045871
0,19109815602,212040137
0,19112110000,212160119
0,19114404398,212140104
0,19116698796,212122591
0,19118993194,212107267
0,19121287592,212093858
0,19123581990,212082125
0,19125876388,212071859
0,19128170786,212062876
0,19130465184,212055016
0,19132759582,212048139
0,19135053980,212167121
0,19137348378,212146230
0,19139642776,212127951
0,19141937174,212111957
0,19144231572,212097962
0,19146525970,212085716
0,19148820368,212075001
0,19151114766,212190625
0,19153409164,212166796
0,19155703562,212145946
0,19157997960,212127702
0,19160292358,212111739
0,19162586756,212097771
0,19164881154,212085549
0,19167175552,212074855
0,19169469950,212065498
0,19171764348,212057310
0,19174058746,212175146
0,19176353144,212153252
0,19312221825,212384095
0,19312265025,212586083
0,19312308225,212637822
0,19312351425,212683094
0,19312394625,212722707
0,19312437825,212757368
0,19312481025,212787697
0,19312524225,212814234
0,19312567425,212837454
0,19312610625,212857772
0,19312653825,212875550
0,19312697025,212891106
0,19312740225,212904717
0,19312783425,212916627
0,19312826625,212927048
0,19312869825,212936167
0,19312913025,212944146
0,19312956225,212826127
0,19315064867,212847861
0,19317359265,212741878
0,19319653663,212649143
0,19321948061,212568000
0,19324242459,212497000
0,19326536857,212434875
0,19328831255,212380515
0,19331125653,212457950
0,19333420051,212400706
0,19335714449,212350617
0,19338008847,212431789
0,19340303245,212377815
0,19342597643,212330588
0,19344892041,212289264
0,19347186439,212253106
0,19349480837,212221467
0,19351775235,212193783
0,19354069633,212294560
0,19356364031,212257740
0,19358658429,212225522
0,19360952827,212197331
0,19363247225,212172664
0,19365541623,212151081
0,19367836021,212132195
0,19370130419,212240670
0,19372424817,212210586
0,19374719215,212184262
0,19377013613,212286229
0,19379308011,212250450
0,19381602409,212219143
0,19383896807,212191750
0,19386191205,212542781
0,19388485603,212724933
0,19524354284,229634316
0,19524397484,227430026
0,19524440684,225501272
0,19524483884,223813613
0,19524527084,222336911
0,19524570284,221044797
0,19524613484,219914197
0,19524656684,218924922
0,19524699884,218059306
0,19524743084,217301892
0,19524786284,216639155
0,19524829484,216059260
0,19524872684,215551852
0,19524915884,215107870
0,19524959084,214719386
0,19525002284,214504462
0,19525045484,214316404
0,19525088684,214151853
0,19527197326,214257871
0,19529491724,214225637
0,19531786122,214197432
0,19534080520,214297753
0,19536374918,214385533
0,19538669316,214337341
0,19540963714,214295173
0,19543258112,214383276
0,19545552510,214335366
0,19547846908,214293445
0,19550141306,214381764
0,19552435704,214334043
0,19554730102,214292287
0,19557024500,214380751
0,19559318898,214458157
0,19561613296,214400887
0,19563907694,214350776
0,19566202092,214431929
0,19568496490,214377937
0,19570790888,214330694
0,19573085286,214414357
0,19575379684,214487562
0,19577674082,214426616
0,19579968480,214373289
0,19582262878,214451627
0,19584557276,214395173
0,19586851674,214345776
0,19589146072,214427554
0,19591440470,214374109
0,19593734868,214327345
0,19596029266,214411426
0,19598323664,214484997
0,19600618062,214424372
0,19736486743,231121325
0,19736529943,228731159
0,19736573143,226639764
0,19736616343,224809793
0,19736659543,223208568
0,19736702743,221807497
0,19736745943,220581559
0,19736789143,219508864
0,19736832343,218570256
0,19736875543,217748974
0,19736918743,217030352
0,19736961943,216401558
0,19737005143,215976363
0,19737048343,215604317
0,19737091543,215278777
0,19737134743,214993929
0,19737177943,214619687
0,19737221143,214292226
0,19739329785,214255697
0,19741624183,214223734
0,19743918581,214195767
0,19746212979,214296296
0,19748507377,214259259
0,19750801775,214226851
0,19753096173,214323494
0,19755390571,214408057
0,19757684969,214357049
0,19759979367,214312417
0,19762273765,214398364
0,19764568163,214348568
0,19766862561,214304997
0,19769156959,214391872
0,19771451357,214342888
0,19773745755,214300027
0,19776040153,214387523
0,19778334551,214464082
0,19780628949,214406071
0,19782923347,214355312
0,19785217745,214435898
0,19787512143,214381410
0,19789806541,214333733
0,19792100939,214417016
0,19794395337,214489889
0,19796689735,214428652
0,19798984133,214375070
0,19801278531,214453186
0,19803572929,214396537
0,19805867327,214346969
0,19808161725,214428597
0,19810456123,214375022
0,19812750521,214328144
0,19949766401,231162126
0,19949809601,228891860
0,19949852801,226905377
0,19949896001,225167204
0,19949939201,223646303
0,19949982401,222315515
0,19950025601,221276075
0,19950068801,220366565
0,19950112001,219570744
0,19950155201,218874401
0,19950198401,218265100
0,19950241601,217731962
0,19950284801,217265466
0,19950328001,216732282
0,19950371201,216265746
0,19950414401,215857527
0,19950457601,215500336
0,19950500801,215187794
0,19951462244,215039319
0,19953756642,214909404
0,19956051040,214920728
0,19958345438,214930637
0,19960639836,214814307
0,19962934234,214712518
0,19965228632,214748453
0,19967523030,214654896
0,19969817428,214573034
0,19972111826,214626404
0,19974406224,214673103
0,19976700622,214588965
0,19978995020,214515344
0,19981289418,214575926
0,19983583816,214503935
0,19985878214,214440943
0,19988172612,214510825
0,19990467010,214446971
0,19992761408,214391099
0,19995055806,214467211
0,19997350204,214533809
0,19999644602,214467082
0,20001939000,214408696
0,20004233398,214482609
0,20006527796,214422282
0,20008822194,214369496
0,20011116592,214448309
0,20013410990,214517270
0,20015705388,214452611
0,20017999786,214396034
0,20020294184,214471529
0,20022588582,214412587
0,20024882980,214361013
0,20027177378,214440886
0,20164193258,214510775
0,20164236458,214571928
0,20164279658,214625437
0,20164322858,214672257
0,20164366058,214713224
0,20164409258,214749071
0,20164452458,214655437
0,20164495658,214573507
0,20164538858,214501818
0,20164582058,214439090
0,20164625258,214384203
0,20164668458,214336177
0,20164711658,214294154
0,20164754858,214257384
0,20164798058,214225211
0,20164841258,214197059
0,20164884458,214172426
0,20164927658,214150872
0,20165889101,214132013
0,20168183499,214240511
0,20170477897,214210447
0,20172772295,214184141
0,20175066693,214286123
0,20177361091,214375357
0,20179655489,214328437
0,20181949887,214287382
0,20184244285,214376459
0,20186538683,214329401
0,20188833081,214288225
0,20191127479,214377196
0,20193421877,214455046
0,20195716275,214398165
0,20198010673,214473394
0,20200305071,214539219
0,20202599469,214471816
0,20204893867,214412839
0,20207188265,214486234
0,20209482663,214425454
0,20211777061,214372272
0,20214071459,214450738
0,20216365857,214519395
0,20218660255,214454470
0,20220954653,214397661
0,20223249051,214472953
0,20225543449,214413833
0,20227837847,214362103
0,20230132245,214441840
0,20232426643,214511610
0,20234721041,214447658
0,20237015439,214516700
0,20239309837,214577112
0,20241604235,214504973
0,20379767314,214566851
0,20379810514,214620994
0,20379853714,214668369
0,20379896914,214709822
0,20379940114,214746094
0,20379983314,214777832
0,20380026514,214930603
0,20380069714,215064277
0,20380112914,215181242
0,20380156114,215283586
0,20380199314,215373137
0,20380242514,215451494
0,20380285714,215520057
0,20380328914,215580049
0,20380372114,215632542
0,20380415314,215678474
0,20380458514,215718664
0,20380501714,215753831
0,20380544914,215784602
0,20382610356,215936526
0,20384904754,215944460
0,20387199152,216076402
0,20389493550,216191851
0,20391787948,216167869
0,20394082346,216271885
0,20396376744,216362899
0,20398671142,216442536
0,20400965540,216387219
0,20403259938,216463816
0,20405554336,216530839
0,20407848734,216464484
0,20410143132,216531423
0,20412437530,216589995
0,20414731928,216516245
0,20417026326,216576714
0,20419320724,216629624
0,20421615122,216675921
0,20423909520,216591430
0,20426203918,216642501
0,20428498316,216687188
0,20430792714,216601289
0,20433087112,216651127
0,20435381510,216694736
0,20437675908,216732894
0,20439970306,216641282
0,20442264704,216686121
0,20444559102,216725355
0,20446853500,216634685
0,20449147898,216680349
0,20451442296,216720305
0,20453736694,216630266
0,20456031092,216676482
0,20594194171,233716921
0,20594237371,231377305
0,20594280571,229330141
0,20594323771,227538873
0,20594366971,225971513
0,20594410171,224600073
0,20594453371,223400063
0,20594496571,222225055
0,20594539771,221196923
0,20594582971,220297307
0,20594626171,219510143
0,20594669371,218821375
0,20594712571,218218703
0,20594755771,217691365
0,20594798971,217229944
0,20594842171,216826201
0,20594885371,216472925
0,20594928571,216163809
0,20594971771,215893332
0,20597037213,216031665
0,20599331611,216152706
0,20601626009,216258617
0,20603920407,216226289
0,20606214805,216323002
0,20608509203,216407626
0,20610803601,216356672
0,20613097999,216437088
0,20615392397,216507452
0,20617686795,216569020
0,20619981193,216497892
0,20622275591,216560655
0,20624569989,216615573
0,20626864387,216538626
0,20629158785,216596297
0,20631453183,216646759
0,20633747581,216565914
0,20636041979,216620174
0,20638336377,216667652
0,20640630775,216709195
0,20642925173,216620545
0,20645219571,216667976
0,20647513969,216709479
0,20649808367,216620794
0,20652102765,216668194
0,20654397163,216709669
0,20656691561,216745960
0,20658985959,216652715
0,20661280357,216696125
0,20663574755,216734109
0,20665869153,216642345
0,20668163551,216687051
0,20670457949,216726169
0,20809768227,233760397
0,20809811427,231415347
0,20809854627,229363428
0,20809897827,227567999
0,20809941027,225996999
0,20809984227,224622374
0,20810027427,223544577
0,20810070627,222601504
0,20810113827,221776316
0,20810157027,221054276
0,20810200227,220422491
0,20810243427,219869679
0,20810286627,219385969
0,20810329827,218962722
0,20810373027,218592381
0,20810416227,218268333
0,20810459427,217984791
0,20810502627,217736692
0,20810545827,217519605
0,20811464070,217454654
0,20813758468,217272822
0,20816052866,217238719
0,20818347264,217208879
0,20820641662,217182769
0,20822936060,217034922
0,20825230458,217030556
0,20827524856,217026736
0,20829819254,216898394
0,20832113652,216911094
0,20834408050,216922207
0,20836702448,216931931
0,20838996846,216815439
0,20841291244,216838509
0,20843585642,216858695
0,20845880040,216751358
0,20848174438,216782438
0,20850468836,216809633
0,20852763234,216708428
0,20855057632,216744874
0,20857352030,216776764
0,20859646428,216804668
0,20861940826,216704084
0,20864235224,216741073
0,20866529622,216773438
0,20868824020,216676758
0,20871118418,216717163
0,20873412816,216752517
0,20875707214,216783452
0,20878001612,216810520
0,20880296010,216834205
0,20882590408,216854929
0,20884884806,216748062
0,20887179204,216779554
0,21026489482,216807109
0,21026532682,216831220
0,21026575882,216852317
0,21026619082,216870777
0,21026662282,216886929
0,21026705482,216901062
0,21026748682,216788429
0,21026791882,216689875
0,21026835082,216603640
0,21026878282,216528185
0,21026921482,216462161
0,21026964682,216404390
0,21027007882,216478841
0,21027051082,216543985
0,21027094282,216600986
0,21027137482,216650862
0,21027180682,216694504
0,21027223882,216732691
0,21027267082,216766104
0,21028185325,216795341
0,21030479723,216820923
0,21032774121,216718307
0,21035068519,216753518
0,21037362917,216784328
0,21039657315,216811287
0,21041951713,216709876
0,21044246111,216746141
0,21046540509,216777873
0,21048834907,216680638
0,21051129305,216720558
0,21053423703,216755488
0,21055718101,216786052
0,21058012499,216812795
0,21060306897,216836195
0,21062601295,216856670
0,21064895693,216749586
0,21067190091,216780887
0,21069484489,216808276
0,21071778887,216707241
0,21074073285,216743835
0,21076367683,216775855
0,21078662081,216803873
0,21080956479,216703388
0,21083250877,216740464
0,21085545275,216772906
0,21087839673,216676292
0,21090134071,216716755
0,21092428469,216752160
0,21094722867,216658140
0,21097017265,216700872
0,21099311663,216738263
0,21101606061,216770980
0,21103900459,216674607
0,21244357936,216840281
0,21244401136,216985245
0,21244444336,217112089
0,21244487536,217223077
0,21244530736,217320192
0,21244573936,217405168
0,21244617136,217479522
0,21244660336,217544581
0,21244703536,217601508
0,21244746736,217651319
0,21244789936,217694904
0,21244833136,217733041
0,21244876336,217641410
0,21244919536,217561233
0,21244962736,217491078
0,21245005936,217554693
0,21245049136,217610356
0,21245092336,217659061
0,21245135536,217701678
0,21245178736,217738968
0,21247200978,217896597
0,21249495376,218034522
0,21251789774,218155206
0,21254084172,218260805
0,21256378570,218353204
0,21258672968,218434053
0,21260967366,218504796
0,21263261764,218566696
0,21265556162,218620859
0,21267850560,218668251
0,21270144958,218709719
0,21272439356,218746004
0,21274733754,218777753
0,21277028152,218805533
0,21279322550,218829841
0,21281616948,218851110
0,21283911346,218869721
0,21286205744,218886005
0,21288500142,218900254
0,21290794540,218912722
0,21293088938,218923631
0,21295383336,218933177
0,21297677734,218941529
0,21299972132,218948837
0,21302266530,218955232
0,21304560928,218960828
0,21306855326,218965724
0,21309149724,218970008
0,21311444122,218973757
0,21313738520,218977037
0,21316032918,218979907
0,21318327316,218982418
0,21320621714,218984615
0,21461079191,236361538
0,21461122391,233941345
0,21461165591,231823676
0,21461208791,229970716
0,21461251991,228349376
0,21461295191,226930704
0,21461338391,225689366
0,21461381591,224603195
0,21461424791,223652795
0,21461467991,222821195
0,21461511191,222093545
0,21461554391,221456851
0,21461597591,220899744
0,21461640791,220412276
0,21461683991,219985741
0,21461727191,219612523
0,21461770391,219160957
0,21461813591,218765837
0,21461856791,218420107
0,21461899991,218117593
0,21463922233,218102893
0,21466216631,218215031
0,21468511029,218313152
0,21470805427,218399008
0,21473099825,218474132
0,21475394223,218539865
0,21477688621,218597381
0,21479983019,218647708
0,21482277417,218691744
0,21484571815,218730276
0,21486866213,218763991
0,21489160611,218793492
0,21491455009,218819305
0,21493749407,218841891
0,21496043805,218861654
0,21498338203,218878947
0,21500632601,218894078
0,21502926999,218907318
0,21505221397,218918903
0,21507515795,218929040
0,21509810193,218937910
0,21512104591,218945671
0,21514398989,218952462
0,21516693387,218958404
0,21518987785,218963603
0,21521282183,218968152
0,21523576581,218972133
0,21525870979,218975616
0,21528165377,218978664
0,21530459775,218981331
0,21532754173,218983664
0,21535048571,218985706
0,21537342969,218987492
0,21678947645,236364055
0,21678990845,233943548
0,21679034045,231950604
0,21679077245,230206778
0,21679120445,228680930
0,21679163645,227345813
0,21679206845,226177586
0,21679250045,225155387
0,21679293245,224260963
0,21679336445,223478342
0,21679379645,222793549
0,21679422845,222194355
0,21679466045,221670060
0,21679509245,221211302
0,21679552445,220809889
0,21679595645,220458652
0,21679638845,220151320
0,21679682045,219882405
0,21679725245,219647104
0,21679768445,219441216
0,21680643488,219386064
0,21682937886,219337806
0,21685232284,219295580
0,21687526682,219258632
0,21689821080,219226303
0,21692115478,219198015
0,21694409876,219173263
0,21696704274,219151605
0,21698998672,219132654
0,21701293070,219116072
0,21703587468,219101563
0,21705881866,219088867
0,21708176264,219077758
0,21710470662,219068038
0,21712765060,219059533
0,21715059458,219052091
0,21717353856,219045579
0,21719648254,219039881
0,21721942652,219034895
0,21724237050,219030533
0,21726531448,219026716
0,21728825846,219023376
0,21731120244,219020454
0,21733414642,219017897
0,21735709040,219015659
0,21738003438,219138701
0,21740297836,219121363
0,21742592234,219106192
0,21744886632,219092918
0,21747181030,219081303
0,21749475428,219071140
0,21751769826,219062247
0,21754064224,219054466
0,21756358622,219047657
0,21897963298,219041699
0,21898006498,219161486
0,21898049698,219141300
0,21898092898,219123637
0,21898136098,219108182
0,21898179298,219094659
0,21898222498,219082826
0,21898265698,219072472
0,21898308898,219063413
0,21898352098,219055486
0,21898395298,219048550
0,21898438498,219042481
0,21898481698,219037170
0,21898524898,219032523
0,21898568098,219028457
0,21898611298,219024899
0,21898654498,219021786
0,21898697698,219019062
0,21898740898,219016679
0,21898784098,219014594
0,21899659141,219012769
0,21901953539,219011172
0,21904247937,219009775
0,21906542335,219008553
0,21908836733,219007483
0,21911131131,219006547
0,21913425529,219005728
0,21915719927,219005012
0,21918014325,219129385
0,21920308723,219113211
0,21922603121,219099059
0,21924897519,219086676
0,21927191917,219075841
0,21929486315,219066360
0,21931780713,219058065
0,21934075111,219050806
0,21936369509,219044455
0,21938663907,219038898
0,21940958305,219034035
0,21943252703,219029780
0,21945547101,219026057
0,21947841499,219022799
0,21950135897,219019949
0,21952430295,219017455
0,21954724693,219015273
0,21957019091,219013363
0,21959313489,219011692
0,21961607887,219010230
0,21963902285,219008951
0,21966196683,219007832
0,21968491081,219006853
0,21970785479,219005996
0,21973079877,219005246
0,21975374275,219004590
0,22118126150,219254016
0,22118169350,219347264
0,22118212550,219428856
0,22118255750,219500249
0,22118298950,219562717
0,22118342150,219617377
0,22118385350,219665204
0,22118428550,219707053
0,22118471750,219743671
0,22118514950,219775712
0,22118558150,219803748
0,22118601350,219828279
0,22118644550,219849744
0,22118687750,219868526
0,22118730950,219884960
0,22118774150,219899340
0,22118817350,219911922
0,22118860550,219922931
0,22118903750,219932564
0,22118946950,219940993
0,22118990150,219823368
0,22120969192,219720447
0,22123263590,219630391
0,22125557988,219551592
0,22127852386,219482643
0,22130146784,219422312
0,22132441182,219369523
0,22134735580,219323332
0,22137029978,219282915
0,22139324376,219247550
0,22141618774,219216606
0,22143913172,219189530
0,22146207570,219165838
0,22148501968,219395108
0,22150796366,219595719
0,22153090764,219896254
0,22155385162,220034222
0,22157679560,220154944
0,22159973958,220260576
0,22162268356,220478004
0,22164562754,220543253
0,22166857152,220600346
0,22169151550,220775302
0,22171445948,220803389
0,22173740346,220827965
0,22176034744,220974469
0,22178329142,220977660
0,22180623540,220980452
0,22182917938,220982895
0,22185212336,221110033
0,22187506734,221096278
0,22189801132,221084243
0,22192095530,221198712
0,22194389928,221173873
0,22337141803,238777138
0,22337185003,236304995
0,22337228203,234141870
0,22337271403,232249136
0,22337314603,230592994
0,22337357803,229143869
0,22337401003,227875885
0,22337444203,226766399
0,22337487403,225795599
0,22337530603,224946149
0,22337573803,224202880
0,22337617003,223552520
0,22337660203,222983455
0,22337703403,222485523
0,22337746603,222049832
0,22337789803,221668603
0,22337833003,221335027
0,22337876203,221043148
0,22337919403,220787754
0,22337962603,220564284
0,22338005803,220493748
0,22339984845,220557029
0,22342279243,220737400
0,22344573641,220770225
0,22346868039,220798946
0,22349162437,220949077
0,22351456835,220955442
0,22353751233,220961011
0,22356045631,221090884
0,22358340029,221079523
0,22360634427,221069582
0,22362928825,221060884
0,22365223223,221178273
0,22367517621,221155988
0,22369812019,221136489
0,22372106417,221244427
0,22374400815,221213873
0,22376695213,221187138
0,22378989611,221163745
0,22381284009,221268276
0,22383578407,221234741
0,22385872805,221205398
0,22388167203,221304723
0,22390461601,221266632
0,22392755999,221233303
0,22395050397,221329140
0,22397344795,221287997
0,22399639193,221251997
0,22401933591,221220497
0,22404227989,221317934
0,22406522387,221278192
0,22408816785,221243418
0,22411111183,221337990
0,22413405581,221295741
0,22557304655,239008773
0,22557347855,236632676
0,22557391055,234553591
0,22557434255,232734392
0,22557477455,231142593
0,22557520655,229749768
0,22557563855,228531047
0,22557607055,227464666
0,22557650255,226531582
0,22557693455,225715134
0,22557736655,225000742
0,22557779855,224375649
0,22557823055,223828692
0,22557866255,223350105
0,22557909455,222931341
0,22557952655,222564923
0,22557995855,222244307
0,22558039055,222088768
0,22558082255,221952672
0,22558125455,221833588
0,22558168655,221729389
0,22559000498,221638215
0,22561294896,221683438
0,22563589294,221598008
0,22565883692,221523257
0,22568178090,221582849
0,22570472488,221509992
0,22572766886,221446243
0,22575061284,221515462
0,22577355682,221451029
0,22579650080,221394650
0,22581944478,221345318
0,22584238876,221427153
0,22586533274,221373758
0,22588827672,221327038
0,22591122070,221411158
0,22593416468,221359763
0,22595710866,221314792
0,22598005264,221400443
0,22600299662,221475387
0,22602594060,221415963
0,22604888458,221363967
0,22607182856,221443471
0,22609477254,221388037
0,22611771652,221339532
0,22614066050,221422090
0,22616360448,221369328
0,22618654846,221323162
0,22620949244,221282766
0,22623243642,221372420
0,22625538040,221325867
0,22627832438,221285133
0,22630126836,221374491
0,22632421234,221327679
0,22634715632,221286719
0,22778614706,221250879
0,22778657906,221219519
0,22778701106,221192079
0,22778744306,221168069
0,22778787506,221147060
0,22778830706,221128677
0,22778873906,221112592
0,22778917106,221098518
0,22778960306,221086203
0,22779003506,221200427
0,22779046706,221300373
0,22779089906,221387826
0,22779133106,221464347
0,22779176306,221531303
0,22779219506,221589890
0,22779262706,221641153
0,22779305906,221686008
0,22779349106,221600257
0,22779392306,221525224
0,22779435506,221459571
0,22779478706,221402124
0,22780310549,221351858
0,22782604947,221307875
0,22784899345,221269390
0,22787193743,221360716
0,22789488141,221315626
0,22791782539,221276172
0,22794076937,221366650
0,22796371335,221320818
0,22798665733,221280715
0,22800960131,221245625
0,22803254529,221339921
0,22805548927,221297430
0,22807843325,221260251
0,22810137723,221352719
0,22812432121,221308629
0,22814726519,221270050
0,22817020917,221361293
0,22819315315,221316131
0,22821609713,221276614
0,22823904111,221242037
0,22826198509,221336782
0,22828492907,221294684
0,22830787305,221257848
0,22833081703,221350617
0,22835376101,221306789
0,22837670499,221268440
0,22839964897,221234885
0,22842259295,221330524
0,22844553693,221289208
0,22846848091,221253057
0,22849142489,221346424
0,22851436887,221303121
0,22853731285,221265230
0,22856025683,221357076
0,23001071956,221562441
0,23001115156,221742135
0,23001158356,221899368
0,23001201556,222036947
0,23001244756,222157328
0,23001287956,222262662
0,23001331156,222354829
0,23001374356,222435475
0,23001417556,222506040
0,23001460756,222442785
0,23001503956,222387436
0,23001547156,222339006
0,23001590356,222296630
0,23001633556,222259551
0,23001676756,222227107
0,23001719956,222198718
0,23001763156,222173878
0,23001806356,222152143
0,23001849556,222133125
0,23001892756,222116484
0,23001935956,222101923
0,23001979156,221964182
0,23003914998,221843659
0,23006209396,221863201
0,23008503794,221755300
0,23010798192,221660887
0,23013092590,221703276
0,23015386988,221615366
0,23017681386,221538445
0,23019975784,221471139
0,23022270182,221537246
0,23024564580,221470090
0,23026858978,221411328
0,23029153376,221484912
0,23031447774,221424298
0,23033742172,221371260
0,23036036570,221449852
0,23038330968,221393620
0,23040625366,221344417
0,23042919764,221301364
0,23045214162,221388693
0,23047508560,221340106
0,23049802958,221297592
0,23052097356,221385393
0,23054391754,221337218
0,23056686152,221295065
0,23058980550,221508181
0,23061274948,221819658
0,23063569346,222092200
0,23065863744,222205675
0,23068158142,222429965
0,23070452540,222626219
0,23072746938,222672941
0,23075041336,222838823
0,23077335734,222983970
0,23222382007,240860973
0,23222425207,238378351
0,23222468407,236206057
0,23222511607,234305299
0,23222554807,232642136
0,23222598007,231186869
0,23222641207,229913510
0,23222684407,228799321
0,23222727607,227824405
0,23222770807,226971354
0,23222814007,226224934
0,23222857207,225571817
0,23222900407,225000339
0,23222943607,224500296
0,23222986807,224062759
0,23223030007,223804914
0,23223073207,223579299
0,23223116407,223381886
0,23223159607,223209150
0,23223202807,223058006
0,23223246007,222925755
0,23223289207,222810035
0,23225225049,222958780
0,23227519447,223088932
0,23229813845,223077815
0,23232108243,223193088
0,23234402641,223293952
0,23236697039,223257208
0,23238991437,223225057
0,23241285835,223321924
0,23243580233,223406683
0,23245874631,223355847
0,23248169029,223436366
0,23250463427,223506820
0,23252757825,223443467
0,23255052223,223513033
0,23257346621,223573903
0,23259641019,223502165
0,23261935417,223439394
0,23264229815,223509469
0,23266524213,223570785
0,23268818611,223499436
0,23271113009,223562006
0,23273407407,223616755
0,23275701805,223539660
0,23277996203,223472202
0,23280290601,223538176
0,23282584999,223595904
0,23284879397,223521416
0,23287173795,223581239
0,23289468193,223633584
0,23291762591,223554386
0,23294056989,223610087
0,23296351387,223658826
0,23298645785,223576472
0,23444839257,241504413
0,23444882457,239066361
0,23444925657,236933065
0,23444968857,235066431
0,23445012057,233558127
0,23445055257,232238361
0,23445098457,231083565
0,23445141657,230073119
0,23445184857,229188979
0,23445228057,228415356
0,23445271257,227738436
0,23445314457,227146131
0,23445357657,226627864
0,23445400857,226174381
0,23445444057,225777583
0,23445487257,225430385
0,23445530457,225001586
0,23445573657,224626387
0,23445616857,224298088
0,23445660057,224010827
0,23445703257,223759473
0,23445746457,223539538
0,23446535100,223472095
0,23448829498,223413083
0,23451123896,223486447
0,23453418294,223550641
0,23455712692,223481810
0,23458007090,223546583
0,23460301488,223603260
0,23462595886,223652852
0,23464890284,223571245
0,23467184682,223624839
0,23469479080,223671734
0,23471773478,223587767
0,23474067876,223639296
0,23476362274,223684384
0,23478656672,223598836
0,23480951070,223523981
0,23483245468,223583483
0,23485539866,223635547
0,23487834264,223556103
0,23490128662,223611590
0,23492423060,223660141
0,23494717458,223577623
0,23497011856,223630420
0,23499306254,223676617
0,23501600652,223717039
0,23503895050,223627409
0,23506189448,223673982
0,23508483846,223714734
0,23510778244,223625392
0,23513072642,223672218
0,23515367040,223713190
0,23517661438,223624041
0,23519955836,223546035
0,23522250234,223602780
0,23668443706,223652432
0,23668486906,223695878
0,23668530106,223733893
0,23668573306,223767156
0,23668616506,223671261
0,23668659706,223587353
0,23668702906,223513933
0,23668746106,223449691
0,23668789306,223393479
0,23668832506,223344294
0,23668875706,223301257
0,23668918906,223263599
0,23668962106,223230649
0,23669005306,223326817
0,23669048506,223410964
0,23669091706,223484593
0,23669134906,223549018
0,23669178106,223605390
0,23669221306,223654716
0,23669264506,223697876
0,23669307706,223735641
0,23669350906,223768685
0,23670139549,223797599
0,23672433947,223822899
0,23674728345,223720036
0,23677022743,223755031
0,23679317141,223785652
0,23681611539,223687445
0,23683905937,223601514
0,23686200335,223651324
0,23688494733,223694908
0,23690789131,223608044
0,23693083529,223657038
0,23695377927,223699908
0,23697672325,223612419
0,23699966723,223535866
0,23702261121,223593882
0,23704555519,223644646
0,23706849917,223564065
0,23709144315,223618556
0,23711438713,223666236
0,23713733111,223582956
0,23716027509,223635086
0,23718321907,223680700
0,23720616305,223595612
0,23722910703,223521160
0,23725205101,223581015
0,23727499499,223633388
0,23729793897,223554214
0,23732088295,223609937
0,23734382693,223658694
0,23736677091,223576357
0,23738971489,223504312
0,23741265887,223566273
0,23743560285,223620488
0,23745854683,223542927
0,23893195354,223725061
0,23893238554,223884428
0,23893281754,224023874
0,23893324954,224145889
0,23893368154,224252652
0,23893411354,224346070
0,23893454554,224427811
0,23893497754,224499334
0,23893540954,224561917
0,23893584154,224616677
0,23893627354,224664592
0,23893670554,224706518
0,23893713754,224743203
0,23893756954,224650302
0,23893800154,224569014
0,23893843354,224497887
0,23893886554,224435651
0,23893929754,224381194
0,23893972954,224333544
0,23894016154,224416851
0,23894059354,224489744
0,23894102554,224553526
0,23894145754,224484335
0,23896038396,224423793
0,23898332794,224370818
0,23900627192,224199465
0,23902921590,224049531
0,23905215988,224043339
0,23907510386,224037921
0,23909804784,223908180
0,23912099182,223919657
0,23914393580,223929699
0,23916687978,223813486
0,23918982376,223711800
0,23921276774,223747825
0,23923571172,223779346
0,23925865570,223681927
0,23928159968,223721686
0,23930454366,223756475
0,23932748764,223661915
0,23935043162,223704175
0,23937337560,223741153
0,23939631958,223648508
0,23941926356,223567444
0,23944220754,223621513
0,23946515152,223668823
0,23948809550,223585220
0,23951103948,223637067
0,23953398346,223682433
0,23955692744,223597128
0,23957987142,223522487
0,23960281540,223582176
0,23962575938,223634404
0,23964870336,223555103
0,23967164734,223610715
0,23969459132,223909375
0,24116799803,242295703
0,24116843003,239883740
0,24116886203,237773272
0,24116929403,235926613
0,24116972603,234310786
0,24117015803,233021937
0,24117059003,231894194
0,24117102203,230907419
0,24117145403,230043991
0,24117188603,229288492
0,24117231803,228627430
0,24117275003,228049001
0,24117318203,227542875
0,24117361403,227100015
0,24117404603,226712513
0,24117447803,226373448
0,24117491003,226076767
0,24117534203,225817171
0,24117577403,225590024
0,24117620603,225391271
0,24117663803,225092362
0,24117707003,224830816
0,24117750203,224601964
0,24119642845,224651718
0,24121937243,224695253
0,24124231641,224858346
0,24126526039,225001052
0,24128820437,225125920
0,24131114835,225235180
0,24133409233,225330782
0,24135703631,225414434
0,24137998029,225362629
0,24140292427,225442300
0,24142586825,225512012
0,24144881223,225573010
0,24147175621,225626383
0,24149470019,225673085
0,24151764417,225713949
0,24154058815,225749705
0,24156353213,225780991
0,24158647611,225808367
0,24160942009,225707321
0,24163236407,225743905
0,24165530805,225775916
0,24167825203,225803926
0,24170119601,225828435
0,24172413999,225849880
0,24174708397,225868645
0,24177002795,225885064
0,24179297193,225899431
0,24181591591,225912002
0,24183885989,225923001
0,24186180387,225932625
0,24188474785,225941046
0,24190769183,225948415
0,24193063581,225954863
0,24340404252,244085505
0,24340447452,241574816
0,24340490652,239377964
0,24340533852,237455718
0,24340577052,235773753
0,24340620252,234302033
0,24340663452,232889278
0,24340706652,231653118
0,24340749852,230571478
0,24340793052,229625043
0,24340836252,228796912
0,24340879452,228072298
0,24340922652,227438260
0,24340965852,226883477
0,24341009052,226523042
0,24341052252,226207661
0,24341095452,225931703
0,24341138652,225690240
0,24341181852,225478960
0,24341225052,225294090
0,24341268252,225132328
0,24341311452,224990787
0,24341354652,224866938
0,24343247294,225008570
0,24345541692,225132498
0,24347836090,225240935
0,24350130488,225335818
0,24352424886,225418840
0,24354719284,225491485
0,24357013682,225555049
0,24359308080,225610667
0,24361602478,225659333
0,24363896876,225701916
0,24366191274,225739176
0,24368485672,225771779
0,24370780070,225800306
0,24373074468,225825267
0,24375368866,225847108
0,24377663264,225866219
0,24379957662,225757941
0,24382252060,225788198
0,24384546458,225814673
0,24386840856,225837838
0,24389135254,225858108
0,24391429652,225875844
0,24393724050,225891363
0,24396018448,225904942
0,24398312846,225916824
0,24400607244,225927221
0,24402901642,225811318
0,24405196040,225834903
0,24407490438,225855540
0,24409784836,225873597
0,24412079234,225889397
0,24414373632,225903222
0,24416668030,225915319
0,24565155900,244175904
0,24565199100,241778916
0,24565242300,239681551
0,24565285500,237846357
0,24565328700,236240562
0,24565371900,234835491
0,24565415100,233606054
0,24565458300,232530297
0,24565501500,231589009
0,24565544700,230765382
0,24565587900,230044709
0,24565631100,229414120
0,24565674300,228862355
0,24565717500,228379560
0,24565760700,227957115
0,24565803900,227462475
0,24565847100,227029665
0,24565890300,226650956
0,24565933500,226319586
0,24565976700,226029637
0,24566019900,225900932
0,24566063100,225788315
0,24566106300,225689775
0,24566851743,225603553
0,24569146141,225653108
0,24571440539,225696469
0,24573734937,225734410
0,24576029335,225767608
0,24578323733,225796657
0,24580618131,225822074
0,24582912529,225719314
0,24585206927,225754399
0,24587501325,225785099
0,24589795723,225811961
0,24592090121,225835465
0,24594384519,225856031
0,24596678917,225874027
0,24598973315,225764773
0,24601267713,225794176
0,24603562111,225819904
0,24605856509,225842416
0,24608150907,225862114
0,24610445305,225879349
0,24612739703,225894430
0,24615034101,225907626
0,24617328499,225919172
0,24619622897,225929275
0,24621917295,225813115
0,24624211693,225836475
0,24626506091,225856915
0,24628800489,225874800
0,24631094887,225890450
0,24633389285,225904143
0,24635683683,225916125
0,24637978081,225801609
0,24640272479,225826407
0,24642566877,225848106
0,24791054747,225867092
0,24791097947,225883705
0,24791141147,225898241
0,24791184347,225910960
0,24791227547,225922090
0,24791270747,225931828
0,24791313947,225940349
0,24791357147,225947805
0,24791400347,225954329
0,24791443547,225960037
0,24791486747,225965032
0,24791529947,225969403
0,24791573147,225973227
0,24791616347,225976573
0,24791659547,225979501
0,24791702747,225982063
0,24791745947,225984305
0,24791789147,225986266
0,24791832347,225987982
0,24791875547,225989484
0,24791918747,225865798
0,24791961947,225757573
0,24792005147,225787876
0,24792750590,225814391
0,24795044988,225837592
0,24797339386,225857893
0,24799633784,225875656
0,24801928182,225766199
0,24804222580,225795424
0,24806516978,225820996
0,24808811376,225843371
0,24811105774,225862949
0,24813400172,225880080
0,24815694570,225895070
0,24817988968,225783186
0,24820283366,225810287
0,24822577764,225834001
0,24824872162,225854750
0,24827166560,225872906
0,24829460958,225888792
0,24831755356,225902693
0,24834049754,225914856
0,24836344152,225925499
0,24838638550,225934811
0,24840932948,225817959
0,24843227346,225840714
0,24845521744,225860624
0,24847816142,225878046
0,24850110540,225893290
0,24852404938,225906628
0,24854699336,225918299
0,24856993734,225803511
0,24859288132,225828072
0,24861582530,225849563
0,24863876928,225868367
0,24866171326,225884821
0,24868465724,225899218
0,25018100793,226036815
0,25018143993,226157213
0,25018187193,226262561
0,25018230393,226354740
0,25018273593,226435397
0,25018316793,226505972
0,25018359993,226567725
0,25018403193,226621759
0,25018446393,226669039
0,25018489593,226710409
0,25018532793,226746607
0,25018575993,226778281
0,25018619193,226805995
0,25018662393,226830245
0,25018705593,226851464
0,25018748793,226870031
0,25018791993,226886277
0,25018835193,226900492
0,25018878393,226912930
0,25018921593,226923813
0,25018964793,226933336
0,25019007993,227066669
0,25019051193,227183335
0,25019094393,227160418
0,25020943835,227265365
0,25023238233,227357194
0,25025532631,227437544
0,25027827029,227507851
0,25030121427,227694369
0,25032415825,227732572
0,25034710223,227766000
0,25037004621,227920250
0,25039299019,227930218
0,25041593417,227938940
0,25043887815,227946572
0,25046182213,228078250
0,25048476611,228068468
0,25050771009,228059909
0,25053065407,228177420
0,25055359805,228155242
0,25057654203,228135836
0,25059948601,228118856
0,25062242999,228103999
0,25064537397,228090999
0,25066831795,228079624
0,25069126193,228194671
0,25071420591,228170337
0,25073714989,228149044
0,25076009387,228255413
0,25078303785,228223486
0,25080598183,228195550
0,25082892581,228171106
0,25085186979,228274717
0,25087481377,228240377
0,25089775775,228210329
0,25092070173,228309037
0,25094364571,228270407
0,25243999640,246611606
0,25244042840,244035155
0,25244086040,241780760
0,25244129240,239808165
0,25244172440,238082144
0,25244215640,236571876
0,25244258840,235250391
0,25244302040,234094092
0,25244345240,233082330
0,25244388440,232197038
0,25244431640,231422408
0,25244474840,230744607
0,25244518040,230151531
0,25244561240,229632589
0,25244604440,229178515
0,25244647640,228781200
0,25244690840,228433550
0,25244734040,228129356
0,25244777240,227863186
0,25244820440,227630287
0,25244863640,227426501
0,25244906840,227248188
0,25244950040,226967164
0,25244993240,226721268
0,25246842682,226756109
0,25249137080,227036595
0,25251431478,227157020
0,25253725876,227262392
0,25256020274,227479593
0,25258314672,227544643
0,25260609070,227601562
0,25262903468,227651366
0,25265197866,227694945
0,25267492264,227733076
0,25269786662,227766441
0,25272081060,227920635
0,25274375458,227930555
0,25276669856,227939235
0,25278964254,227946830
0,25281258652,227953476
0,25283553050,227959291
0,25285847448,227964379
0,25288141846,228093831
0,25290436244,228082102
0,25292730642,228071839
0,25295025040,228187859
0,25297319438,228164376
0,25299613836,228143829
0,25301908234,228125850
0,25304202632,228110118
0,25306497030,228096353
0,25308791428,228084308
0,25311085826,228198769
0,25313380224,228173922
0,25315674622,228152181
0,25317969020,228133158
0,25320263418,228116513
0,25471045686,246726948
0,25471088886,244386079
0,25471132086,242212819
0,25471175286,240311216
0,25471218486,238647314
0,25471261686,237191399
0,25471304886,235917474
0,25471348086,234802789
0,25471391286,233827440
0,25471434486,232974010
0,25471477686,232227258
0,25471520886,231573850
0,25471564086,231002118
0,25471607286,230501853
0,25471650486,230064121
0,25471693686,229681105
0,25471736886,229345966
0,25471780086,229052720
0,25471823286,228796130
0,25471866486,228571613
0,25471909686,228375161
0,25471952886,228203265
0,25471996086,228052856
0,25472039286,228046249
0,25472741529,228040467
0,25475035927,228160408
0,25477330325,228140357
0,25479624723,228122812
0,25481919121,228107460
0,25484213519,228094027
0,25486507917,228082273
0,25488802315,228071988
0,25491096713,228187989
0,25493391111,228164490
0,25495685509,228143928
0,25497979907,228125937
0,25500274305,228110194
0,25502568703,228096419
0,25504863101,228084366
0,25507157499,228198820
0,25509451897,228173967
0,25511746295,228152221
0,25514040693,228258193
0,25516335091,228225918
0,25518629489,228197678
0,25520923887,228172968
0,25523218285,228151347
0,25525512683,228132428
0,25527807081,228115874
0,25530101479,228226389
0,25532395877,228198090
0,25534690275,228173328
0,25536984673,228151662
0,25539279071,228132704
0,25541573469,228116116
0,25543867867,228101601
0,25546162265,228213900
0,25548456663,228187162
0,25699238931,228163766
0,25699282131,228143295
0,25699325331,228125383
0,25699368531,228109710
0,25699411731,228095996
0,25699454931,228083996
0,25699498131,228073496
0,25699541331,228064309
0,25699584531,228056270
0,25699627731,228049236
0,25699670931,228043081
0,25699714131,228037695
0,25699757331,228032983
0,25699800531,228028860
0,25699843731,228025252
0,25699886931,228022095
0,25699930131,228019333
0,25699973331,228016916
0,25700016531,228139801
0,25700059731,228247325
0,25700102931,228341409
0,25700146131,228423732
0,25700189331,228495765
0,25700232531,228433794
0,25700934774,228379569
0,25703229172,228332122
0,25705523570,228290606
0,25707817968,228254280
0,25710112366,228347495
0,25712406764,228304058
0,25714701162,228266050
0,25716995560,228232793
0,25719289958,228203693
0,25721584356,228178231
0,25723878754,228155952
0,25726173152,228261458
0,25728467550,228228775
0,25730761948,228200178
0,25733056346,228300155
0,25735350744,228262635
0,25737645142,228229805
0,25739939540,228201079
0,25742233938,228175944
0,25744528336,228153951
0,25746822734,228134707
0,25749117132,228242868
0,25751411530,228212509
0,25753705928,228185945
0,25756000326,228287701
0,25758294724,228251738
0,25760589122,228220270
0,25762883520,228192736
0,25765177918,228293644
0,25767472316,228256938
0,25769766714,228224820
0,25772061112,228321717
0,25774355510,228281502
0,25776649908,228246314
0,25928579375,228340524
0,25928622575,228422958
0,25928665775,228495088
0,25928708975,228558202
0,25928752175,228613426
0,25928795375,228661747
0,25928838575,228704028
0,25928881775,228741024
0,25928924975,228773396
0,25928968175,228801721
0,25929011375,228951505
0,25929054575,229082566
0,25929097775,229197245
0,25929140975,229297589
0,25929184175,229385390
0,25929227375,229462216
0,25929270575,229529439
0,25929313775,229588259
0,25929356975,229514726
0,25929400175,229450385
0,25929443375,229394086
0,25929486575,229344825
0,25929529775,229301721
0,25929572975,229264005
0,25929616175,229231004
0,25931422417,229077128
0,25933716815,229192487
0,25936011213,229418426
0,25938305611,229616122
0,25940600009,229664106
0,25942894407,229706092
0,25945188805,229867830
0,25947483203,230009351
0,25949777601,230008182
0,25952071999,230132159
0,25954366397,230240639
0,25956660795,230210559
0,25958955193,230184239
0,25961249591,230286209
0,25963543989,230250432
0,25965838387,230219128
0,25968132785,230316737
0,25970427183,230402144
0,25972721581,230351876
0,25975015979,230432891
0,25977310377,230503779
0,25979604775,230440806
0,25981899173,230385705
0,25984193571,230462491
0,25986487969,230404679
0,25988782367,230354094
0,25991076765,230434832
0,25993371163,230505478
0,25995665561,230442293
0,25997959959,230387006
0,26000254357,230463630
0,26002548755,230405676
0,26004843153,230354966
0,26156772620,249060595
0,26156815820,246428020
0,26156859020,244124517
0,26156902220,242108952
0,26156945420,240345333
0,26156988620,238802166
0,26157031820,237576895
0,26157075020,236504783
0,26157118220,235566685
0,26157161420,234745849
0,26157204620,234027617
0,26157247820,233274164
0,26157291020,232614893
0,26157334220,232038031
0,26157377420,231533277
0,26157420620,231091617
0,26157463820,230705164
0,26157507020,230367018
0,26157550220,230071140
0,26157593420,229812247
0,26157636620,229585716
0,26157679820,229387501
0,26157723020,229214063
0,26157766220,229062305
0,26157809420,228929516
0,26159615662,229063326
0,26161910060,229180410
0,26164204458,229407858
0,26166498856,229481875
0,26168793254,229546640
0,26171087652,229728310
0,26173382050,229887271
0,26175676448,229901362
0,26177970846,229913691
0,26180265244,230049479
0,26182559642,230043294
0,26184854040,230037882
0,26187148438,230158146
0,26189442836,230263377
0,26191737234,230230454
0,26194031632,230326647
0,26196326030,230410816
0,26198620428,230359464
0,26200914826,230314531
0,26203209224,230400214
0,26205503622,230350187
0,26207798020,230306413
0,26210092418,230393111
0,26212386816,230468972
0,26214681214,230410350
0,26216975612,230359056
0,26219270010,230439174
0,26221564408,230384277
0,26223858806,230336242
0,26226153204,230419211
0,26228447602,230491809
0,26230742000,230430332
0,26233036398,230501540
0,26386113064,249438847
0,26386156264,247008991
0,26386199464,244882867
0,26386242664,243022508
0,26386285864,241394694
0,26386329064,239970357
0,26386372264,238724062
0,26386415464,237508554
0,26386458664,236444984
0,26386501864,235514361
0,26386545064,234700065
0,26386588264,233987556
0,26386631464,233364111
0,26386674664,232818597
0,26386717864,232341272
0,26386761064,231923613
0,26386804264,231558161
0,26386847464,231238390
0,26386890664,230958591
0,26386933864,230713767
0,26386977064,230499546
0,26387020264,230437102
0,26387063464,230382464
0,26387106664,230334656
0,26387149864,230292824
0,26387808907,230256221
0,26390103305,230349193
0,26392397703,230430543
0,26394692101,230376725
0,26396986499,230329634
0,26399280897,230413429
0,26401575295,230361750
0,26403869693,230316531
0,26406164091,230401964
0,26408458489,230476718
0,26410752887,230417128
0,26413047285,230489987
0,26415341683,230553738
0,26417636081,230484520
0,26419930479,230423955
0,26422224877,230495960
0,26424519275,230433965
0,26426813673,230379719
0,26429108071,230457254
0,26431402469,230525097
0,26433696867,230459459
0,26435991265,230402026
0,26438285663,230476772
0,26440580061,230417175
0,26442874459,230365028
0,26445168857,230444399
0,26447463255,230513849
0,26449757653,230449617
0,26452052051,230518414
0,26454346449,230578612
0,26456640847,230506285
0,26458935245,230442999
0,26461229643,230512624
0,26463524041,230448546
0,26616600707,230392477
0,26616643907,230343417
0,26616687107,230300489
0,26616730307,230262927
0,26616773507,230230061
0,26616816707,230201303
0,26616859907,230176140
0,26616903107,230154122
0,26616946307,230134856
0,26616989507,230117999
0,26617032707,230228249
0,26617075907,230324717
0,26617119107,230409127
0,26617162307,230482986
0,26617205507,230547612
0,26617248707,230604160
0,26617291907,230653640
0,26617335107,230696935
0,26617378307,230734818
0,26617421507,230767965
0,26617464707,230796969
0,26617507907,230697347
0,26617551107,230610178
0,26617594307,230533905
0,26617637507,230467166
0,26618296550,230533770
0,26620590948,230467048
0,26622885346,230408667
0,26625179744,230482583
0,26627474142,230547260
0,26629768540,230478852
0,26632062938,230543995
0,26634357336,230600995
0,26636651734,230525870
0,26638946132,230460136
0,26641240530,230527619
0,26643534928,230461666
0,26645829326,230403957
0,26648123724,230478462
0,26650418122,230543654
0,26652712520,230475697
0,26655006918,230541234
0,26657301316,230598579
0,26659595714,230523756
0,26661890112,230458286
0,26664184510,230526000
0,26666478908,230585250
0,26668773306,230512093
0,26671067704,230573081
0,26673362102,230626445
0,26675656500,230548139
0,26677950898,230479621
0,26680245296,230544668
0,26682539694,230476584
0,26684834092,230417011
0,26687128490,230489884
0,26689422888,230553648
0,26691717286,230484442
0,26694011684,230548886
0,26848235549,230730275
0,26848278749,230888990
0,26848321949,231027866
0,26848365149,231149382
0,26848408349,231255709
0,26848451549,231348745
0,26848494749,231430151
0,26848537949,231501382
0,26848581149,231563709
0,26848624349,231618245
0,26848667549,231540964
0,26848710749,231473343
0,26848753949,231414175
0,26848797149,231362403
0,26848840349,231317102
0,26848883549,231277464
0,26848926749,231242781
0,26848969949,231212433
0,26849013149,231310878
0,26849056349,231397018
0,26849099549,231472390
0,26849142749,231538341
0,26849185949,231596048
0,26849229149,231646542
0,26849272349,231690724
0,26849315549,231604383
0,26851078591,231528835
0,26853372989,231462730
0,26855667387,231279888
0,26857961785,231119902
0,26860256183,231104914
0,26862550581,230966799
0,26864844979,230845949
0,26867139377,230865205
0,26869433775,230882054
0,26871728173,230771797
0,26874022571,230800322
0,26876316969,230825281
0,26878611367,230722120
0,26880905765,230631855
0,26883200163,230677873
0,26885494561,230593138
0,26887788959,230518995
0,26890083357,230579120
0,26892377755,230881730
0,26894672153,231146513
0,26896966551,231253198
0,26899260949,231471548
0,26901555347,231662604
0,26903849745,231704778
0,26906144143,231866680
0,26908438541,232008345
0,26910732939,232132301
0,26913027337,232240763
0,26915321735,232335667
0,26917616133,232418708
0,26919910531,232366369
0,26922204929,232445572
0,26924499327,232514875
0,27078723192,251450515
0,27078766392,248769200
0,27078809592,246423050
0,27078852792,244370168
0,27078895992,242573897
0,27078939192,241002159
0,27078982392,239626889
0,27079025592,238548527
0,27079068792,237604961
0,27079111992,236779340
0,27079155192,236056922
0,27079198392,235424806
0,27079241592,234871705
0,27079284792,234387741
0,27079327992,233964273
0,27079371192,233593738
0,27079414392,233269520
0,27079457592,232985830
0,27079500792,232737601
0,27079543992,232395400
0,27079587192,232095975
0,27079630392,231833978
0,27079673592,231604730
0,27079716792,231404138
0,27079759992,231228620
0,27079803192,231075042
0,27081566234,231190661
0,27083860632,231291828
0,27086155030,231505349
0,27088449428,231692180
0,27090743826,231855657
0,27093038224,231998699
0,27095332622,232123861
0,27097627020,232233378
0,27099921418,232204205
0,27102215816,232303679
0,27104510214,232390719
0,27106804612,232341879
0,27109099010,232424144
0,27111393408,232496126
0,27113687806,232559110
0,27115982204,232489221
0,27118276602,232553068
0,27120571000,232608934
0,27122865398,232532817
0,27125159796,232591214
0,27127454194,232642312
0,27129748592,232687023
0,27132042990,232726145
0,27134337388,232760376
0,27136631786,232790329
0,27138926184,232691537
0,27141220582,232730094
0,27143514980,232763832
0,27145809378,232668353
0,27148103776,232709808
0,27150398174,232746082
0,27152692572,232777821
0,27154986970,232680593
0,27310358034,251845518
0,27310401234,249364828
0,27310444434,247194224
0,27310487634,245294946
0,27310530834,243633077
0,27310574034,242178942
0,27310617234,240906574
0,27310660434,239793252
0,27310703634,238694095
0,27310746834,237732333
0,27310790034,236890791
0,27310833234,236154442
0,27310876434,235510136
0,27310919634,234946369
0,27310962834,234453072
0,27311006034,234146438
0,27311049234,233878133
0,27311092434,233643366
0,27311135634,233437945
0,27311178834,233258201
0,27311222034,233100925
0,27311265234,232963309
0,27311308434,232842895
0,27311351634,232737533
0,27311394834,232645341
0,27311438034,232564673
0,27312053877,232619088
0,27314348275,232666702
0,27316642673,232708364
0,27318937071,232619818
0,27321231469,232667340
0,27323525867,232708922
0,27325820265,232620306
0,27328114663,232667767
0,27330409061,232709296
0,27332703459,232745634
0,27334997857,232652429
0,27337292255,232695875
0,27339586653,232733890
0,27341881051,232642153
0,27344175449,232686883
0,27346469847,232726022
0,27348764245,232760269
0,27351058643,232790235
0,27353353041,232816455
0,27355647439,232839398
0,27357941837,232734473
0,27360236235,232767663
0,27362530633,232796705
0,27364825031,232697116
0,27367119429,232734976
0,27369413827,232768104
0,27371708225,232797091
0,27374002623,232822454
0,27376297021,232844647
0,27378591419,232864066
0,27380885817,232756057
0,27383180215,232786549
0,27385474613,232813230
0,27387769011,232836576
0,27543140075,232857004
0,27543183275,232874878
0,27543226475,232890518
0,27543269675,232904203
0,27543312875,232916177
0,27543356075,232926654
0,27543399275,232935822
0,27543442475,232943844
0,27543485675,232950863
0,27543528875,232957005
0,27543572075,232962379
0,27543615275,232967081
0,27543658475,232971195
0,27543701675,232974795
0,27543744875,232977945
0,27543788075,232855701
0,27543831275,232748738
0,27543874475,232655145
0,27543917675,232573251
0,27543960875,232501594
0,27544004075,232563894
0,27544047275,232618407
0,27544090475,232666106
0,27544133675,232707842
0,27544176875,232744361
0,27544220075,232776315
0,27544835918,232679275
0,27547130316,232719365
0,27549424714,232754444
0,27551719112,232785138
0,27554013510,232811995
0,27556307908,232835495
0,27558602306,232856058
0,27560896704,232749050
0,27563191102,232780418
0,27565485500,232807865
0,27567779898,232831881
0,27570074296,232852895
0,27572368694,232871283
0,27574663092,232887372
0,27576957490,232776450
0,27579251888,232804393
0,27581546286,232828843
0,27583840684,232725237
0,27586135082,232759582
0,27588429480,232789634
0,27590723878,232815929
0,27593018276,232838937
0,27595312674,232859069
0,27597607072,232876685
0,27599901470,232767099
0,27602195868,232796211
0,27604490266,232821684
0,27606784664,232718973
0,27609079062,232754101
0,27611373460,232784838
0,27613667858,232811733
0,27615962256,232710266
0,27618256654,232746482
0,27620551052,232778171
0,27777069315,232930899
0,27777112515,233064536
0,27777155715,233181469
0,27777198915,233283785
0,27777242115,233373311
0,27777285315,233451647
0,27777328515,233520191
0,27777371715,233580167
0,27777414915,233632646
0,27777458115,233678565
0,27777501315,233718744
0,27777544515,233753901
0,27777587715,233784663
0,27777630915,233811580
0,27777674115,233835132
0,27777717315,233855740
0,27777760515,233873772
0,27777803715,233889550
0,27777846915,233903356
0,27777890115,233915436
0,27777933315,233801006
0,27777976515,233700880
0,27778019715,233738270
0,27778062915,233770986
0,27778106115,233799612
0,27778149315,233824660
0,27778192515,233846577
0,27779912357,233615754
0,27782206755,233538784
0,27784501153,233471436
0,27786795551,233287506
0,27789089949,233251567
0,27791384347,233220121
0,27793678745,233192605
0,27795973143,233043529
0,27798267541,233038087
0,27800561939,233033326
0,27802856337,232904160
0,27805150735,232916140
0,27807445133,232926622
0,27809739531,232935794
0,27812033929,232943819
0,27814328327,232950841
0,27816622725,232956985
0,27818917123,232837361
0,27821211521,232857690
0,27823505919,232875478
0,27825800317,232766043
0,27828094715,232795287
0,27830389113,232820876
0,27832683511,232843266
0,27834977909,232737857
0,27837272307,232770624
0,27839566705,232799296
0,27841861103,232699384
0,27844155501,232736961
0,27846449899,232769840
0,27848744297,232798610
0,27851038695,233198783
0,27853333093,233423935
0,28009851356,252870943
0,28009894556,250262075
0,28009937756,247979315
0,28009980956,245981900
0,28010024156,244359162
0,28010067356,242939266
0,28010110556,241696857
0,28010153756,240609749
0,28010196956,239658530
0,28010240156,238826213
0,28010283356,238097936
0,28010326556,237460694
0,28010369756,236903107
0,28010412956,236415218
0,28010456156,235988315
0,28010499356,235614775
0,28010542556,235287928
0,28010585756,235001937
0,28010628956,234751694
0,28010672156,234532732
0,28010715356,234341140
0,28010758556,234173497
0,28010801756,234026809
0,28010844956,233773457
0,28010888156,233551774
0,28010931356,233357802
0,28010974556,233188076
0,28012694398,233289566
0,28014988796,233503370
0,28017283194,233690448
0,28019577592,233854142
0,28021871990,233997374
0,28024166388,234122702
0,28026460786,234232364
0,28028755184,234328318
0,28031049582,234537278
0,28033343980,234595118
0,28035638378,234645728
0,28037932776,234690012
0,28040227174,234728760
0,28042521572,234762665
0,28044815970,234792331
0,28047110368,234818289
0,28049404766,234841002
0,28051699164,234860876
0,28053993562,234878266
0,28056287960,234893482
0,28058582358,234906796
0,28060876756,234918446
0,28063171154,234928640
0,28065465552,234937560
0,28067759950,234945365
0,28070054348,235077194
0,28072348746,235067544
0,28074643144,235059101
0,28076937542,235051713
0,28079231940,235045248
0,28081526338,235039592
0,28083820736,235034643
0,28086115134,235030312
0,28242633397,254276523
0,28242676597,251616957
0,28242719797,249289837
0,28242762997,247253607
0,28242806197,245471906
0,28242849397,243787917
0,28242892597,242314427
0,28242935797,241025123
0,28242978997,239896982
0,28243022197,239034859
0,28243065397,238280501
0,28243108597,237620438
0,28243151797,237042883
0,28243194997,236537522
0,28243238197,236095331
0,28243281397,235708414
0,28243324597,235369862
0,28243367797,235073629
0,28243410997,234814425
0,28243454197,234587621
0,28243497397,234389168
0,28243540597,234215522
0,28243583797,234063581
0,28243626997,233930633
0,28243670197,233814303
0,28243713397,233712515
0,28243756597,233623450
0,28245476439,233795518
0,28247770837,233946078
0,28250065235,234202818
0,28252359633,234302465
0,28254654031,234389656
0,28256948429,234465949
0,28259242827,234532705
0,28261537225,234591116
0,28263831623,234642226
0,28266126021,234686947
0,28268420419,234726078
0,28270714817,234760318
0,28273009215,234915278
0,28275303613,234925868
0,28277598011,234935134
0,28279892409,234943242
0,28282186807,234950336
0,28284481205,234956544
0,28286775603,234961976
0,28289070001,235091729
0,28291364399,235080262
0,28293658797,235070229
0,28295953195,235061450
0,28298247593,235053768
0,28300541991,235047047
0,28302836389,235041166
0,28305130787,235036020
0,28307425185,235031517
0,28309719583,235027577
0,28312013981,235149129
0,28314308379,235130487
0,28316602777,235114176
0,28318897175,235099904
0,28476562637,254462416
0,28476605837,251904614
0,28476649037,249666537
0,28476692237,247708219
0,28476735437,245994691
0,28476778637,244495354
0,28476821837,243183434
0,28476865037,242035504
0,28476908237,241031066
0,28476951437,240152182
0,28476994637,239258159
0,28477037837,238600889
0,28477081037,238025777
0,28477124237,237522554
0,28477167437,237082234
0,28477210637,236696954
0,28477253837,236359834
0,28477297037,236064854
0,28477340237,235806747
0,28477383437,235580903
0,28477426637,235383290
0,28477469837,235210378
0,28477513037,235059080
0,28477556237,234926695
0,28477599437,234810858
0,28477642637,234709500
0,28477685837,234620812
0,28478258480,234668210
0,28480552878,234709683
0,28482847276,234745972
0,28485141674,234777725
0,28487436072,234805509
0,28489730470,234829820
0,28492024868,234976092
0,28494319266,234979080
0,28496613664,234981695
0,28498908062,234983983
0,28501202460,234985985
0,28503496858,234987736
0,28505791256,234989269
0,28508085654,234990610
0,28510380052,234991783
0,28512674450,234992810
0,28514968848,234993708
0,28517263246,234994494
0,28519557644,234995182
0,28521852042,234995784
0,28524146440,234996311
0,28526440838,234996772
0,28528735236,234997175
0,28531029634,235122528
0,28533324032,235107212
0,28535618430,235093810
0,28537912828,235082083
0,28540207226,235071822
0,28542501624,235062844
0,28544796022,235054988
0,28547090420,235048114
0,28549384818,235042099
0,28551679216,235036836
0,28553973614,235032231
0,28711639076,235028202
0,28711682276,235024676
0,28711725476,235021591
0,28711768676,235018892
0,28711811876,235016530
0,28711855076,235014463
0,28711898276,235012655
0,28711941476,235011073
0,28711984676,235009688
0,28712027876,235133477
0,28712071076,235241792
0,28712114276,235211568
0,28712157476,235185122
0,28712200676,235161981
0,28712243876,235141733
0,28712287076,235124016
0,28712330276,235108514
0,28712373476,235094949
0,28712416676,235083080
0,28712459876,235072695
0,28712503076,235063608
0,28712546276,235055657
0,28712589476,235048699
0,28712632676,235042611
0,28712675876,235037284
0,28712719076,235032623
0,28712762276,235028545
0,28713334919,235024976
0,28715629317,235021854
0,28717923715,235019122
0,28720218113,235016731
0,28722512511,235014639
0,28724806909,235012809
0,28727101307,235011207
0,28729395705,235009806
0,28731690103,235008580
0,28733984501,235007507
0,28736278899,235006568
0,28738573297,235005747
0,28740867695,235005028
0,28743162093,235004399
0,28745456491,235003849
0,28747750889,235003367
0,28750045287,235127946
0,28752339685,235111952
0,28754634083,235097958
0,28756928481,235085713
0,28759222879,235074998
0,28761517277,235065623
0,28763811675,235057420
0,28766106073,235050242
0,28768400471,235043961
0,28770694869,235038465
0,28772989267,235033656
0,28775283665,235029449
0,28777578063,235025767
0,28779872461,235022546
0,28782166859,235019727
0,28784461257,235017261
0,28786755655,235015103
0,28789050053,235138215
0,28947862714,235245938
0,28947905914,235340195
0,28947949114,235422670
0,28947992314,235494836
0,28948035514,235682981
0,28948078714,235847608
0,28948121914,235991657
0,28948165114,236117699
0,28948208314,236227986
0,28948251514,236324487
0,28948294714,236283926
0,28948337914,236248435
0,28948381114,236217380
0,28948424314,236190207
0,28948467514,236166431
0,28948510714,236145627
0,28948553914,236127423
0,28948597114,236111495
0,28948640314,236097558
0,28948683514,236085363
0,28948726714,236074692
0,28948769914,236065355
0,28948813114,236057185
0,28948856314,236050036
0,28948899514,236043781
0,28948942714,236038308
0,28948985914,236033519
0,28949029114,236154329
0,28950705756,236260037
0,28953000154,236477532
0,28955294552,236667840
0,28957588950,236709360
0,28959883348,236745690
0,28962177746,236902478
0,28964472144,236914668
0,28966766542,236925334
0,28969060940,237059667
0,28971355338,237177208
0,28973649736,237155057
0,28975944134,237135674
0,28978238532,237243714
0,28980532930,237213249
0,28982827328,237186592
0,28985121726,237288268
0,28987416124,237252234
0,28989710522,237220704
0,28992004920,237318116
0,28994299318,237403351
0,28996593716,237352932
0,28998888114,237308815
0,29001182512,237395213
0,29003476910,237345811
0,29005771308,237302584
0,29008065706,237389761
0,29010360104,237466040
0,29012654502,237407785
0,29014948900,237356811
0,29017243298,237437209
0,29019537696,237382557
0,29021832094,237334737
0,29024126492,237417894
0,29182939153,256865657
0,29182982353,254132449
0,29183025553,251865892
0,29183068753,249882655
0,29183111953,248147323
0,29183155153,246503907
0,29183198353,245065918
0,29183241553,243807678
0,29183284753,242706718
0,29183327953,241743378
0,29183371153,240900455
0,29183414353,240162898
0,29183457553,239517535
0,29183500753,238952843
0,29183543953,238458737
0,29183587153,238026394
0,29183630353,237648094
0,29183673553,237317082
0,29183716753,237027446
0,29183759953,236774015
0,29183803153,236552263
0,29183846353,236358230
0,29183889553,236188451
0,29183932753,236039894
0,29183975953,235909907
0,29184019153,235921168
0,29184062353,235931022
0,29184105553,235939644
0,29185782195,235947188
0,29188076593,236203789
0,29190370991,236303315
0,29192665389,236390400
0,29194959787,236466600
0,29197254185,236658275
0,29199548583,236700990
0,29201842981,236738366
0,29204137379,236896070
0,29206431777,236909061
0,29208726175,236920428
0,29211020573,237055374
0,29213314971,237173452
0,29215609369,237151770
0,29217903767,237132798
0,29220198165,237241198
0,29222492563,237211048
0,29224786961,237184667
0,29227081359,237286583
0,29229375757,237250760
0,29231670155,237219415
0,29233964553,237191988
0,29236258951,237292989
0,29238553349,237256365
0,29240847747,237224319
0,29243142145,237321279
0,29245436543,237281119
0,29247730941,237245979
0,29250025339,237340231
0,29252319737,237422702
0,29254614135,237369864
0,29256908533,237323631
0,29259202931,237408177
0,29419162791,257107154
0,29419205991,254593759
0,29419249191,252394539
0,29419292391,250345221
0,29419335591,248552068
0,29419378791,246983059
0,29419421991,245610176
0,29419465191,244408904
0,29419508391,243357791
0,29419551591,242438067
0,29419594791,241633308
0,29419637991,240929144
0,29419681191,240313001
0,29419724391,239773875
0,29419767591,239302140
0,29419810791,238889372
0,29419853991,238528200
0,29419897191,238212175
0,29419940391,237935653
0,29419983591,237693696
0,29420026791,237606984
0,29420069991,237531111
0,29420113191,237464722
0,29420156391,237406631
0,29420199591,237355802
0,29420242791,237311326
0,29420285991,237147410
0,29420329191,237003983
0,29420858634,236878485
0,29423153032,237018674
0,29425447430,237016339
0,29427741828,237014296
0,29430036226,237137509
0,29432330624,237245320
0,29434625022,237214655
0,29436919420,237187823
0,29439213818,237289345
0,29441508216,237253176
0,29443802614,237221529
0,29446097012,237318837
0,29448391410,237278982
0,29450685808,237244109
0,29452980206,237213595
0,29455274604,237311895
0,29457569002,237272908
0,29459863400,237238794
0,29462157798,237333944
0,29464452196,237292201
0,29466746594,237255675
0,29469040992,237348715
0,29471335390,237430125
0,29473629788,237376359
0,29475924186,237329314
0,29478218584,237413149
0,29480512982,237361505
0,29482807380,237316316
0,29485101778,237401776
0,29487396176,237351554
0,29489690574,237307609
0,29491984972,237269157
0,29494279370,237360512
0,29496573768,237315448
0,29656533628,237276017
0,29656576828,237241514
0,29656620028,237211324
0,29656663228,237184908
0,29656706428,237161794
0,29656749628,237141569
0,29656792828,237123872
0,29656836028,237108388
0,29656879228,237094839
0,29656922428,237082984
0,29656965628,237072611
0,29657008828,237188534
0,29657052028,237289967
0,29657095228,237378721
0,29657138428,237456380
0,29657181628,237524332
0,29657224828,237583790
0,29657268028,237635816
0,29657311228,237681339
0,29657354428,237721171
0,29657397628,237631024
0,29657440828,237552146
0,29657484028,237483127
0,29657527228,237422736
0,29657570428,237369894
0,29657613628,237323657
0,29657656828,237283199
0,29657700028,237247799
0,29658229471,237341824
0,29660523869,237299096
0,29662818267,237261709
0,29665112665,237353995
0,29667407063,237309745
0,29669701461,237271026
0,29671995859,237237147
0,29674290257,237332503
0,29676584655,237290940
0,29678879053,237254572
0,29681173451,237347750
0,29683467849,237304281
0,29685762247,237266245
0,29688056645,237357964
0,29690351043,237438218
0,29692645441,237383440
0,29694939839,237335510
0,29697234237,237418571
0,29699528635,237366249
0,29701823033,237320467
0,29704117431,237405408
0,29706411829,237354732
0,29708706227,237310390
0,29711000625,237396591
0,29713295023,237472017
0,29715589421,237413014
0,29717883819,237361387
0,29720178217,237441213
0,29722472615,237386061
0,29724767013,237337803
0,29727061411,237420577
0,29729355809,237493004
0,29731650207,237431378
0,29733944605,237377455
0,29895051664,237580273
0,29895094864,237757738
0,29895138064,237913020
0,29895181264,238048892
0,29895224464,238167780
0,29895267664,238271807
0,29895310864,238362831
0,29895354064,238442477
0,29895397264,238512167
0,29895440464,238573146
0,29895483664,238626502
0,29895526864,238548189
0,29895570064,238479665
0,29895613264,238419706
0,29895656464,238367242
0,29895699664,238321336
0,29895742864,238281169
0,29895786064,238246022
0,29895829264,238215269
0,29895872464,238188360
0,29895915664,238164815
0,29895958864,238144213
0,29896002064,238251186
0,29896045264,238344787
0,29896088464,238426688
0,29896131664,238498352
0,29896174864,238561058
0,29896218064,238615925
0,29896261264,238663934
0,29897894706,238705942
0,29900189104,238867699
0,29902483502,239009236
0,29904777900,239008081
0,29907072298,239132070
0,29909366696,239240561
0,29911661094,239335490
0,29913955492,239293553
0,29916249890,239381858
0,29918544288,239459125
0,29920838686,239401734
0,29923133084,239476517
0,29925427482,239541952
0,29927721880,239474208
0,29930016278,239539932
0,29932310676,239597440
0,29934605074,239647760
0,29936899472,239566790
0,29939193870,239620941
0,29941488268,239668323
0,29943782666,239584782
0,29946077064,239636684
0,29948371462,239682098
0,29950665860,239596835
0,29952960258,239522230
0,29955254656,239581951
0,29957549054,239634207
0,29959843452,239554931
0,29962137850,239610564
0,29964432248,239659243
0,29966726646,239576837
0,29969021044,239629732
0,29971315442,239676015
0,30132422501,259591513
0,30132465701,256767573
0,30132508901,254296626
0,30132552101,252134547
0,30132595301,250242728
0,30132638501,248587387
0,30132681701,247138963
0,30132724901,245871592
0,30132768101,244762643
0,30132811301,243792312
0,30132854501,242943273
0,30132897701,242200363
0,30132940901,241550317
0,30132984101,240981527
0,30133027301,240608836
0,30133070501,240282731
0,30133113701,239997389
0,30133156901,239747715
0,30133200101,239529250
0,30133243301,239338093
0,30133286501,239170831
0,30133329701,239024477
0,30133372901,238896417
0,30133416101,238659364
0,30133459301,238451943
0,30133502501,238270450
0,30133545701,238111643
0,30133588901,237972687
0,30133632101,237851101
0,30135265543,237994713
0,30137559941,238245373
0,30139854339,238339701
0,30142148737,238547238
0,30144443135,238728833
0,30146737533,238762728
0,30149031931,238917387
0,30151326329,239052713
0,30153620727,239171123
0,30155915125,239149732
0,30158209523,239256015
0,30160503921,239349013
0,30162798319,239305386
0,30165092717,239392212
0,30167387115,239468185
0,30169681513,239409661
0,30171975911,239358453
0,30174270309,239438646
0,30176564707,239508815
0,30178859105,239445213
0,30181153503,239514561
0,30183447901,239575240
0,30185742299,239503335
0,30188036697,239565418
0,30190331095,239619740
0,30192625493,239667272
0,30194919891,239583863
0,30197214289,239635880
0,30199508687,239681395
0,30201803085,239596220
0,30204097483,239646692
0,30206391881,239690855
0,30208686279,239604498
0,30370940537,259528935
0,30370983737,256837818
0,30371026937,254608090
0,30371070137,252657078
0,30371113337,250949943
0,30371156537,249456200
0,30371199737,248149175
0,30371242937,247005528
0,30371286137,246004837
0,30371329337,245129232
0,30371372537,244363078
0,30371415737,243692693
0,30371458937,243106106
0,30371502137,242592842
0,30371545337,242143736
0,30371588537,241625769
0,30371631737,241172547
0,30371674937,240775978
0,30371718137,240428980
0,30371761337,240125357
0,30371804537,239859687
0,30371847737,239627226
0,30371890937,239423822
0,30371934137,239245844
0,30371977337,239090113
0,30372020537,239078848
0,30372063737,239068992
0,30372106937,239060368
0,30372150137,239052822
0,30372636380,239046219
0,30374930778,239040441
0,30377225176,239160385
0,30379519574,239265336
0,30381813972,239232169
0,30384108370,239328147
0,30386402768,239412128
0,30388697166,239360612
0,30390991564,239315535
0,30393285962,239401093
0,30395580360,239475956
0,30397874758,239416461
0,30400169156,239489403
0,30402463554,239553227
0,30404757952,239484073
0,30407052350,239548563
0,30409346748,239604992
0,30411641146,239654368
0,30413935544,239572572
0,30416229942,239626000
0,30418524340,239672750
0,30420818738,239588656
0,30423113136,239640074
0,30425407534,239685064
0,30427701932,239599431
0,30429996330,239524502
0,30432290728,239583939
0,30434585126,239635946
0,30436879524,239556452
0,30439173922,239611895
0,30441468320,239660408
0,30443762718,239577857
0,30446057116,239630624
0,30448351514,239676796
0,30610605772,239717196
0,30610648972,239752546
0,30610692172,239658477
0,30610735372,239576167
0,30610778572,239504146
0,30610821772,239441127
0,30610864972,239385986
0,30610908172,239337737
0,30610951372,239295519
0,30610994572,239258579
0,30611037772,239351256
0,30611080972,239432349
0,30611124172,239503305
0,30611167372,239565391
0,30611210572,239619717
0,30611253772,239667252
0,30611296972,239708845
0,30611340172,239745239
0,30611383372,239777084
0,30611426572,239804948
0,30611469772,239829329
0,30611512972,239850662
0,30611556172,239869329
0,30611599372,239885662
0,30611642572,239899954
0,30611685772,239787459
0,30611728972,239689026
0,30611772172,239602897
0,30611815372,239527534
0,30612301615,239586592
0,30614596013,239638268
0,30616890411,239558484
0,30619184809,239613673
0,30621479207,239661963
0,30623773605,239579217
0,30626068003,239631814
0,30628362401,239677837
0,30630656799,239718107
0,30632951197,239628343
0,30635245595,239674800
0,30637539993,239715450
0,30639834391,239626018
0,30642128789,239672765
0,30644423187,239713669
0,30646717585,239624460
0,30649011983,239671402
0,30651306381,239712476
0,30653600779,239748416
0,30655895177,239654864
0,30658189575,239698006
0,30660483973,239735755
0,30662778371,239643785
0,30665072769,239688311
0,30667367167,239727272
0,30669661565,239761363
0,30671955963,239666192
0,30674250361,239707918
0,30676544759,239744428
0,30678839157,239651374
0,30681133555,239694952
0,30683427953,239733083
0,30685722351,239641447
0,30688016749,239686266
0,30851418206,239850482
0,30851461406,239994171
0,30851504606,240119899
0,30851547806,240229911
0,30851591006,240326172
0,30851634206,240410400
0,30851677406,240484100
0,30851720606,240548587
0,30851763806,240605013
0,30851807006,240654386
0,30851850206,240572587
0,30851893406,240501013
0,30851936606,240438386
0,30851979806,240383587
0,30852023006,240460638
0,30852066206,240528058
0,30852109406,240587050
0,30852152606,240638668
0,30852195806,240683834
0,30852239006,240723354
0,30852282206,240757934
0,30852325406,240788192
0,30852368606,240814668
0,30852411806,240837834
0,30852455006,240858104
0,30852498206,240875841
0,30852541406,240891360
0,30852584606,240904940
0,30852627806,240916822
0,30852671006,240802219
0,30854261248,240701941
0,30856555646,240614198
0,30858850044,240412423
0,30861144442,240360870
0,30863438840,240315761
0,30865733238,240526290
0,30868027636,240710503
0,30870322034,240871690
0,30872616432,241012728
0,30874910830,241136137
0,30877205228,241244119
0,30879499626,241338604
0,30881794024,241421278
0,30884088422,241493618
0,30886382820,241556915
0,30888677218,241612300
0,30890971616,241535762
0,30893266014,241593791
0,30895560412,241644567
0,30897854810,241688996
0,30900149208,241727871
0,30902443606,241761887
0,30904738004,241791651
0,30907032402,241817694
0,30909326800,241840482
0,30911621198,241860421
0,30913915596,241877868
0,30916209994,241893134
0,30918504392,241906492
0,30920798790,241918180
0,30923093188,241928407
0,30925387586,241937356
0,30927681984,241945186
0,31091083441,262077037
0,31091126641,259317407
0,31091169841,256902731
0,31091213041,254789889
0,31091256241,252941152
0,31091299441,251323508
0,31091342641,249908069
0,31091385841,248669560
0,31091429041,247585865
0,31091472241,246637631
0,31091515441,245807927
0,31091558641,245081936
0,31091601841,244446694
0,31091645041,243890857
0,31091688241,243404499
0,31091731441,242853936
0,31091774641,242372194
0,31091817841,241950669
0,31091861041,241581835
0,31091904241,241259105
0,31091947441,240976716
0,31091990641,240729626
0,31092033841,240638422
0,31092077041,240558619
0,31092120241,240488791
0,31092163441,240427692
0,31092206641,240374230
0,31092249841,240327451
0,31092293041,240286519
0,31092336241,240250704
0,31093926483,240344366
0,31096220881,240551320
0,31098515279,240732405
0,31100809677,240890854
0,31103104075,241029497
0,31105398473,241150809
0,31107692871,241256957
0,31109987269,241224837
0,31112281667,241321732
0,31114576065,241406515
0,31116870463,241480700
0,31119164861,241545612
0,31121459259,241602410
0,31123753657,241652108
0,31126048055,241695594
0,31128342453,241733644
0,31130636851,241766938
0,31132931249,241796070
0,31135225647,241821561
0,31137520045,241843865
0,31139814443,241863381
0,31142108841,241880458
0,31144403239,241895400
0,31146697637,241908475
0,31148992035,241794915
0,31151286433,241820550
0,31153580831,241842981
0,31155875229,241862608
0,31158169627,241879782
0,31160464025,241894809
0,31162758423,241907957
0,31165052821,241919462
0,31167347219,241929529
0,31331895875,262188337
0,31331939075,259414794
0,31331982275,256987944
0,31332025475,254989451
0,31332068675,253240769
0,31332111875,251710672
0,31332155075,250371838
0,31332198275,249200358
0,31332241475,248175313
0,31332284675,247278398
0,31332327875,246493598
0,31332371075,245806898
0,31332414275,245206035
0,31332457475,244680280
0,31332500675,244220245
0,31332543875,243817714
0,31332587075,243465499
0,31332630275,243157311
0,31332673475,242887647
0,31332716675,242651691
0,31332759875,242445229
0,31332803075,242264575
0,31332846275,242106503
0,31332889475,241843190
0,31332932675,241612791
0,31332975875,241411192
0,31333019075,241359793
0,31333062275,241314818
0,31333105475,241275465
0,31333148675,241241031
0,31333591718,241210902
0,31335886116,241309539
0,31338180514,241395846
0,31340474912,241471365
0,31342769310,241537444
0,31345063708,241595263
0,31347358106,241645855
0,31349652504,241690123
0,31351946902,241728857
0,31354241300,241762749
0,31356535698,241792405
0,31358830096,241818354
0,31361124494,241841059
0,31363418892,241860926
0,31365713290,241878310
0,31368007688,241893521
0,31370302086,241906830
0,31372596484,241918476
0,31374890882,241928666
0,31377185280,241937582
0,31379479678,241945384
0,31381774076,241952211
0,31384068474,241958184
0,31386362872,241963411
0,31388657270,241967984
0,31390951668,241971986
0,31393246066,241975487
0,31395540464,241978551
0,31397834862,241981232
0,31400129260,241983578
0,31402423658,241985630
0,31404718056,241987426
0,31407012454,241988997
0,31409306852,241990372
0,31573855508,241991575
0,31573898708,241992628
0,31573941908,241993549
0,31573985108,241869355
0,31574028308,241885685
0,31574071508,241899974
0,31574114708,241912477
0,31574157908,241923417
0,31574201108,241932989
0,31574244308,241941365
0,31574287508,241948694
0,31574330708,241955107
0,31574373908,241960718
0,31574417108,241965628
0,31574460308,241969924
0,31574503508,241973683
0,31574546708,241976972
0,31574589908,241979850
0,31574633108,241982368
0,31574676308,241984572
0,31574719508,241986500
0,31574762708,241988187
0,31574805908,241989663
0,31574849108,241990955
0,31574892308,241992085
0,31574935508,241993074
0,31574978708,241868939
0,31575021908,241885321
0,31575065108,241899655
0,31575108308,241912198
0,31575551351,241923173
0,31577845749,241932776
0,31580140147,241941179
0,31582434545,241948531
0,31584728943,241954964
0,31587023341,241960593
0,31589317739,241965518
0,31591612137,241969828
0,31593906535,241973599
0,31596200933,241976899
0,31598495331,241979786
0,31600789729,241982312
0,31603084127,241984523
0,31605378525,241986457
0,31607672923,241988149
0,31609967321,241864630
0,31612261719,241881551
0,31614556117,241896357
0,31616850515,241909312
0,31619144913,241920648
0,31621439311,241930567
0,31623733709,241939246
0,31626028107,241946840
0,31628322505,241953485
0,31630616903,241959299
0,31632911301,241964386
0,31635205699,241968837
0,31637500097,241972732
0,31639794495,241976140
0,31642088893,241979122
0,31644383291,241981731
0,31646677689,241984014
0,31648972087,241861012
0,31651266485,241878385
0,31816962340,242018586
0,31817005540,242266262
0,31817048740,242482979
0,31817091940,242672606
0,31817135140,242713530
0,31817178340,242749338
0,31817221540,242780670
0,31817264740,242808086
0,31817307940,242832075
0,31817351140,242853065
0,31817394340,242871431
0,31817437540,242887502
0,31817480740,242901564
0,31817523940,242913868
0,31817567140,242924634
0,31817610340,242934054
0,31817653540,242942297
0,31817696740,242949509
0,31817739940,242955820
0,31817783140,242961342
0,31817826340,242966174
0,31817869540,242970402
0,31817912740,242974101
0,31817955940,242977338
0,31817999140,242980170
0,31818042340,243107648
0,31818085540,243219192
0,31818128740,243191793
0,31818171940,243167818
0,31818215140,243146840
0,31818258340,243128485
0,31819805382,242987424
0,31822099780,242863996
0,31824394178,242755996
0,31826688576,242661496
0,31828982974,242453809
0,31831277372,242397082
0,31833571770,242347446
0,31835866168,242304015
0,31838160566,242266013
0,31840454964,242232761
0,31842749362,242203665
0,31845043760,242178206
0,31847338158,242155930
0,31849632556,242136438
0,31851926954,242119383
0,31854221352,242104460
0,31856515750,242091402
0,31858810148,242079976
0,31861104546,242069979
0,31863398944,242061231
0,31865693342,242053577
0,31867987740,241921879
0,31870282138,241931644
0,31872576536,241940188
0,31874870934,241947664
0,31877165332,241954206
0,31879459730,241959930
0,31881754128,242214938
0,31884048526,242563070
0,31886342924,242742686
0,31888637322,242899850
0,31890931720,243037368
0,31893226118,243282697
0,32058921973,263747359
0,32058965173,261028939
0,32059008373,258650321
0,32059051573,256569030
0,32059094773,254747901
0,32059137973,253154413
0,32059181173,251760111
0,32059224373,250540097
0,32059267573,249472584
0,32059310773,248538511
0,32059353973,247721197
0,32059397173,247006047
0,32059440373,246380291
0,32059483573,245832754
0,32059526773,245353659
0,32059569973,244934451
0,32059613173,244567644
0,32059656373,244246688
0,32059699573,243965852
0,32059742773,243720120
0,32059785973,243505105
0,32059829173,243316966
0,32059872373,243152345
0,32059915573,243008301
0,32059958773,242882263
0,32060001973,242896980
0,32060045173,242784857
0,32060088373,242686749
0,32060131573,242600905
0,32060174773,242525791
0,32060217973,242460067
0,32061765015,242527558
0,32064059413,242836613
0,32066353811,242982036
0,32068648209,243109281
0,32070942607,243220620
0,32073237005,243443042
0,32075531403,243512661
0,32077825801,243573578
0,32080120199,243751880
0,32082414597,243782895
0,32084708995,243810033
0,32087003393,243958778
0,32089297791,243963930
0,32091592189,243968438
0,32093886587,243972383
0,32096180985,244100835
0,32098475383,244088230
0,32100769781,244077201
0,32103064179,244192550
0,32105358577,244168481
0,32107652975,244147420
0,32109947373,244128992
0,32112241771,244237868
0,32114536169,244208134
0,32116830567,244182117
0,32119124965,244284352
0,32121419363,244248808
0,32123713761,244217707
0,32126008159,244315493
0,32128302557,244276056
0,32130596955,244241549
0,32132891353,244211355
0,32135185751,244309935
0,32300881606,264646193
0,32300924806,261815418
0,32300968006,259338490
0,32301011206,257171178
0,32301054406,255274780
0,32301097606,253615432
0,32301140806,252163503
0,32301184006,250893065
0,32301227206,249781431
0,32301270406,248808752
0,32301313606,247957658
0,32301356806,247212950
0,32301400006,246561331
0,32301443206,245991164
0,32301486406,245492268
0,32301529606,245055734
0,32301572806,244673767
0,32301616006,244339546
0,32301659206,244047102
0,32301702406,243791214
0,32301745606,243567312
0,32301788806,243371398
0,32301832006,243199973
0,32301875206,243049976
0,32301918406,242918729
0,32301961606,242803887
0,32302004806,242703401
0,32302048006,242615475
0,32302091206,242538540
0,32302134406,242471222
0,32302177606,242412319
0,32303724648,242485779
0,32306019046,242800056
0,32308313444,242950049
0,32310607842,243081292
0,32312902240,243196130
0,32315196638,243421613
0,32317491036,243493911
0,32319785434,243557172
0,32322079832,243737525
0,32324374230,243770334
0,32326668628,243799042
0,32328963026,243824161
0,32331257424,243846140
0,32333551822,243865372
0,32335846220,243882200
0,32338140618,244021925
0,32340435016,244019184
0,32342729414,244016786
0,32345023812,244139687
0,32347318210,244122226
0,32349612608,244106947
0,32351907006,244093578
0,32354201404,244206880
0,32356495802,244181020
0,32358790200,244158392
0,32361084598,244263593
0,32363378996,244230643
0,32365673394,244201812
0,32367967792,244176585
0,32370262190,244154511
0,32372556588,244135197
0,32374850986,244118297
0,32377145384,244228509
0,32543988438,264699945
0,32544031638,262112451
0,32544074838,259848394
0,32544118038,257867344
0,32544161238,256008926
0,32544204438,254382810
0,32544247638,252959958
0,32544290838,251714963
0,32544334038,250625592
0,32544377238,249672393
0,32544420438,248838343
0,32544463638,248108550
0,32544506838,247469981
0,32544550038,246911233
0,32544593238,246422328
0,32544636438,245994537
0,32544679638,245620219
0,32544722838,245292691
0,32544766038,245006104
0,32544809238,244755341
0,32544852438,244535923
0,32544895638,244343932
0,32544938838,244175940
0,32544982038,244028947
0,32545025238,244025328
0,32545068438,244022162
0,32545111638,244019391
0,32545154838,243891967
0,32545198038,243780471
0,32545241238,243682912
0,32545284438,243597548
0,32545684281,243522854
0,32547978679,243582497
0,32550273077,243634684
0,32552567475,243680348
0,32554861873,243720304
0,32557156271,243880266
0,32559450669,243895232
0,32561745067,243908328
0,32564039465,244044787
0,32566333863,244039188
0,32568628261,244034289
0,32570922659,244030002
0,32573217057,244151251
0,32575511455,244132344
0,32577805853,244115801
0,32580100251,244226325
0,32582394649,244198034
0,32584689047,244173279
0,32586983445,244151619
0,32589277843,244132666
0,32591572241,244116082
0,32593866639,244101571
0,32596161037,244213874
0,32598455435,244187139
0,32600749833,244163746
0,32603044231,244268277
0,32605338629,244234742
0,32607633027,244205399
0,32609927425,244179724
0,32612221823,244282258
0,32614516221,244246975
0,32616810619,244216103
0,32619105017,244314090
0,32621399415,244274828
0,32788242469,244365474
0,32788285669,244319789
0,32788328869,244279815
0,32788372069,244244838
0,32788415269,244214233
0,32788458469,244187453
0,32788501669,244164021
0,32788544869,244143518
0,32788588069,244125578
0,32788631269,244109880
0,32788674469,244096145
0,32788717669,244084126
0,32788760869,244073610
0,32788804069,244064408
0,32788847269,244056357
0,32788890469,244049312
0,32788933669,244043148
0,32788976869,244037754
0,32789020069,244158034
0,32789063269,244263279
0,32789106469,244355369
0,32789149669,244435947
0,32789192869,244506453
0,32789236069,244568146
0,32789279269,244497127
0,32789322469,244434986
0,32789365669,244380612
0,32789408869,244333035
0,32789452069,244291405
0,32789495269,244254979
0,32789538469,244223106
0,32789938312,244195217
0,32792232710,244295814
0,32794527108,244258837
0,32796821506,244226482
0,32799115904,244323171
0,32801410302,244282774
0,32803704700,244247427
0,32805999098,244216498
0,32808293496,244189435
0,32810587894,244165755
0,32812882292,244145035
0,32815176690,244251905
0,32817471088,244220416
0,32819765486,244192864
0,32822059884,244293756
0,32824354282,244257036
0,32826648680,244224906
0,32828943078,244196792
0,32831237476,244297193
0,32833531874,244260043
0,32835826272,244227537
0,32838120670,244324094
0,32840415068,244283582
0,32842709466,244248134
0,32845003864,244342117
0,32847298262,244299352
0,32849592660,244261933
0,32851887058,244229191
0,32854181456,244325542
0,32856475854,244284849
0,32858770252,244249242
0,32861064650,244343086
0,32863359048,244300200
0,32865653446,244262675
0,33033643699,244354840
0,33033686899,244435485
0,33033730099,244506049
0,33033773299,244567792
0,33033816499,244621818
0,33033859699,244669090
0,33033902899,244710453
0,33033946099,244746646
0,33033989299,244778315
0,33034032499,244931025
0,33034075699,245064646
0,33034118899,245181565
0,33034162099,245283869
0,33034205299,245373385
0,33034248499,245451711
0,33034291699,245520247
0,33034334899,245580216
0,33034378099,245632689
0,33034421299,245678602
0,33034464499,245593776
0,33034507699,245519554
0,33034550899,245454609
0,33034594099,245397782
0,33034637299,245348059
0,33034680499,245304551
0,33034723699,245266482
0,33034766899,245233171
0,33034810099,245204024
0,33034853299,245178521
0,33034896499,245156205
0,33034939699,245136679
0,33034982899,245119594
0,33036486741,245354644
0,33038781139,245435313
0,33041075537,245630898
0,33043369935,245802035
0,33045664333,245826780
0,33047958731,245848432
0,33050253129,245992378
0,33052547527,246118330
0,33054841925,246103538
0,33057136323,246215595
0,33059430721,246313645
0,33061725119,246274439
0,33064019517,246365134
0,33066313915,246444492
0,33068608313,246388930
0,33070902711,246340313
0,33073197109,246422773
0,33075491507,246494926
0,33077785905,246433060
0,33080080303,246503927
0,33082374701,246565936
0,33084669099,246495194
0,33086963497,246433294
0,33089257895,246504132
0,33091552293,246441115
0,33093846691,246385975
0,33096141089,246462728
0,33098435487,246529887
0,33100729885,246463651
0,33103024283,246530694
0,33105318681,246589357
0,33107613079,246515687
0,33109907477,246451226
0,33277897730,267144822
0,33277940930,264251719
0,33277984130,261720254
0,33278027330,259630222
0,33278070530,257801444
0,33278113730,256201263
0,33278156930,254801105
0,33278200130,253575966
0,33278243330,252503970
0,33278286530,251565973
0,33278329730,250620226
0,33278372930,249792697
0,33278416130,249068609
0,33278459330,248435032
0,33278502530,247880653
0,33278545730,247395571
0,33278588930,246971124
0,33278632130,246599733
0,33278675330,246274766
0,33278718530,245990420
0,33278761730,245741617
0,33278804930,245523914
0,33278848130,245333424
0,33278891330,245166746
0,33278934530,245020902
0,33278977730,244893289
0,33279020930,244906627
0,33279064130,244918298
0,33279107330,244928510
0,33279150530,244937446
0,33279193730,244945265
0,33279236930,244952106
0,33280740772,245083092
0,33283035170,245322705
0,33285329568,245532366
0,33287623966,245590820
0,33289918364,245641967
0,33292212762,245811721
0,33294507160,245960255
0,33296801558,245965223
0,33299095956,246094570
0,33301390354,246207748
0,33303684752,246181779
0,33305979150,246159056
0,33308273548,246264174
0,33310567946,246231152
0,33312862344,246202258
0,33315156742,246301975
0,33317451140,246389228
0,33319745538,246340574
0,33322039936,246423002
0,33324334334,246495126
0,33326628732,246433235
0,33328923130,246379080
0,33331217528,246456695
0,33333511926,246524608
0,33335806324,246459032
0,33338100722,246526653
0,33340395120,246585821
0,33342689518,246512593
0,33344983916,246448518
0,33347278314,246517453
0,33349572712,246452771
0,33351867110,246396174
0,33354161508,246471652
0,33523298960,267412695
0,33523342160,264736108
0,33523385360,262394094
0,33523428560,260344832
0,33523471760,258426728
0,33523514960,256748387
0,33523558160,255279838
0,33523601360,253994858
0,33523644560,252870500
0,33523687760,251886687
0,33523730960,251025851
0,33523774160,250272619
0,33523817360,249613541
0,33523860560,249036848
0,33523903760,248532242
0,33523946960,248090711
0,33523990160,247704372
0,33524033360,247491325
0,33524076560,247304909
0,33524119760,247141795
0,33524162960,246999070
0,33524206160,246874186
0,33524249360,246764912
0,33524292560,246669298
0,33524335760,246585635
0,33524378960,246512430
0,33524422160,246448376
0,33524465360,246267329
0,33524508560,246108912
0,33524551760,245970298
0,33524594960,245849010
0,33524638160,245742883
0,33524994803,245650022
0,33527289201,245818769
0,33529583599,245841422
0,33531877997,245861244
0,33534172395,246003588
0,33536466793,246128139
0,33538761191,246112121
0,33541055589,246223105
0,33543349987,246320216
0,33545644385,246280189
0,33547938783,246245165
0,33550233181,246339519
0,33552527579,246422079
0,33554821977,246369319
0,33557116375,246448154
0,33559410773,246517134
0,33561705171,246452492
0,33563999569,246395930
0,33566293967,246471438
0,33568588365,246412508
0,33570882763,246360944
0,33573177161,246440826
0,33575471559,246510722
0,33577765957,246446881
0,33580060355,246516020
0,33582354753,246576517
0,33584649151,246504452
0,33586943549,246441395
0,33589237947,246511220
0,33591532345,246572317
0,33593826743,246500777
0,33596121141,246563179
0,33598415539,246617781
0,33600709937,246540558
0,33769847389,246472988
0,33769890589,246413864
0,33769933789,246362131
0,33769976989,246316864
0,33770020189,246402256
0,33770063389,246476974
0,33770106589,246542352
0,33770149789,246599558
0,33770192989,246649613
0,33770236189,246693411
0,33770279389,246731734
0,33770322589,246765267
0,33770365789,246794608
0,33770408989,246820282
0,33770452189,246842746
0,33770495389,246862402
0,33770538589,246879601
0,33770581789,246769650
0,33770624989,246673443
0,33770668189,246589262
0,33770711389,246515604
0,33770754589,246451153
0,33770797789,246394758
0,33770840989,246345413
0,33770884189,246302236
0,33770927389,246264456
0,33770970589,246231399
0,33771013789,246327474
0,33771056989,246411539
0,33771100189,246485096
0,33771143389,246549459
0,33771186589,246605776
0,33771543232,246655054
0,33773837630,246573172
0,33776132028,246626525
0,33778426426,246673209
0,33780720824,246589057
0,33783015222,246640424
0,33785309620,246685371
0,33787604018,246599699
0,33789898416,246524736
0,33792192814,246584144
0,33794487212,246636126
0,33796781610,246556610
0,33799076008,246612033
0,33801370406,246660528
0,33803664804,246577962
0,33805959202,246505716
0,33808253600,246567501
0,33810547998,246621563
0,33812842396,246543867
0,33815136794,246600883
0,33817431192,246650772
0,33819725590,246569425
0,33822019988,246623246
0,33824314386,246670340
0,33826608784,246586547
0,33828903182,246513228
0,33831197580,246574074
0,33833491978,246627314
0,33835786376,246548899
0,33838080774,246605286
0,33840375172,246654625
0,33842669570,246572796
0,33844963968,246501196
0,33847258366,246563546
0,34017543017,246743102
0,34017586217,246900214
0,34017629417,247037687
0,34017672617,247157976
0,34017715817,247138229
0,34017759017,247120950
0,34017802217,247105831
0,34017845417,247092602
0,34017888617,247081026
0,34017931817,247070897
0,34017975017,247062034
0,34018018217,247179279
0,34018061417,247281869
0,34018104617,247371635
0,34018147817,247450180
0,34018191017,247518907
0,34018234217,247579043
0,34018277417,247631662
0,34018320617,247677704
0,34018363817,247717991
0,34018407017,247753242
0,34018450217,247784086
0,34018493417,247811075
0,34018536617,247834690
0,34018579817,247855353
0,34018623017,247873433
0,34018666217,247889253
0,34018709417,247778096
0,34018752617,247680834
0,34018795817,247595729
0,34018839017,247521262
0,34018882217,247456104
0,34018925417,247399091
0,34020386059,247599204
0,34022680457,247774303
0,34024974855,247802515
0,34027269253,247952200
0,34029563651,248083175
0,34031858049,248072778
0,34034152447,248188680
0,34036446845,248290095
0,34038741243,248378833
0,34041035641,248456478
0,34043330039,248524418
0,34045624437,248583865
0,34047918835,248510881
0,34050213233,248572020
0,34052507631,248625517
0,34054802029,248672327
0,34057096427,248713286
0,34059390825,248749125
0,34061685223,248780484
0,34063979621,248682923
0,34066274019,248722557
0,34068568417,248757237
0,34070862815,248662582
0,34073157213,248704759
0,34075451611,248741664
0,34077746009,248773956
0,34080040407,248802211
0,34082334805,248826934
0,34084629203,248848567
0,34086923601,248742496
0,34089217999,248774684
0,34091512397,248802848
0,34093806795,248827492
0,34264091446,269849055
0,34264134646,266992923
0,34264177846,264493807
0,34264221046,262307081
0,34264264246,260393695
0,34264307446,258719483
0,34264350646,257254547
0,34264393846,255972728
0,34264437046,254851137
0,34264480246,253869744
0,34264523446,253011026
0,34264566646,252259647
0,34264609846,251477191
0,34264653046,250792542
0,34264696246,250193474
0,34264739446,249669289
0,34264782646,249210627
0,34264825846,248809298
0,34264869046,248458135
0,34264912246,248150868
0,34264955446,247882009
0,34264998646,247646757
0,34265041846,247565912
0,34265085046,247495173
0,34265128246,247433276
0,34265171446,247379116
0,34265214646,247331726
0,34265257846,247290260
0,34265301046,247253977
0,34265344246,247222229
0,34265387446,247194450
0,34265430646,247170143
0,34265473846,247148875
0,34266934488,247255265
0,34269228886,247473356
0,34271523284,247664186
0,34273817682,247831162
0,34276112080,247977266
0,34278406478,248105107
0,34280700876,248216968
0,34282995274,248189847
0,34285289672,248291116
0,34287584070,248379726
0,34289878468,248332260
0,34292172866,248415727
0,34294467264,248488761
0,34296761662,248552665
0,34299056060,248608581
0,34301350458,248657508
0,34303644856,248700319
0,34305939254,248612779
0,34308233652,248661181
0,34310528050,248703533
0,34312822448,248740591
0,34315116846,248773017
0,34317411244,248801389
0,34319705642,248826215
0,34322000040,248847938
0,34324294438,248866945
0,34326588836,248883576
0,34328883234,248773129
0,34331177632,248801487
0,34333472030,248826301
0,34335766428,248848013
0,34338060826,248867011
0,34340355224,248883634
0,34511787074,270023179
0,34511830274,267145281
0,34511873474,264627120
0,34511916674,262423730
0,34511959874,260495763
0,34512003074,258933792
0,34512046274,257567068
0,34512089474,256371184
0,34512132674,255324786
0,34512175874,254409187
0,34512219074,253608038
0,34512262274,252907033
0,34512305474,252293653
0,34512348674,251756946
0,34512391874,251287327
0,34512435074,250876411
0,34512478274,250516859
0,34512521474,250202251
0,34512564674,249926969
0,34512607874,249686097
0,34512651074,249475334
0,34512694274,249290917
0,34512737474,249129552
0,34512780674,248863358
0,34512823874,248630438
0,34512867074,248426633
0,34512910274,248248303
0,34512953474,248092265
0,34512996674,247955731
0,34513039874,247961264
0,34513083074,247966106
0,34513126274,247970342
0,34513169474,247974049
0,34513482917,247977292
0,34515777315,248105130
0,34518071713,248216988
0,34520366111,248314864
0,34522660509,248400506
0,34524954907,248350442
0,34527249305,248431636
0,34529543703,248502681
0,34531838101,248564845
0,34534132499,248619239
0,34536426897,248666834
0,34538721295,248708479
0,34541015693,248744919
0,34543310091,248776804
0,34545604489,248804703
0,34547898887,248704115
0,34550193285,248741100
0,34552487683,248773462
0,34554782081,248801779
0,34557076479,248826556
0,34559370877,248848236
0,34561665275,248867206
0,34563959673,248758805
0,34566254071,248788954
0,34568548469,248815334
0,34570842867,248713417
0,34573137265,248749239
0,34575431663,248780584
0,34577726061,248808011
0,34580020459,248832009
0,34582314857,248853007
0,34584609255,248871381
0,34586903653,248762458
0,34589198051,248792150
0,34760629901,248818131
0,34760673101,248840864
0,34760716301,248860756
0,34760759501,248878161
0,34760802701,248893390
0,34760845901,248781716
0,34760889101,248684001
0,34760932301,248598500
0,34760975501,248523687
0,34761018701,248583226
0,34761061901,248635322
0,34761105101,248680906
0,34761148301,248720792
0,34761191501,248755693
0,34761234701,248786231
0,34761277901,248812952
0,34761321101,248836333
0,34761364301,248856791
0,34761407501,248874692
0,34761450701,248890355
0,34761493901,248904060
0,34761537101,248916052
0,34761580301,248926545
0,34761623501,248935726
0,34761666701,248943760
0,34761709901,248950790
0,34761753101,248956941
0,34761796301,248962323
0,34761839501,248967032
0,34761882701,248846153
0,34761925901,248740383
0,34761969101,248647835
0,34762012301,248691855
0,34762325744,248730373
0,34764620142,248764076
0,34766914540,248668566
0,34769208938,248709995
0,34771503336,248746245
0,34773797734,248777964
0,34776092132,248805718
0,34778386530,248830003
0,34780680928,248851252
0,34782975326,248744845
0,34785269724,248776739
0,34787564122,248804646
0,34789858520,248704065
0,34792152918,248741056
0,34794447316,248773424
0,34796741714,248801746
0,34799036112,248826527
0,34801330510,248848211
0,34803624908,248867184
0,34805919306,248758786
0,34808213704,248788937
0,34810508102,248815319
0,34812802500,248838404
0,34815096898,248858603
0,34817391296,248876277
0,34819685694,248891742
0,34821980092,248780274
0,34824274490,248807739
0,34826568888,248831771
0,34828863286,248727799
0,34831157684,248761824
0,34833452082,248791596
0,34835746480,248817646
0,34838040878,248840440
0,35010619927,248985385
0,35010663127,249112211
0,35010706327,249223184
0,35010749527,249320286
0,35010792727,249405250
0,35010835927,249479593
0,35010879127,249544643
0,35010922327,249601562
0,35010965527,249651366
0,35011008727,249694945
0,35011051927,249733076
0,35011095127,249766441
0,35011138327,249795635
0,35011181527,249821180
0,35011224727,249843532
0,35011267927,249863090
0,35011311127,249880203
0,35011354327,249895177
0,35011397527,249908279
0,35011440727,249919744
0,35011483927,249929776
0,35011527127,249938554
0,35011570327,249946234
0,35011613527,249952954
0,35011656727,249958834
0,35011699927,249963979
0,35011743127,249968481
0,35011786327,249972420
0,35011829527,249975867
0,35011872727,249978883
0,35011915927,249981522
0,35011959127,249983831
0,35012002327,249985852
0,35012045527,249987620
0,35013462969,249864167
0,35015757367,249756146
0,35018051765,249661627
0,35020346163,249578923
0,35022640561,249506557
0,35024934959,249693237
0,35027229357,249856582
0,35029523755,249999509
0,35031818153,250124570
0,35034112551,250358998
0,35036406949,250439123
0,35038701347,250509232
0,35040995745,250570578
0,35043290143,250624255
0,35045584541,250671223
0,35047878939,250712320
0,35050173337,250748280
0,35052467735,250779745
0,35054762133,250807276
0,35057056531,250956366
0,35059350929,250961820
0,35061645327,250966592
0,35063939725,250970768
0,35066234123,250974422
0,35068528521,250977619
0,35070822919,250980416
0,35073117317,251107864
0,35075411715,251094381
0,35077706113,251082583
0,35080000511,251197260
0,35082294909,251172602
0,35084589307,251151026
0,35086883705,251132147
0,35259462754,272365628
0,35259505954,269444924
0,35259549154,266889308
0,35259592354,264653144
0,35259635554,262696501
0,35259678754,260984438
0,35259721954,259486383
0,35259765154,258175585
0,35259808354,257028636
0,35259851554,256025056
0,35259894754,255021924
0,35259937954,254144183
0,35259981154,253376160
0,35260024354,252829140
0,35260067554,252350497
0,35260110754,251931684
0,35260153954,251565223
0,35260197154,251244570
0,35260240354,250963998
0,35260283554,250718498
0,35260326754,250503685
0,35260369954,250315724
0,35260413154,250151258
0,35260456354,250007350
0,35260499554,249881431
0,35260542754,249771252
0,35260585954,249674845
0,35260629154,249590489
0,35260672354,249516677
0,35260715554,249452092
0,35260758754,249395580
0,35260801954,249346132
0,35260845154,249302865
0,35260888354,249140006
0,35262305796,249247505
0,35264600194,249466566
0,35266894592,249658245
0,35269188990,249825964
0,35271483388,249972718
0,35273777786,250101128
0,35276072184,250338487
0,35278366582,250421176
0,35280660980,250493529
0,35282955378,250556837
0,35285249776,250612232
0,35287544174,250660703
0,35289838572,250703115
0,35292132970,250865225
0,35294427368,250882071
0,35296721766,250896812
0,35299016164,251034710
0,35301310562,251030371
0,35303604960,251026574
0,35305899358,251023252
0,35308193756,251020345
0,35310488154,251017801
0,35312782552,251015575
0,35315076950,251138628
0,35317371348,251121299
0,35319665746,251106136
0,35321960144,251092869
0,35324254542,251081260
0,35326548940,251071102
0,35328843338,251062214
0,35331137736,251054437
0,35333432134,251047632
0,35335726532,251041678
0,35509452780,272536468
0,35509495980,269719409
0,35509539180,267254482
0,35509582380,265097671
0,35509625580,263210462
0,35509668780,261559154
0,35509711980,260114259
0,35509755180,258849976
0,35509798380,257743729
0,35509841580,256775762
0,35509884780,255928791
0,35509927980,255187692
0,35509971180,254539230
0,35510014380,254096826
0,35510057580,253584722
0,35510100780,253136631
0,35510143980,252744552
0,35510187180,252401483
0,35510230380,252101297
0,35510273580,251838634
0,35510316780,251608804
0,35510359980,251407703
0,35510403180,251231740
0,35510446380,251077772
0,35510489580,250943050
0,35510532780,250825168
0,35510575980,250722022
0,35510619180,250631769
0,35510662380,250552797
0,35510705580,250483697
0,35510748780,250423234
0,35510791980,250370329
0,35510835180,250324037
0,35510878380,250283532
0,35511148623,250373090
0,35513443021,250451453
0,35515737419,250520021
0,35518031817,250705018
0,35520326215,250741890
0,35522620613,250774153
0,35524915011,250802383
0,35527209409,250827085
0,35529503807,250848699
0,35531798205,250867611
0,35534092603,251009159
0,35536387001,251008014
0,35538681399,251007012
0,35540975797,251006135
0,35543270195,251005368
0,35545564593,251004697
0,35547858991,251004109
0,35550153389,251003595
0,35552447787,251003145
0,35554742185,251002751
0,35557036583,251127407
0,35559330981,251111481
0,35561625379,251097545
0,35563919777,251085351
0,35566214175,251074682
0,35568508573,251065346
0,35570802971,251057177
0,35573097369,251175029
0,35575391767,251153150
0,35577686165,251134006
0,35579980563,251117255
0,35582274961,251102598
0,35584569359,251089773
0,35586863757,251078551
0,35760590005,251068732
0,35760633205,251060140
0,35760676405,251052622
0,35760719605,251046044
0,35760762805,251040288
0,35760806005,251035252
0,35760849205,251030845
0,35760892405,251026989
0,35760935605,251023615
0,35760978805,251020663
0,35761022005,251143080
0,35761065205,251250195
0,35761108405,251343920
0,35761151605,251300930
0,35761194805,251263313
0,35761238005,251230398
0,35761281205,251201598
0,35761324405,251176398
0,35761367605,251154348
0,35761410805,251135054
0,35761454005,251118172
0,35761497205,251103400
0,35761540405,251090475
0,35761583605,251079165
0,35761626805,251069269
0,35761670005,251060610
0,35761713205,251053033
0,35761756405,251046403
0,35761799605,251040602
0,35761842805,251035526
0,35761886005,251031085
0,35761929205,251027199
0,35761972405,251023799
0,35762015605,251145824
0,35762285848,251127596
0,35764580246,251111646
0,35766874644,251097690
0,35769169042,251085478
0,35771463440,251074793
0,35773757838,251065443
0,35776052236,251182262
0,35778346634,251159479
0,35780641032,251139544
0,35782935430,251122101
0,35785229828,251106838
0,35787524226,251093483
0,35789818624,251081797
0,35792113022,251196572
0,35794407420,251172000
0,35796701818,251150500
0,35798996216,251131687
0,35801290614,251115226
0,35803585012,251100822
0,35805879410,251088219
0,35808173808,251077191
0,35810468206,251067542
0,35812762604,251059099
0,35815057002,251176711
0,35817351400,251154622
0,35819645798,251135294
0,35821940196,251118382
0,35824234594,251103584
0,35826528992,251090636
0,35828823390,251079306
0,35831117788,251194392
0,35833412186,251170093
0,35835706584,251148831
0,35838000982,251255227
0,36012874429,251348323
0,36012917629,251429782
0,36012960829,251501059
0,36013004029,251688426
0,36013047229,251852372
0,36013090429,251995825
0,36013133629,252121346
0,36013176829,252231177
0,36013220029,252327279
0,36013263229,252411369
0,36013306429,252359947
0,36013349629,252314953
0,36013392829,252275583
0,36013436029,252241135
0,36013479229,252210993
0,36013522429,252184618
0,36013565629,252161540
0,36013608829,252141347
0,36013652029,252123678
0,36013695229,252108218
0,36013738429,252094690
0,36013781629,252082853
0,36013824829,252072496
0,36013868029,252063434
0,36013911229,252055504
0,36013954429,252048566
0,36013997629,252042495
0,36014040829,252162183
0,36014084029,252266910
0,36014127229,252358546
0,36014170429,252438727
0,36014213629,252508886
0,36014256829,252570275
0,36014300029,252498990
0,36014343229,252436616
0,36015717471,252257039
0,36018011869,252224909
0,36020306267,252071795
0,36022600665,251937820
0,36024895063,251820592
0,36027189461,251718018
0,36029483859,251628265
0,36031778257,251549731
0,36034072655,251606014
0,36036367053,251530262
0,36038661451,251463979
0,36040955849,251655981
0,36043250247,251948983
0,36045544645,252080360
0,36047839043,252195315
0,36050133441,252420900
0,36052427839,252618287
0,36054722237,252666001
0,36057016635,252832750
0,36059311033,252978656
0,36061605431,252981324
0,36063899829,252983658
0,36066194227,253110700
0,36068488625,253096862
0,36070783023,253084754
0,36073077421,253199159
0,36075371819,253299264
0,36077666217,253261856
0,36079960615,253229124
0,36082255013,253325483
0,36084549411,253284797
0,36086843809,253249197
0,36089138207,253343047
0,36264011654,274925166
0,36264054854,272059520
0,36264098054,269552080
0,36264141254,267358070
0,36264184454,265313311
0,36264227654,263524147
0,36264270854,261958628
0,36264314054,260588799
0,36264357254,259390199
0,36264400454,258341424
0,36264443654,257423746
0,36264486854,256620777
0,36264530054,255918179
0,36264573254,255303406
0,36264616454,254765480
0,36264659654,254294795
0,36264702854,253882945
0,36264746054,253522576
0,36264789254,253207254
0,36264832454,252931347
0,36264875654,252689928
0,36264918854,252478687
0,36264962054,252293851
0,36265005254,252257119
0,36265048454,252224979
0,36265091654,252196856
0,36265134854,252172249
0,36265178054,252150717
0,36265221254,252006877
0,36265264454,251881017
0,36265307654,251770889
0,36265350854,251674527
0,36265394054,251590211
0,36265437254,251516434
0,36265480454,251451879
0,36266854696,251520394
0,36269149094,251830344
0,36271443492,251976551
0,36273737890,252104482
0,36276032288,252341421
0,36278326686,252548743
0,36280621084,252605150
0,36282915482,252654506
0,36285209880,252822692
0,36287504278,252844855
0,36289798676,252864248
0,36292093074,253006217
0,36294387472,253130439
0,36296681870,253114134
0,36298976268,253099867
0,36301270666,253212383
0,36303565064,253185835
0,36305859462,253162605
0,36308153860,253267279
0,36310448258,253233869
0,36312742656,253204635
0,36315037054,253304055
0,36317331452,253391048
0,36319625850,253342167
0,36321920248,253299396
0,36324214646,253386971
0,36326509044,253338599
0,36328803442,253296274
0,36331097840,253384239
0,36333392238,253461209
0,36335686636,253403557
0,36337981034,253353112
0,36340275432,253433973
0,36516296078,275129726
0,36516339278,272238510
0,36516382478,269708696
0,36516425678,267495109
0,36516468878,265558220
0,36516512078,263863442
0,36516555278,262380511
0,36516598478,261082947
0,36516641678,259947578
0,36516684878,258954130
0,36516728078,258084863
0,36516771278,257324255
0,36516814478,256658723
0,36516857678,256076382
0,36516900878,255566834
0,36516944078,255120979
0,36516987278,254730856
0,36517030478,254514499
0,36517073678,254325186
0,36517116878,254159537
0,36517160078,254014594
0,36517203278,253887769
0,36517246478,253776797
0,36517289678,253679697
0,36517332878,253469734
0,36517376078,253286017
0,36517419278,253125264
0,36517462478,252984606
0,36517505678,252861530
0,36517548878,252753838
0,36517592078,252659608
0,36517635278,252577157
0,36517678478,252505012
0,36517721678,252441885
0,36517764878,252386649
0,36517991921,252338317
0,36520286319,252546027
0,36522580717,252602773
0,36524875115,252652426
0,36527169513,252820872
0,36529463911,252843263
0,36531758309,252862855
0,36534052707,253004998
0,36536347105,253129373
0,36538641503,253113201
0,36540935901,253099050
0,36543230299,253211668
0,36545524697,253185209
0,36547819095,253162057
0,36550113493,253266799
0,36552407891,253358449
0,36554702289,253313642
0,36556996687,253274436
0,36559291085,253365131
0,36561585483,253319489
0,36563879881,253279552
0,36566174279,253369608
0,36568468677,253323407
0,36570763075,253282981
0,36573057473,253372608
0,36575351871,253451032
0,36577646269,253394653
0,36579940667,253345321
0,36582235065,253427155
0,36584529463,253373760
0,36586823861,253327040
0,36589118259,253411160
0,36591412657,253484765
0,36593707055,253424169
0,36769727701,253371147
0,36769770901,253324753
0,36769814101,253284158
0,36769857301,253248638
0,36769900501,253217558
0,36769943701,253190363
0,36769986901,253166567
0,36770030101,253270746
0,36770073301,253361902
0,36770116501,253441664
0,36770159701,253511456
0,36770202901,253572524
0,36770246101,253625958
0,36770289301,253672713
0,36770332501,253713623
0,36770375701,253749420
0,36770418901,253780742
0,36770462101,253683149
0,36770505301,253597755
0,36770548501,253523035
0,36770591701,253457655
0,36770634901,253400448
0,36770678101,253350392
0,36770721301,253306593
0,36770764501,253268268
0,36770807701,253234734
0,36770850901,253205392
0,36770894101,253179718
0,36770937301,253157253
0,36770980501,253137596
0,36771023701,253245396
0,36771066901,253339721
0,36771110101,253422255
0,36771153301,253494473
0,36771196501,253557663
0,36771423544,253612955
0,36773717942,253536335
0,36776012340,253594293
0,36778306738,253645006
0,36780601136,253564380
0,36782895534,253493832
0,36785189932,253557103
0,36787484330,253487465
0,36789778728,253426531
0,36792073126,253498214
0,36794367524,253560937
0,36796661922,253490819
0,36798956320,253429466
0,36801250718,253500782
0,36803545116,253438184
0,36805839514,253383411
0,36808133912,253460484
0,36810428310,253527923
0,36812722708,253461932
0,36815017106,253529190
0,36817311504,253588041
0,36819605902,253514535
0,36821900300,253450218
0,36824194698,253518940
0,36826489096,253454072
0,36828783494,253397313
0,36831077892,253472648
0,36833372290,253538567
0,36835666688,253471246
0,36837961086,253412340
0,36840255484,253485797
0,36842549882,253425072
0,36844844280,253371938
0,36847138678,253450445
0,37024306523,253644139
0,37024349723,253813621
0,37024392923,253961918
0,37024436123,254091678
0,37024479323,254205218
0,37024522523,254304565
0,37024565723,254391494
0,37024608923,254342557
0,37024652123,254299737
0,37024695323,254262269
0,37024738523,254229485
0,37024781723,254200799
0,37024824923,254175699
0,37024868123,254153736
0,37024911323,254134519
0,37024954523,254117704
0,37024997723,254102991
0,37025040923,254215117
0,37025084123,254313227
0,37025127323,254399073
0,37025170523,254474188
0,37025213723,254539914
0,37025256923,254597424
0,37025300123,254647746
0,37025343323,254691777
0,37025386523,254730304
0,37025429723,254764016
0,37025472923,254793514
0,37025516123,254819324
0,37025559323,254841908
0,37025602523,254736669
0,37025645723,254644585
0,37025688923,254564011
0,37025732123,254493509
0,37025775323,254431820
0,37025818523,254377842
0,37027149565,254330611
0,37029443963,254164284
0,37031738361,254018748
0,37034032759,254016404
0,37036327157,254014353
0,37038621555,253887558
0,37040915953,253776613
0,37043210351,253804536
0,37045504749,253703969
0,37047799147,253615972
0,37050093545,253663975
0,37052387943,253705978
0,37054682341,253617730
0,37056976739,253540513
0,37059271137,253597948
0,37061565535,253523204
0,37063859933,253457803
0,37066154331,253525577
0,37068448729,253459879
0,37070743127,253402394
0,37073037525,253477094
0,37075331923,253542457
0,37077626321,253474649
0,37079920719,253415317
0,37082215117,253488402
0,37084509515,253427351
0,37086803913,253373932
0,37089098311,253452190
0,37091392709,253770666
0,37093687107,254049332
0,37095981505,254168165
0,37098275903,254397144
0,37100570301,254597501
0,37277738146,276522813
0,37277781346,273582461
0,37277824546,271009653
0,37277867746,268758446
0,37277910946,266788640
0,37277954146,265065060
0,37277997346,263556927
0,37278040546,262362311
0,37278083746,261317022
0,37278126946,260402394
0,37278170146,259602094
0,37278213346,258901832
0,37278256546,258289103
0,37278299746,257752965
0,37278342946,257283844
0,37278386146,256873363
0,37278429346,256514192
0,37278472546,256199918
0,37278515746,255799928
0,37278558946,255449937
0,37278602146,255143694
0,37278645346,254875732
0,37278688546,254641265
0,37278731746,254436106
0,37278774946,254256592
0,37278818146,254099518
0,37278861346,253962078
0,37278904546,253841818
0,37278947746,253736590
0,37278990946,253644516
0,37279034146,253688951
0,37279077346,253727832
0,37279120546,253761853
0,37279163746,253791621
0,37279206946,253817668
0,37279250146,253840459
0,37280581188,253985401
0,37282875586,254112225
0,37285169984,254348196
0,37287464382,254554671
0,37289758780,254610337
0,37292053178,254784044
0,37294347576,254936038
0,37296641974,255069033
0,37298936372,255060403
0,37301230770,255177852
0,37303525168,255280620
0,37305819566,255245542
0,37308113964,255339849
0,37310408362,255422367
0,37312702760,255494571
0,37314997158,255432749
0,37317291556,255503655
0,37319585954,255565698
0,37321880352,255494985
0,37324174750,255558111
0,37326469148,255613347
0,37328763546,255536678
0,37331057944,255594593
0,37333352342,255645268
0,37335646740,255689609
0,37337941138,255603407
0,37340235536,255652981
0,37342529934,255696358
0,37344824332,255609313
0,37347118730,255658148
0,37349413128,255700879
0,37351707526,255738269
0,37354001924,255770985
0,37531169769,277674611
0,37531212969,274715284
0,37531256169,272125873
0,37531299369,269860138
0,37531342569,267877620
0,37531385769,266142917
0,37531428969,264625052
0,37531472169,263296920
0,37531515369,262009805
0,37531558569,260883579
0,37531601769,259898131
0,37531644969,259035864
0,37531688169,258281381
0,37531731369,257621208
0,37531774569,257043557
0,37531817769,256538112
0,37531860969,256095848
0,37531904169,255708867
0,37531947369,255370258
0,37531990569,255073975
0,37532033769,254939728
0,37532076969,254822262
0,37532120169,254719479
0,37532163369,254629544
0,37532206569,254550851
0,37532249769,254481994
0,37532292969,254421744
0,37532336169,254369026
0,37532379369,254322897
0,37532422569,254282534
0,37532465769,254247217
0,37532508969,254091314
0,37532552169,253954899
0,37532595369,253835536
0,37532638569,253731094
0,37532681769,253639707
0,37534012811,253809743
0,37536307209,254083525
0,37538601607,254323084
0,37540896005,254407698
0,37543190403,254606735
0,37545484801,254780893
0,37547779199,254808281
0,37550073597,254957245
0,37552367995,255087589
0,37554662393,255201640
0,37556956791,255176435
0,37559251189,255279380
0,37561545587,255369457
0,37563839985,255323274
0,37566134383,255407864
0,37568428781,255481881
0,37570723179,255546645
0,37573017577,255603314
0,37575311975,255652899
0,37577606373,255696286
0,37579900771,255609250
0,37582195169,255658093
0,37584489567,255700831
0,37586783965,255613227
0,37589078363,255661573
0,37591372761,255703876
0,37593667159,255740891
0,37595961557,255648279
0,37598255955,255692244
0,37600550353,255730713
0,37602844751,255639373
0,37605139149,255684451
0,37607433547,255723894
0,37785748591,277633407
0,37785791791,274679231
0,37785834991,272094327
0,37785878191,269832536
0,37785921391,267853469
0,37785964591,266121785
0,37786007791,264731561
0,37786050991,263515115
0,37786094191,262450725
0,37786137391,261519384
0,37786180591,260704461
0,37786223791,259991403
0,37786266991,259367477
0,37786310191,258821542
0,37786353391,258343849
0,37786396591,257925867
0,37786439791,257560133
0,37786482991,257240116
0,37786526191,256960101
0,37786569391,256715088
0,37786612591,256500702
0,37786655791,256188114
0,37786698991,255914599
0,37786742191,255675274
0,37786785391,255465864
0,37786828591,255282631
0,37786871791,255122302
0,37786914991,254982014
0,37786958191,254859262
0,37787001391,254876854
0,37787044591,254892247
0,37787087791,254905716
0,37787130991,254917501
0,37787174191,254927813
0,37787217391,254936836
0,37787260591,254944731
0,37787444434,254951639
0,37789738832,254957684
0,37792033230,255087973
0,37794327628,255201976
0,37796622026,255301729
0,37798916424,255264012
0,37801210822,255356010
0,37803505220,255436508
0,37805799618,255381944
0,37808094016,255459201
0,37810388414,255526800
0,37812682812,255585950
0,37814977210,255512706
0,37817271608,255573617
0,37819566006,255626914
0,37821860404,255548549
0,37824154802,255604980
0,37826449200,255654357
0,37828743598,255572562
0,37831037996,255625991
0,37833332394,255672742
0,37835626792,255713649
0,37837921190,255624442
0,37840215588,255671386
0,37842509986,255712462
0,37844804384,255623404
0,37847098782,255670478
0,37849393180,255711668
0,37851687578,255747709
0,37853981976,255654245
0,37856276374,255697464
0,37858570772,255735281
0,37860865170,255643370
0,37863159568,255687948
0,38041474612,255726954
0,38041517812,255761084
0,38041561012,255790948
0,38041604212,255817079
0,38041647412,255839944
0,38041690612,255859951
0,38041733812,255752457
0,38041777012,255658399
0,38041820212,255576099
0,38041863412,255504086
0,38041906612,255441075
0,38041949812,255385940
0,38041993012,255337697
0,38042036212,255420484
0,38042079412,255492923
0,38042122612,255556307
0,38042165812,255611768
0,38042209012,255660297
0,38042252212,255702759
0,38042295412,255739914
0,38042338612,255772424
0,38042381812,255800871
0,38042425012,255825762
0,38042468212,255847541
0,38042511412,255866598
0,38042554612,255883273
0,38042597812,255897863
0,38042641012,255910630
0,38042684212,255921801
0,38042727412,255806575
0,38042770612,255705753
0,38042813812,255617533
0,38042857012,255540341
0,38042900212,255472798
0,38042943412,255413698
0,38042986612,255361985
0,38043170455,255441736
0,38045464853,255511519
0,38047759251,255447579
0,38050053649,255516631
0,38052348047,255577052
0,38054642445,255629920
0,38056936843,255551180
0,38059231241,255607282
0,38061525639,255656371
0,38063820037,255574324
0,38066114435,255627533
0,38068408833,255674091
0,38070703231,255714829
0,38072997629,255625475
0,38075292027,255672290
0,38077586425,255713253
0,38079880823,255624096
0,38082175221,255671084
0,38084469619,255712198
0,38086764017,255623173
0,38089058415,255670276
0,38091352813,255711491
0,38093647211,255747554
0,38095941609,255654109
0,38098236007,255697345
0,38100530405,255735176
0,38102824803,255643279
0,38105119201,255687869
0,38107413599,255726885
0,38109707997,255761024
0,38112002395,255790896
0,38114296793,255817034
0,38116591191,255839904
0,38118885589,255734916
0,38298347832,255893051
0,38298391032,256031419
0,38298434232,256152491
0,38298477432,256258429
0,38298520632,256351125
0,38298563832,256432234
0,38298607032,256503204
0,38298650232,256565303
0,38298693432,256619640
0,38298736632,256667185
0,38298779832,256708786
0,38298823032,256745187
0,38298866232,256777038
0,38298909432,256679908
0,38298952632,256594919
0,38298995832,256520554
0,38299039032,256580484
0,38299082232,256632923
0,38299125432,256678807
0,38299168632,256718956
0,38299211832,256754086
0,38299255032,256784825
0,38299298232,256811721
0,38299341432,256835255
0,38299384632,256855848
0,38299427832,256873867
0,38299471032,256889633
0,38299514232,256903428
0,38299557432,256915499
0,38299600632,256926061
0,38299643832,256935303
0,38299687032,256943390
0,38299730232,256950466
0,38299773432,256956657
0,38299816632,256962074
0,38299859832,256966814
0,38299903032,256970962
0,38301190874,257099591
0,38303485272,257212142
0,38305779670,257310624
0,38308074068,257396796
0,38310368466,257472196
0,38312662864,257538171
0,38314957262,257595899
0,38317251660,257646411
0,38319546058,257690609
0,38321840456,257729282
0,38324134854,257763121
0,38326429252,257792730
0,38328723650,257818638
0,38331018048,257966308
0,38333312446,257970519
0,38335606844,257974204
0,38337901242,257977428
0,38340195640,257980249
0,38342490038,257982717
0,38344784436,257984877
0,38347078834,257986767
0,38349373232,257988421
0,38351667630,257989868
0,38353962028,257991134
0,38356256426,257992242
0,38358550824,257993211
0,38360845222,257994059
0,38363139620,257994801
0,38365434018,257995450
0,38367728416,257996018
0,38370022814,257996515
0,38372317212,257996950
0,38374611610,257997331
0,38554073853,280247664
0,38554117053,277216706
0,38554160253,274564617
0,38554203453,272244039
0,38554246653,270213534
0,38554289853,268436842
0,38554333053,266882236
0,38554376253,265521956
0,38554419453,264331711
0,38554462653,263290247
0,38554505853,262378966
0,38554549053,261581595
0,38554592253,260883895
0,38554635453,260273408
0,38554678653,259739232
0,38554721853,259271828
0,38554765053,258862849
0,38554808253,258379992
0,38554851453,257957493
0,38554894653,257587806
0,38554937853,257264330
0,38554981053,256981288
0,38555024253,256858627
0,38555067453,256751298
0,38555110653,256657385
0,38555153853,256575211
0,38555197053,256503309
0,38555240253,256440395
0,38555283453,256385345
0,38555326653,256337176
0,38555369853,256295029
0,38555413053,256258150
0,38555456253,256225881
0,38555499453,256197645
0,38555542653,256172939
0,38555585853,256151321
0,38555629053,256132405
0,38556916895,256240854
0,38559211293,256460747
0,38561505691,256653153
0,38563800089,256821508
0,38566094487,256968819
0,38568388885,257097716
0,38570683283,257210501
0,38572977681,257309188
0,38575272079,257395539
0,38577566477,257471096
0,38579860875,257537209
0,38582155273,257595057
0,38584449671,257645674
0,38586744069,257689964
0,38589038467,257728718
0,38591332865,257762628
0,38593627263,257792299
0,38595921661,257818261
0,38598216059,257840978
0,38600510457,257860855
0,38602804855,257878248
0,38605099253,257893467
0,38607393651,257906783
0,38609688049,257918435
0,38611982447,257928630
0,38614276845,257937551
0,38616571243,257945357
0,38618865641,257952187
0,38621160039,257958163
0,38623454437,257963392
0,38625748835,257967968
0,38628043233,257971972
0,38630337631,257975475
0,38810947073,280228540
0,38810990273,277199972
0,38811033473,274674975
0,38811076673,272465603
0,38811119873,270532402
0,38811163073,268840851
0,38811206273,267360744
0,38811249473,266065651
0,38811292673,264932444
0,38811335873,263940888
0,38811379073,263073277
0,38811422273,262314117
0,38811465473,261649852
0,38811508673,261068620
0,38811551873,260560042
0,38811595073,260115036
0,38811638273,259725656
0,38811681473,259384949
0,38811724673,259086830
0,38811767873,258825976
0,38811811073,258597729
0,38811854273,258398012
0,38811897473,258223260
0,38811940673,257945352
0,38811983873,257702183
0,38812027073,257614410
0,38812070273,257537608
0,38812113473,257470407
0,38812156673,257411606
0,38812199873,257360155
0,38812243073,257315135
0,38812286273,257275743
0,38812329473,257241275
0,38812372673,257211115
0,38812415873,257184725
0,38812459073,257161634
0,38812502273,257141429
0,38812642916,257123750
0,38814937314,257233281
0,38817231712,257329120
0,38819526110,257412980
0,38821820508,257486357
0,38824114906,257550562
0,38826409304,257606741
0,38828703702,257655898
0,38830998100,257698910
0,38833292498,257736546
0,38835586896,257769477
0,38837881294,257798292
0,38840175692,257823505
0,38842470090,257845566
0,38844764488,257864870
0,38847058886,257881761
0,38849353284,257896540
0,38851647682,257909472
0,38853942080,257920788
0,38856236478,257930689
0,38858530876,257939352
0,38860825274,257946933
0,38863119672,257953566
0,38865414070,257959370
0,38867708468,257964448
0,38870002866,258093892
0,38872297264,258082155
0,38874591662,258071885
0,38876886060,258062899
0,38879180458,258055036
0,38881474856,258048156
0,38883769254,258042136
0,38886063652,258036869
0,38888358050,258032260
0,39068967492,258028227
0,39069010692,258149698
0,39069053892,258130985
0,39069097092,258114611
0,39069140292,258100284
0,39069183492,258087748
0,39069226692,258076779
0,39069269892,258067181
0,39069313092,258058783
0,39069356292,258051435
0,39069399492,258045005
0,39069442692,258039379
0,39069485892,258034456
0,39069529092,258030149
0,39069572292,258026380
0,39069615492,258023082
0,39069658692,258020196
0,39069701892,258017671
0,39069745092,258015462
0,39069788292,258013529
0,39069831492,258011837
0,39069874692,258010357
0,39069917892,258009062
0,39069961092,258007929
0,39070004292,258131937
0,39070047492,258115444
0,39070090692,258101013
0,39070133892,258088386
0,39070177092,258077337
0,39070220292,258067669
0,39070263492,258059210
0,39070306692,258051808
0,39070349892,258045332
0,39070393092,258039665
0,39070436292,258034706
0,39070479492,258030367
0,39070522692,258026571
0,39070663335,258023249
0,39072957733,258020342
0,39075252131,258017799
0,39077546529,258015574
0,39079840927,258013627
0,39082135325,258011923
0,39084429723,258010432
0,39086724121,258009128
0,39089018519,258132987
0,39091312917,258116363
0,39093607315,258101817
0,39095901713,258089089
0,39098196111,258077952
0,39100490509,258068208
0,39102784907,258059682
0,39105079305,258052221
0,39107373703,258045693
0,39109668101,258039981
0,39111962499,258034983
0,39114256897,258030610
0,39116551295,258026783
0,39118845693,258023435
0,39121140091,258020505
0,39123434489,258017941
0,39125728887,258015698
0,39128023285,258013735
0,39130317683,258012018
0,39132612081,258010515
0,39134906479,258009200
0,39137200877,258008050
0,39139495275,258007043
0,39141789673,258006162
0,39144084071,258005391
0,39146378469,258004717
0,39328135110,258254127
0,39328178310,258347361
0,39328221510,258428940
0,39328264710,258500322
0,39328307910,258562781
0,39328351110,258617433
0,39328394310,258665253
0,39328437510,258707096
0,39328480710,258743709
0,39328523910,258775745
0,39328567110,258803776
0,39328610310,258828304
0,39328653510,258849766
0,39328696710,258868545
0,39328739910,258884976
0,39328783110,258899354
0,39328826310,258911934
0,39328869510,258922942
0,39328912710,258932574
0,39328955910,258941002
0,39328999110,258948376
0,39329042310,259079829
0,39329085510,259194850
0,39329128710,259295493
0,39329171910,259258556
0,39329215110,259226236
0,39329258310,259197956
0,39329301510,259173211
0,39329344710,259151559
0,39329387910,259132614
0,39329431110,259116037
0,39329474310,259101532
0,39329517510,259088840
0,39329560710,259077735
0,39329603910,259068018
0,39329647110,259059515
0,39329690310,259052075
0,39329733510,259045565
0,39330978152,258914869
0,39333272550,258800510
0,39335566948,258700446
0,39337861346,258612890
0,39340155744,258536278
0,39342450142,258469243
0,39344744540,258410587
0,39347038938,258359263
0,39349333336,258314355
0,39351627734,258275060
0,39353922132,258240677
0,39356216530,258210592
0,39358510928,258184268
0,39360805326,258411234
0,39363099724,258734829
0,39365394122,258892975
0,39367688520,259031353
0,39369982918,259152433
0,39372277316,259383378
0,39374571714,259460455
0,39376866112,259527898
0,39379160510,259711910
0,39381454908,259747921
0,39383749306,259779430
0,39386043704,259932001
0,39388338102,259940500
0,39390632500,259947937
0,39392926898,259954444
0,39395221296,260085138
0,39397515694,260074495
0,39399810092,260065183
0,39402104490,260182035
0,39404398888,260159280
0,39586155529,282639370
0,39586198729,279559448
0,39586241929,276864517
0,39586285129,274506452
0,39586328329,272443145
0,39586371529,270637751
0,39586414729,269058032
0,39586457929,267675778
0,39586501129,266466305
0,39586544329,265408016
0,39586587529,264482014
0,39586630729,263671762
0,39586673929,262962791
0,39586717129,262342442
0,39586760329,261799636
0,39586803529,261324681
0,39586846729,260909095
0,39586889929,260545458
0,39586933129,260227275
0,39586976329,259948865
0,39587019529,259830256
0,39587062729,259726474
0,39587105929,259510664
0,39587149129,259321831
0,39587192329,259156602
0,39587235529,259012026
0,39587278729,258885522
0,39587321929,258774831
0,39587365129,258677977
0,39587408329,258593229
0,39587451529,258519075
0,39587494729,258454190
0,39587537929,258397416
0,39587581129,258347739
0,39587624329,258304271
0,39587667529,258266237
0,39587710729,258232957
0,39587753929,258203837
0,39588998571,258303357
0,39591292969,258640437
0,39593587367,258810382
0,39595881765,258959084
0,39598176163,259214198
0,39600470561,259312423
0,39602764959,259398370
0,39605059357,259598573
0,39607353755,259648751
0,39609648153,259692657
0,39611942551,259731074
0,39614236949,259889689
0,39616531347,259903477
0,39618825745,259915542
0,39621120143,260051099
0,39623414541,260044711
0,39625708939,260039122
0,39628003337,260159231
0,39630297735,260264327
0,39632592133,260231286
0,39634886531,260202375
0,39637180929,260302078
0,39639475327,260264318
0,39641769725,260231278
0,39644064123,260327368
0,39646358521,260286447
0,39648652919,260250641
0,39650947317,260219310
0,39653241715,260316896
0,39655536113,260277284
0,39657830511,260242623
0,39660124909,260337295
0,39662419307,260295133
0,39845323147,282883241
0,39845366347,279897835
0,39845409547,277285605
0,39845452747,274999904
0,39845495947,272999916
0,39845539147,271249926
0,39845582347,269718685
0,39845625547,268378849
0,39845668747,267206492
0,39845711947,266180680
0,39845755147,265283095
0,39845798347,264497708
0,39845841547,263810494
0,39845884747,263209182
0,39845927947,262683034
0,39845971147,262222654
0,39846014347,261944822
0,39846057547,261701719
0,39846100747,261489004
0,39846143947,261302878
0,39846187147,261140018
0,39846230347,260872515
0,39846273547,260638450
0,39846316747,260433643
0,39846359947,260254437
0,39846403147,260097632
0,39846446347,259960428
0,39846489547,259840374
0,39846532747,259735327
0,39846575947,259643411
0,39846619147,259562984
0,39846662347,259492611
0,39846705547,259431034
0,39846748747,259377154
0,39846791947,259330009
0,39846835147,259288757
0,39846878347,259252662
0,39846921547,259221079
0,39847018990,259318444
0,39849313388,259528638
0,39851607786,259587558
0,39853902184,259639113
0,39856196582,259809223
0,39858490980,259833070
0,39860785378,259853936
0,39863079776,259997194
0,39865374174,259997544
0,39867668572,259997851
0,39869962970,259998119
0,39872257368,260123354
0,39874551766,260107934
0,39876846164,260094442
0,39879140562,260207636
0,39881434960,260181681
0,39883729358,260158970
0,39886023756,260264098
0,39888318154,260231085
0,39890612552,260202199
0,39892906950,260176924
0,39895201348,260279808
0,39897495746,260244832
0,39899790144,260214228
0,39902084542,260312449
0,39904378940,260273392
0,39906673338,260239218
0,39908967736,260209315
0,39911262134,260308150
0,39913556532,260269631
0,39915850930,260235927
0,39918145328,260331436
0,39920439726,260290006
0,39922734124,260253755
0,40105637964,260222035
0,40105681164,260194280
0,40105724364,260169995
0,40105767564,260148745
0,40105810764,260130151
0,40105853964,260113882
0,40105897164,260099646
0,40105940364,260087190
0,40105983564,260076291
0,40106026764,260191754
0,40106069964,260292784
0,40106113164,260381186
0,40106156364,260458537
0,40106199564,260526219
0,40106242764,260585441
0,40106285964,260637260
0,40106329164,260557602
0,40106372364,260487901
0,40106415564,260426913
0,40106458764,260373548
0,40106501964,260326854
0,40106545164,260285997
0,40106588364,260250247
0,40106631564,260218966
0,40106674764,260191595
0,40106717964,260167645
0,40106761164,260146689
0,40106804364,260128352
0,40106847564,260112308
0,40106890764,260098269
0,40106933964,260085985
0,40106977164,260075236
0,40107020364,260190831
0,40107063564,260291977
0,40107106764,260380479
0,40107149964,260457919
0,40107193164,260525679
0,40107236364,260584969
0,40107333807,260511847
0,40109628205,260447866
0,40111922603,260391882
0,40114217001,260467896
0,40116511399,260409409
0,40118805797,260358232
0,40121100195,260438453
0,40123394593,260383646
0,40125688991,260335690
0,40127983389,260293728
0,40130277787,260382012
0,40132572185,260334260
0,40134866583,260292477
0,40137160981,260380917
0,40139455379,260333302
0,40141749777,260291639
0,40144044175,260380184
0,40146338573,260332661
0,40148632971,260291078
0,40150927369,260254693
0,40153221767,260347856
0,40155516165,260304374
0,40157810563,260266327
0,40160104961,260358036
0,40162399359,260313281
0,40164693757,260274120
0,40166988155,260239855
0,40169282553,260334873
0,40171576951,260293013
0,40173871349,260256386
0,40176165747,260349337
0,40178460145,260305669
0,40180754543,260267460
0,40183048941,260359027
0,40367099980,260564148
0,40367143180,260743629
0,40367186380,260900675
0,40367229580,261038090
0,40367272780,261158328
0,40367315980,261263537
0,40367359180,261355594
0,40367402380,261436144
0,40367445580,261506626
0,40367488780,261443297
0,40367531980,261387884
0,40367575180,261339398
0,40367618380,261296973
0,40367661580,261259851
0,40367704780,261227369
0,40367747980,261198947
0,40367791180,261174078
0,40367834380,261152318
0,40367877580,261133278
0,40367920780,261116618
0,40367963980,261102040
0,40368007180,261214285
0,40368050380,261312499
0,40368093580,261398436
0,40368136780,261473631
0,40368179980,261539427
0,40368223180,261596998
0,40368266380,261647373
0,40368309580,261691451
0,40368352780,261730019
0,40368395980,261763766
0,40368439180,261793295
0,40368482380,261694133
0,40368525580,261607366
0,40368568780,261531445
0,40368611980,261465014
0,40368655180,261406887
0,40368698380,261356026
0,40368741580,261311522
0,40369943022,261147581
0,40372237420,261129133
0,40374531818,260987991
0,40376826216,260864492
0,40379120614,260881430
0,40381415012,260771251
0,40383709410,260674844
0,40386003808,260715488
0,40388298206,260751052
0,40390592604,260657170
0,40392887002,260575023
0,40395181400,260628145
0,40397475798,260549626
0,40399770196,260480922
0,40402064594,260545806
0,40404358992,260477580
0,40406653390,260417882
0,40408947788,260365646
0,40411242186,260444940
0,40413536584,260389322
0,40415830982,260340656
0,40418125380,260423074
0,40420419778,260370189
0,40422714176,260323915
0,40425008574,260408425
0,40427302972,260482371
0,40429597370,260422074
0,40431891768,260369314
0,40434186166,260448149
0,40436480564,260392130
0,40438774962,260343113
0,40441069360,260425223
0,40443363758,260372070
0,40627414797,283325561
0,40627457997,280409865
0,40627501197,277858631
0,40627544397,275626302
0,40627587597,273673014
0,40627630797,271963887
0,40627673997,270468401
0,40627717197,269159850
0,40627760397,268014868
0,40627803597,267013009
0,40627846797,266136382
0,40627889997,265369334
0,40627933197,264698167
0,40627976397,264110896
0,40628019597,263722034
0,40628062797,263381779
0,40628105997,263084056
0,40628149197,262823549
0,40628192397,262595605
0,40628235597,262396154
0,40628278797,262221634
0,40628321997,262068929
0,40628365197,261810312
0,40628408397,261584023
0,40628451597,261386020
0,40628494797,261212767
0,40628537997,261061171
0,40628581197,260928524
0,40628624397,260812458
0,40628667597,260710900
0,40628710797,260622037
0,40628753997,260544282
0,40628797197,260476246
0,40628840397,260416715
0,40628883597,260364625
0,40628926797,260319046
0,40628969997,260279165
0,40629013197,260369269
0,40629056397,260448110
0,40630257839,260642096
0,40632552237,260936834
0,40634846635,261069729
0,40637141033,261311012
0,40639435431,261522135
0,40641729829,261581868
0,40644024227,261759134
0,40646318625,261914242
0,40648613023,261924961
0,40650907421,261934340
0,40653201819,262067547
0,40655496217,262184103
0,40657790615,262161090
0,40660085013,262265953
0,40662379411,262357708
0,40664673809,262312994
0,40666968207,262273869
0,40669262605,262364635
0,40671557003,262444055
0,40673851401,262388548
0,40676145799,262464979
0,40678440197,262531856
0,40680734595,262465374
0,40683028993,262532202
0,40685323391,262590676
0,40687617789,262516841
0,40689912187,262452235
0,40692206585,262520705
0,40694500983,262580616
0,40696795381,262508039
0,40699089779,262569534
0,40701384177,262623342
0,40703678575,262545424
0,40887729614,285227246
0,40887772814,282073840
0,40887816014,279314610
0,40887859214,276900283
0,40887902414,274787747
0,40887945614,272939278
0,40887988814,271321868
0,40888032014,270031634
0,40888075214,268902679
0,40888118414,267914844
0,40888161614,267050488
0,40888204814,266294177
0,40888248014,265632404
0,40888291214,265053353
0,40888334414,264546683
0,40888377614,263978347
0,40888420814,263481053
0,40888464014,263045921
0,40888507214,262665180
0,40888550414,262332032
0,40888593614,262040528
0,40888636814,261785462
0,40888680014,261562279
0,40888723214,261366994
0,40888766414,261196119
0,40888809614,261046604
0,40888852814,260915778
0,40888896014,260801305
0,40888939214,260701141
0,40888982414,260613498
0,40889025614,260661810
0,40889068814,260704083
0,40889112014,260741072
0,40889155214,260773438
0,40889198414,260801758
0,40889241614,260826538
0,40889284814,260848220
0,40889328014,260867192
0,40889371214,260758793
0,40890572656,260788943
0,40892867054,260940325
0,40895161452,261197784
0,40897455850,261423061
0,40899750248,261495178
0,40902044646,261683280
0,40904339044,261847870
0,40906633442,261866886
0,40908927840,261883525
0,40911222238,262023084
0,40913516636,262145198
0,40915811034,262127048
0,40918105432,262236167
0,40920399830,262331646
0,40922694228,262290190
0,40924988626,262253916
0,40927283024,262347176
0,40929577422,262428779
0,40931871820,262375181
0,40934166218,262453283
0,40936460616,262521622
0,40938755014,262456419
0,40941049412,262524366
0,40943343810,262583820
0,40945638208,262510842
0,40947932606,262446986
0,40950227004,262516112
0,40952521402,262576598
0,40954815800,262504523
0,40957110198,262566457
0,40959404596,262620649
0,40961698994,262543067
0,40963993392,262475183
0,41149191630,285415785
0,41149234830,282488811
0,41149278030,279927709
0,41149321230,277686745
0,41149364430,275725901
0,41149407630,274010163
0,41149450830,272508892
0,41149494030,271195280
0,41149537230,269920870
0,41149580430,268805761
0,41149623630,267830040
0,41149666830,266976285
0,41149710030,266229249
0,41149753230,265575592
0,41149796430,265003643
0,41149839630,264503187
0,41149882830,264065288
0,41149926030,263682127
0,41149969230,263346861
0,41150012430,263178503
0,41150055630,263031190
0,41150098830,262902291
0,41150142030,262789504
0,41150185230,262690816
0,41150228430,262604464
0,41150271630,262528906
0,41150314830,262462792
0,41150358030,262404943
0,41150401230,262354325
0,41150444430,262310034
0,41150487630,262271279
0,41150530830,262112369
0,41150574030,261973322
0,41150617230,261851656
0,41150660430,261745199
0,41150703630,261652049
0,41150746830,261570542
0,41150790030,261499224
0,41150833230,261436821
0,41150887473,261382218
0,41153181871,261584440
0,41155476269,261761385
0,41157770667,261791211
0,41160065065,261942309
0,41162359463,262074520
0,41164653861,262065205
0,41166948259,262057054
0,41169242657,262174922
0,41171537055,262278056
0,41173831453,262243299
0,41176125851,262337886
0,41178420249,262420650
0,41180714647,262368068
0,41183009045,262447059
0,41185303443,262516176
0,41187597841,262576654
0,41189892239,262504572
0,41192186637,262566500
0,41194481035,262620687
0,41196775433,262543101
0,41199069831,262600213
0,41201364229,262650186
0,41203658627,262568912
0,41205953025,262497798
0,41208247423,262560573
0,41210541821,262615501
0,41212836219,262538563
0,41215130617,262596242
0,41217425015,262646711
0,41219719413,262565872
0,41222013811,262620138
0,41224308209,262667620
0,41226602607,262709167
0,41411800845,262620521
0,41411844045,262542955
0,41411887245,262475085
0,41411930445,262415699
0,41411973645,262363736
0,41412016845,262443269
0,41412060045,262512860
0,41412103245,262573752
0,41412146445,262627033
0,41412189645,262673653
0,41412232845,262714446
0,41412276045,262750140
0,41412319245,262781372
0,41412362445,262808700
0,41412405645,262832612
0,41412448845,262853535
0,41412492045,262871843
0,41412535245,262887862
0,41412578445,262901879
0,41412621645,262789144
0,41412664845,262690501
0,41412708045,262604188
0,41412751245,262528664
0,41412794445,262462581
0,41412837645,262404758
0,41412880845,262354163
0,41412924045,262309892
0,41412967245,262271155
0,41413010445,262362260
0,41413053645,262441977
0,41413096845,262511729
0,41413140045,262572762
0,41413183245,262626166
0,41413226445,262672895
0,41413269645,262713783
0,41413312845,262749560
0,41413356045,262780865
0,41413399245,262808256
0,41413442445,262832224
0,41413496688,262853196
0,41415791086,262746546
0,41418085484,262778227
0,41420379882,262805948
0,41422674280,262705204
0,41424968678,262617053
0,41427263076,262664921
0,41429557474,262706805
0,41431851872,262618454
0,41434146270,262666147
0,41436440668,262707878
0,41438735066,262619393
0,41441029464,262666968
0,41443323862,262708597
0,41445618260,262620022
0,41447912658,262542519
0,41450207056,262599704
0,41452501454,262649741
0,41454795852,262568523
0,41457090250,262622457
0,41459384648,262669649
0,41461679046,262585942
0,41463973444,262512699
0,41466267842,262573611
0,41468562240,262626909
0,41470856638,262548545
0,41473151036,262604976
0,41475445434,262654354
0,41477739832,262572559
0,41480034230,262625989
0,41482328628,262672740
0,41484623026,262588647
0,41486917424,262515066
0,41489211822,262575682
0,41675557259,262753721
0,41675600459,262909505
0,41675643659,263045816
0,41675686859,263165089
0,41675730059,263269452
0,41675773259,263235770
0,41675816459,263206298
0,41675859659,263180510
0,41675902859,263157946
0,41675946059,263138202
0,41675989259,263120926
0,41676032459,263230810
0,41676075659,263326958
0,41676118859,263411088
0,41676162059,263484702
0,41676205259,263549114
0,41676248459,263605474
0,41676291659,263654789
0,41676334859,263697940
0,41676378059,263735697
0,41676421259,263768734
0,41676464459,263797642
0,41676507659,263822936
0,41676550859,263845069
0,41676594059,263864435
0,41676637259,263881380
0,41676680459,263896207
0,41676723659,263909181
0,41676766859,263920533
0,41676810059,263805466
0,41676853259,263704782
0,41676896459,263616684
0,41676939659,263539598
0,41676982859,263472148
0,41677026059,263538129
0,41677069259,263595862
0,41677112459,263646379
0,41677155659,263690581
0,41677198859,263729258
0,41677242059,263763100
0,41678400301,263917712
0,41680694699,264052998
0,41682989097,264046373
0,41685283495,264165576
0,41687577893,264269879
0,41689872291,264361144
0,41692166689,264441001
0,41694461087,264510875
0,41696755485,264572015
0,41699049883,264625513
0,41701344281,264672323
0,41703638679,264713282
0,41705933077,264624121
0,41708227475,264671105
0,41710521873,264712216
0,41712816271,264748189
0,41715110669,264779665
0,41717405067,264807206
0,41719699465,264831305
0,41721993863,264727391
0,41724288261,264761467
0,41726582659,264791283
0,41728877057,264817372
0,41731171455,264840200
0,41733465853,264860175
0,41735760251,264877653
0,41738054649,264892946
0,41740349047,264906327
0,41742643445,264918036
0,41744937843,264803281
0,41747232241,264827870
0,41749526639,264849386
0,41751821037,264868212
0,41938166474,287884685
0,41938209674,284774099
0,41938252874,282052336
0,41938296074,279670794
0,41938339274,277586944
0,41938382474,275763576
0,41938425674,274168129
0,41938468874,272772112
0,41938512074,271550598
0,41938555274,270481773
0,41938598474,269546551
0,41938641674,268728232
0,41938684874,267887203
0,41938728074,267151302
0,41938771274,266507389
0,41938814474,265943965
0,41938857674,265450969
0,41938900874,265019597
0,41938944074,264642147
0,41938987274,264311878
0,41939030474,264147893
0,41939073674,264004406
0,41939116874,263878855
0,41939160074,263768998
0,41939203274,263672873
0,41939246474,263588763
0,41939289674,263515167
0,41939332874,263450771
0,41939376074,263394424
0,41939419274,263345121
0,41939462474,263301980
0,41939505674,263264232
0,41939548874,263231203
0,41939592074,263202302
0,41939635274,263177014
0,41939678474,263029887
0,41939721674,262901151
0,41939764874,262788507
0,41939808074,262689943
0,41939851274,262603700
0,41941009516,262778237
0,41943303914,263055957
0,41945598312,263298962
0,41947892710,263511591
0,41950187108,263697642
0,41952481506,263860436
0,41954775904,264002881
0,41957070302,264127520
0,41959364700,264236580
0,41961659098,264332007
0,41963953496,264290506
0,41966247894,264379192
0,41968542292,264456793
0,41970836690,264524693
0,41973131088,264584106
0,41975425486,264636092
0,41977719884,264681580
0,41980014282,264721382
0,41982308680,264756209
0,41984603078,264786682
0,41986897476,264813346
0,41989191874,264836677
0,41991486272,264857092
0,41993780670,264874955
0,41996075068,264890585
0,41998369466,264904261
0,42000663864,264916228
0,42002958262,264801699
0,42005252660,264826486
0,42007547058,264848175
0,42009841456,264867153
0,42012135854,264883758
0,42014430252,264898288
0,42201922888,288036002
0,42201966088,284906501
0,42202009288,282293188
0,42202052488,280006539
0,42202095688,278005721
0,42202138888,276255005
0,42202182088,274723129
0,42202225288,273382737
0,42202268488,272209894
0,42202311688,271183657
0,42202354888,270285699
0,42202398088,269499986
0,42202441288,268812487
0,42202484488,268210926
0,42202527688,267684560
0,42202570888,267223990
0,42202614088,266820991
0,42202657288,266468367
0,42202700488,266159821
0,42202743688,265889843
0,42202786888,265653612
0,42202830088,265321910
0,42202873288,265031671
0,42202916488,264777712
0,42202959688,264555498
0,42203002888,264486060
0,42203046088,264425302
0,42203089288,264372139
0,42203132488,264325621
0,42203175688,264284918
0,42203218888,264249303
0,42203262088,264218140
0,42203305288,264190872
0,42203348488,264167013
0,42203391688,264146136
0,42203434888,264127869
0,42203478088,264111885
0,42203521288,264097899
0,42203564488,264085661
0,42203607688,264074953
0,42203650888,264065583
0,42205913129,264057385
0,42208207527,264175211
0,42210501925,264278309
0,42212796323,264368520
0,42215090721,264447455
0,42217385119,264516523
0,42219679517,264576957
0,42221973915,264504837
0,42224268313,264566732
0,42226562711,264620890
0,42228857109,264668278
0,42231151507,264709743
0,42233445905,264746025
0,42235740303,264777771
0,42238034701,264805549
0,42240329099,264829855
0,42242623497,264851123
0,42244917895,264744732
0,42247212293,264776640
0,42249506691,264804560
0,42251801089,264828990
0,42254095487,264850366
0,42256389885,264869070
0,42258684283,264885436
0,42260978681,264774756
0,42263273079,264802911
0,42265567477,264827547
0,42267861875,264849103
0,42270156273,264867965
0,42272450671,264884469
0,42274745069,264898910
0,42277039467,264911546
0,42279333865,264922602
0,42466826501,264932276
0,42466869701,264940741
0,42466912901,264823148
0,42466956101,264720254
0,42466999301,264630222
0,42467042501,264676444
0,42467085701,264716888
0,42467128901,264752277
0,42467172101,264783242
0,42467215301,264810336
0,42467258501,264834044
0,42467301701,264854788
0,42467344901,264872939
0,42467388101,264888821
0,42467431301,264902718
0,42467474501,264914878
0,42467517701,264925518
0,42467560901,264934828
0,42467604101,264942974
0,42467647301,264950102
0,42467690501,264956339
0,42467733701,264961796
0,42467776901,264966571
0,42467820101,264970749
0,42467863301,264974405
0,42467906501,264852604
0,42467949701,264746028
0,42467992901,264652774
0,42468036101,264696177
0,42468079301,264734154
0,42468122501,264767384
0,42468165701,264796461
0,42468208901,264821903
0,42468252101,264844165
0,42468295301,264863644
0,42468338501,264880688
0,42468381701,264895602
0,42468424901,264908651
0,42468468101,264920069
0,42468511301,264930060
0,42468554501,264938802
0,42470816742,264946451
0,42473111140,264953144
0,42475405538,264959001
0,42477699936,264964125
0,42479994334,264843609
0,42482288732,264863157
0,42484583130,264880262
0,42486877528,264895229
0,42489171926,264908325
0,42491466324,264919784
0,42493760722,264929811
0,42496055120,264938584
0,42498349518,264946261
0,42500643916,264952978
0,42502938314,264833855
0,42505232712,264854623
0,42507527110,264872795
0,42509821508,264888695
0,42512115906,264902608
0,42514410304,264914782
0,42516704702,264925434
0,42518999100,264809754
0,42521293498,264833534
0,42523587896,264854342
0,42525882294,264872549
0,42528176692,264888480
0,42530471090,264902420
0,42532765488,264914617
0,42535059886,264925289
0,42537354284,264934627
0,42539648682,264942798
0,42541943080,264824948
0,42544237478,264846829
0,42732877313,264990975
0,42732920513,265117103
0,42732963713,265227465
0,42733006913,265449031
0,42733050113,265642902
0,42733093313,265687539
0,42733136513,265726596
0,42733179713,265760771
0,42733222913,265790674
0,42733266113,265816839
0,42733309313,265839734
0,42733352513,265859767
0,42733395713,265877296
0,42733438913,265892634
0,42733482113,265906054
0,42733525313,265917797
0,42733568513,265928072
0,42733611713,265937063
0,42733654913,265944930
0,42733698113,265951813
0,42733741313,265957836
0,42733784513,265963106
0,42733827713,265967717
0,42733870913,265971752
0,42733914113,265975283
0,42733957313,265978372
0,42734000513,266106075
0,42734043713,266217815
0,42734086913,266190588
0,42734130113,266166764
0,42734173313,266145918
0,42734216513,266127678
0,42734259713,266111718
0,42734302913,266097753
0,42734346113,266085533
0,42734389313,266074841
0,42734432513,266065485
0,42734475713,266057299
0,42734518913,266050136
0,42734562113,266043869
0,42734605313,266038385
0,42735720355,266158586
0,42738014753,266388762
0,42740309151,266465166
0,42742603549,266532020
0,42744897947,266590517
0,42747192345,266766702
0,42749486743,266795864
0,42751781141,266821381
0,42754075539,266968708
0,42756369937,266972619
0,42758664335,266976041
0,42760958733,266979035
0,42763253131,266981655
0,42765547529,266983948
0,42767841927,266985954
0,42770136325,267112709
0,42772430723,267098620
0,42774725121,267086292
0,42777019519,267200505
0,42779313917,267175441
0,42781608315,267153510
0,42783902713,267134321
0,42786197111,267242530
0,42788491509,267212213
0,42790785907,267185686
0,42793080305,267287475
0,42795374703,267251540
0,42797669101,267220097
0,42799963499,267192584
0,42802257897,267168511
0,42804552295,267147447
0,42806846693,267129016
0,42809141091,267237889
0,42997780926,290458152
0,42997824126,287275883
0,42997867326,284491397
0,42997910526,282054972
0,42997953726,279798100
0,42997996926,277823337
0,42998040126,276220419
0,42998083326,274817866
0,42998126526,273590632
0,42998169726,272516803
0,42998212926,271577202
0,42998256126,270755051
0,42998299326,270035669
0,42998342526,269406210
0,42998385726,268855433
0,42998428926,268373503
0,42998472126,267951815
0,42998515326,267582838
0,42998558526,267259983
0,42998601726,266977485
0,42998644926,266730299
0,42998688126,266514011
0,42998731326,266324759
0,42998774526,266159164
0,42998817726,266014268
0,42998860926,265887484
0,42998904126,265776548
0,42998947326,265554479
0,42998990526,265360169
0,42999033726,265315147
0,42999076926,265275753
0,42999120126,265241283
0,42999163326,265211122
0,42999206526,265184731
0,42999249726,265161639
0,42999292926,265141434
0,42999336126,265123754
0,42999379326,265108284
0,42999422526,265094748
0,42999465726,265082904
0,42999508926,265072541
0,43000623968,265188473
0,43002918366,265414913
0,43005212764,265613048
0,43007507162,265786417
0,43009801560,265938114
0,43012095958,266195849
0,43014390356,266296367
0,43016684754,266384321
0,43018979152,266461280
0,43021273550,266528620
0,43023567948,266587542
0,43025862346,266639099
0,43028156744,266809211
0,43030451142,266833059
0,43032745540,266853926
0,43035039938,266997185
0,43037334336,266997536
0,43039628734,266997844
0,43041923132,266998113
0,43044217530,266998348
0,43046511928,266998554
0,43048806326,266998734
0,43051100724,267123892
0,43053395122,267108405
0,43055689520,267094854
0,43057983918,267082997
0,43060278316,267072622
0,43062572714,267063544
0,43064867112,267055601
0,43067161510,267173650
0,43069455908,267151943
0,43071750306,267132950
0,43074044704,267241331
0,43263831738,290586164
0,43263874938,287512893
0,43263918138,284823781
0,43263961338,282470808
0,43264004538,280536957
0,43264047738,278844837
0,43264090938,277364232
0,43264134138,275943703
0,43264177338,274700740
0,43264220538,273613147
0,43264263738,272661503
0,43264306938,271828815
0,43264350138,271100213
0,43264393338,270462686
0,43264436538,269904850
0,43264479738,269416743
0,43264522938,268989650
0,43264566138,268615943
0,43264609338,268288950
0,43264652538,268002831
0,43264695738,267752477
0,43264738938,267533417
0,43264782138,267341739
0,43264825338,267174021
0,43264868538,267027268
0,43264911738,266898859
0,43264954938,266786501
0,43264998138,266688188
0,43265041338,266727164
0,43265084538,266761268
0,43265127738,266666109
0,43265170938,266582845
0,43265214138,266509989
0,43265257338,266446240
0,43265300538,266390460
0,43265343738,266341652
0,43265386938,266298945
0,43265430138,266261576
0,43265473338,266228879
0,43265516538,266200269
0,43265559738,266175235
0,43265602938,266153330
0,43267821979,266259163
0,43270116377,266476767
0,43272410775,266542171
0,43274705173,266599399
0,43276999571,266649474
0,43279293969,266693289
0,43281588367,266731627
0,43283882765,266765173
0,43286177163,266919526
0,43288471561,266929585
0,43290765959,266938386
0,43293060357,267071087
0,43295354755,267062201
0,43297649153,267054425
0,43299943551,267047621
0,43302237949,267041668
0,43304532347,267036459
0,43306826745,267031901
0,43309121143,267152913
0,43311415541,267133798
0,43313709939,267117073
0,43316004337,267227438
0,43318298735,267199008
0,43320593133,267174132
0,43322887531,267152365
0,43325181929,267258319
0,43327476327,267226029
0,43329770725,267197775
0,43332065123,267298053
0,43334359521,267260796
0,43336653919,267228196
0,43338948317,267199671
0,43341242715,267174712
0,43531029749,267277873
0,43531072949,267368138
0,43531116149,267447120
0,43531159349,267516230
0,43531202549,267451701
0,43531245749,267395238
0,43531288949,267345833
0,43531332149,267302603
0,43531375349,267264777
0,43531418549,267231679
0,43531461749,267202719
0,43531504949,267177379
0,43531548149,267155206
0,43531591349,267135805
0,43531634549,267118829
0,43531677749,267103975
0,43531720949,267090978
0,43531764149,267079605
0,43531807349,267069654
0,43531850549,267060947
0,43531893749,267053328
0,43531936949,267046662
0,43531980149,267040829
0,43532023349,267160725
0,43532066549,267265634
0,43532109749,267357429
0,43532152949,267437750
0,43532196149,267508031
0,43532239349,267444527
0,43532282549,267388961
0,43532325749,267340340
0,43532368949,267297797
0,43532412149,267260572
0,43532455349,267228000
0,43532498549,267199500
0,43532541749,267174562
0,43532584949,267152741
0,43532628149,267133648
0,43532671349,267116942
0,43532714549,267102324
0,43532757749,267089533
0,43532800949,267078341
0,43535019990,267193548
0,43537314388,267169354
0,43539608786,267148184
0,43541903184,267129661
0,43544197582,267238453
0,43546491980,267208646
0,43548786378,267182565
0,43551080776,267284744
0,43553375174,267249151
0,43555669572,267218007
0,43557963970,267190756
0,43560258368,267166911
0,43562552766,267146047
0,43564847164,267127791
0,43567141562,267236817
0,43569435960,267207214
0,43571730358,267181312
0,43574024756,267283648
0,43576319154,267248192
0,43578613552,267217168
0,43580907950,267190022
0,43583202348,267166269
0,43585496746,267145485
0,43587791144,267127299
0,43590085542,267236386
0,43592379940,267206837
0,43594674338,267180982
0,43596968736,267158359
0,43599263134,267138564
0,43601557532,267121243
0,43603851930,267106087
0,43606146328,267217826
0,43608440726,267190597
0,43799374959,267291772
0,43799418159,267380300
0,43799461359,267457762
0,43799504559,267525541
0,43799547759,267584848
0,43799590959,267636742
0,43799634159,267682149
0,43799677359,267721880
0,43799720559,267756645
0,43799763759,267787064
0,43799806959,267813681
0,43799850159,267836970
0,43799893359,267857348
0,43799936559,267875179
0,43799979759,267890781
0,43800022959,268029433
0,43800066159,268150753
0,43800109359,268256908
0,43800152559,268349794
0,43800195759,268431069
0,43800238959,268502185
0,43800282159,268564411
0,43800325359,268618859
0,43800368559,268541501
0,43800411759,268473813
0,43800454959,268414586
0,43800498159,268362762
0,43800541359,268317416
0,43800584559,268277739
0,43800627759,268243021
0,43800670959,268212643
0,43800714159,268186062
0,43800757359,268162804
0,43800800559,268142453
0,43800843759,268124646
0,43800886959,268109065
0,43800930159,268095431
0,43800973359,268083502
0,43801016559,268198064
0,43801059759,268298306
0,43801102959,268386017
0,43801146159,268462764
0,43802218001,268654918
0,43804512399,268698053
0,43806806797,268735796
0,43809101195,268893821
0,43811395593,269032093
0,43813689991,269028081
0,43815984389,269024570
0,43818278787,269146498
0,43820573185,269128185
0,43822867583,269112161
0,43825161981,269223140
0,43827456379,269320247
0,43829750777,269280216
0,43832045175,269370189
0,43834339573,269448915
0,43836633971,269392800
0,43838928369,269343700
0,43841222767,269425737
0,43843517165,269372519
0,43845811563,269325954
0,43848105961,269410209
0,43850400359,269483932
0,43852694757,269423440
0,43854989155,269370510
0,43857283553,269449196
0,43859577951,269393046
0,43861872349,269343915
0,43864166747,269425925
0,43866461145,269497684
0,43868755543,269435473
0,43871049941,269506038
0,43873344339,269567783
0,43875638737,269496810
0,44066572970,293059708
0,44066616170,289802244
0,44066659370,286951963
0,44066702570,284457967
0,44066745770,282275721
0,44066788970,280366255
0,44066832170,278695473
0,44066875370,277233538
0,44066918570,275954345
0,44066961770,274835051
0,44067004970,273980669
0,44067048170,273233085
0,44067091370,272578949
0,44067134570,272006580
0,44067177770,271505757
0,44067220970,271067537
0,44067264170,270559094
0,44067307370,270114207
0,44067350570,269724931
0,44067393770,269384314
0,44067436970,269086274
0,44067480170,268825489
0,44067523370,268597302
0,44067566570,268397639
0,44067609770,268222934
0,44067652970,268070067
0,44067696170,267936308
0,44067739370,267819269
0,44067782570,267716860
0,44067825770,267627252
0,44067868970,267548845
0,44067912170,267480239
0,44067955370,267420209
0,44067998570,267367682
0,44068041770,267446721
0,44068084970,267515880
0,44068128170,267576395
0,44068171370,267629345
0,44068214570,267675676
0,44068257770,267591216
0,44068300970,267517314
0,44068344170,267452649
0,44069416012,267521067
0,44071710410,267705933
0,44074004808,267992691
0,44076299206,268243604
0,44078593604,268338153
0,44080888002,268420883
0,44083182400,268618272
0,44085476798,268790988
0,44087771196,268817114
0,44090065594,268964974
0,44092359992,269094352
0,44094654390,269082558
0,44096948788,269072238
0,44099243186,269188208
0,44101537584,269164682
0,44103831982,269144096
0,44106126380,269251084
0,44108420778,269344698
0,44110715176,269301610
0,44113009574,269388908
0,44115303972,269465294
0,44117598370,269407132
0,44119892768,269356240
0,44122187166,269436710
0,44124481564,269507121
0,44126775962,269443730
0,44129070360,269513263
0,44131364758,269574105
0,44133659156,269502341
0,44135953554,269439548
0,44138247952,269509604
0,44140542350,269445903
0,44142836748,269390165
0,44334918180,293091394
0,44334961380,289954969
0,44335004580,287335597
0,44335047780,285043647
0,44335090980,283038191
0,44335134180,281283417
0,44335177380,279747989
0,44335220580,278404490
0,44335263780,277228928
0,44335306980,276200312
0,44335350180,275300273
0,44335393380,274387738
0,44335436580,273589270
0,44335479780,272890611
0,44335522980,272279284
0,44335566180,271744373
0,44335609380,271276326
0,44335652580,270866785
0,44335695780,270508436
0,44335738980,270194881
0,44335782180,269920520
0,44335825380,269680455
0,44335868580,269470398
0,44335911780,269286598
0,44335954980,269125773
0,44335998180,268985051
0,44336041380,268986919
0,44336084580,268988554
0,44336127780,268989984
0,44336170980,268991236
0,44336214180,268992331
0,44336257380,268993289
0,44336300580,268994127
0,44336343780,268994861
0,44336386980,268995503
0,44336430180,268871065
0,44336473380,268762181
0,44336516580,268666908
0,44336559780,268583544
0,44336602980,268510601
0,44336646180,268446775
0,44336689380,268390928
0,44336732580,268342062
0,44338908421,268424304
0,44341202819,268621266
0,44343497217,268668607
0,44345791615,268710031
0,44348086013,268871277
0,44350380411,269012367
0,44352674809,269010821
0,44354969207,269009468
0,44357263605,269133284
0,44359558003,269116623
0,44361852401,269102045
0,44364146799,269214289
0,44366441197,269312502
0,44368735595,269273439
0,44371029993,269364259
0,44373324391,269443726
0,44375618789,269388260
0,44377913187,269339727
0,44380207585,269422261
0,44382501983,269369478
0,44384796381,269323293
0,44387090779,269407881
0,44389385177,269481895
0,44391679575,269421658
0,44393973973,269368950
0,44396268371,269447831
0,44398562769,269391852
0,44400857167,269342870
0,44403151565,269425011
0,44405445963,269496884
0,44407740361,269434773
0,44410034759,269505426
0,44412329157,269567247
0,44604410589,269621341
0,44604453789,269668673
0,44604496989,269585088
0,44604540189,269511952
0,44604583389,269447958
0,44604626589,269391963
0,44604669789,269342967
0,44604712989,269300096
0,44604756189,269262584
0,44604799389,269229761
0,44604842589,269201040
0,44604885789,269175910
0,44604928989,269153921
0,44604972189,269134680
0,44605015389,269242845
0,44605058589,269337489
0,44605101789,269420302
0,44605144989,269492764
0,44605188189,269556168
0,44605231389,269611647
0,44605274589,269660191
0,44605317789,269702667
0,44605360989,269739833
0,44605404189,269772353
0,44605447389,269800808
0,44605490589,269825707
0,44605533789,269722493
0,44605576989,269632181
0,44605620189,269553158
0,44605663389,269484013
0,44605706589,269423511
0,44605749789,269370572
0,44605792989,269324250
0,44605836189,269283718
0,44605879389,269248253
0,44605922589,269217221
0,44605965789,269190068
0,44606008989,269291309
0,44606052189,269379895
0,44606095389,269457408
0,44606138589,269525232
0,44606181789,269584578
0,44606224989,269636505
0,44608400830,269681941
0,44610695228,269596698
0,44612989626,269522110
0,44615284024,269581846
0,44617578422,269509115
0,44619872820,269445475
0,44622167218,269514790
0,44624461616,269575441
0,44626756014,269503510
0,44629050412,269565571
0,44631344810,269619874
0,44633639208,269542389
0,44635933606,269474590
0,44638228004,269540266
0,44640522402,269472732
0,44642816800,269413640
0,44645111198,269486935
0,44647405596,269551068
0,44649699994,269482184
0,44651994392,269421911
0,44654288790,269494172
0,44656583188,269432400
0,44658877586,269378350
0,44661171984,269456056
0,44663466382,269524049
0,44665760780,269458542
0,44668055178,269526224
0,44670349576,269585446
0,44672643974,269512265
0,44674938372,269448231
0,44677232770,269517202
0,44679527168,269452551
0,44681821566,269395982
0,44875050197,269596484
0,44875093397,269771923
0,44875136597,269925432
0,44875179797,270059753
0,44875222997,270177283
0,44875266197,270280122
0,44875309397,270370106
0,44875352597,270448842
0,44875395797,270517736
0,44875438997,270578019
0,44875482197,270630766
0,44875525397,270676920
0,44875568597,270717305
0,44875611797,270752641
0,44875654997,270658560
0,44875698197,270576240
0,44875741397,270504210
0,44875784597,270441183
0,44875827797,270386035
0,44875870997,270337780
0,44875914197,270295557
0,44875957397,270258612
0,44876000597,270351285
0,44876043797,270432374
0,44876086997,270503327
0,44876130197,270565411
0,44876173397,270619734
0,44876216597,270667267
0,44876259797,270708858
0,44876302997,270745250
0,44876346197,270777093
0,44876389397,270804956
0,44876432597,270829336
0,44876475797,270850669
0,44876518997,270869335
0,44876562197,270885668
0,44876605397,270899959
0,44876648597,270787464
0,44876691797,270689031
0,44876734997,270602902
0,44876778197,270527539
0,44876821397,270461596
0,44876864597,270403896
0,44877893239,270228409
0,44880187637,270199857
0,44882482035,270174874
0,44884776433,270028014
0,44887070831,270274512
0,44889365229,270490198
0,44891659627,270678923
0,44893954025,270719057
0,44896248423,270879174
0,44898542821,271019277
0,44900837219,271016867
0,44903131617,271139758
0,44905426015,271247288
0,44907720413,271341377
0,44910014811,271423704
0,44912309209,271495741
0,44914603607,271558773
0,44916898005,271488926
0,44919192403,271552810
0,44921486801,271608708
0,44923781199,271657619
0,44926075597,271700416
0,44928369995,271737864
0,44930664393,271770631
0,44932958791,271674302
0,44935253189,271715014
0,44937547587,271750637
0,44939841985,271656807
0,44942136383,271699706
0,44944430781,271737242
0,44946725179,271770086
0,44949019577,271798825
0,44951313975,271823971
0,45144542606,295720974
0,45144585806,292380852
0,45144629006,289458245
0,45144672206,286900964
0,45144715406,284663343
0,45144758606,282705425
0,45144801806,280992246
0,45144845006,279493215
0,45144888206,278181563
0,45144931406,277033867
0,45144974606,276029633
0,45145017806,275275928
0,45145061006,274616437
0,45145104206,274039382
0,45145147406,273534459
0,45145190606,273092651
0,45145233806,272706069
0,45145277006,272367810
0,45145320206,272071833
0,45145363406,271812853
0,45145406606,271586246
0,45145449806,271387965
0,45145493006,271214469
0,45145536206,270937660
0,45145579406,270695452
0,45145622606,270483520
0,45145665806,270298080
0,45145709006,270135820
0,45145752206,269993842
0,45145795406,269869611
0,45145838606,269760909
0,45145881806,269665795
0,45145925006,269582570
0,45145968206,269509748
0,45146011406,269571029
0,45146054606,269624650
0,45146097806,269671568
0,45146141006,269712622
0,45146184206,269748544
0,45146227406,269779976
0,45146270606,269807479
0,45146313806,269831544
0,45146357006,269852601
0,45147385648,269996025
0,45149680046,270246521
0,45151974444,270340705
0,45154268842,270548116
0,45156563240,270729601
0,45158857638,270763400
0,45161152036,270917975
0,45163446434,271053228
0,45165740832,271171574
0,45168035230,271275127
0,45170329628,271365736
0,45172624026,271445019
0,45174918424,271389391
0,45177212822,271465717
0,45179507220,271532502
0,45181801618,271465939
0,45184096016,271532696
0,45186390414,271591109
0,45188684812,271642220
0,45190979210,271561942
0,45193273608,271616699
0,45195568006,271664611
0,45197862404,271581534
0,45200156802,271633842
0,45202451200,271679611
0,45204745598,271719659
0,45207039996,271754701
0,45209334394,271785363
0,45211628792,271812192
0,45213923190,271710668
0,45216217588,271746834
0,45218511986,271778479
0,45220806384,271681169
0,45415182214,295721022
0,45415225414,292630894
0,45415268614,289927032
0,45415311814,287561153
0,45415355014,285491008
0,45415398214,283679632
0,45415441414,282094678
0,45415484614,280707843
0,45415527814,279494362
0,45415571014,278432566
0,45415614214,277503495
0,45415657414,276690558
0,45415700614,275854238
0,45415743814,275122458
0,45415787014,274482150
0,45415830214,273921881
0,45415873414,273431645
0,45415916614,273002689
0,45415959814,272627352
0,45416003014,272423933
0,45416046214,272245941
0,45416089414,272090198
0,45416132614,271953923
0,45416175814,271834682
0,45416219014,271730346
0,45416262214,271639052
0,45416305414,271559170
0,45416348614,271489273
0,45416391814,271428113
0,45416435014,271374598
0,45416478214,271327773
0,45416521414,271286801
0,45416564614,271250950
0,45416607814,271219581
0,45416651014,271192133
0,45416694214,271043116
0,45416737414,270912726
0,45416780614,270798635
0,45416823814,270698805
0,45416867014,270611454
0,45416910214,270535022
0,45416953414,270468144
0,45416996614,270409626
0,45417039814,270483422
0,45419172455,270672994
0,45421466853,270838869
0,45423761251,270984010
0,45426055649,271111008
0,45428350047,271222132
0,45430644445,271319365
0,45432938843,271279444
0,45435233241,271369513
0,45437527639,271448323
0,45439822037,271392282
0,45442116435,271468246
0,45444410833,271534715
0,45446705231,271592875
0,45448999629,271518765
0,45451294027,271578919
0,45453588425,271631554
0,45455882823,271552609
0,45458177221,271608532
0,45460471619,271657465
0,45462766017,271700281
0,45465060415,271737745
0,45467354813,271770526
0,45469649211,271799210
0,45471943609,271699308
0,45474238007,271736894
0,45476532405,271769782
0,45478826803,271673559
0,45481121201,271714364
0,45483415599,271750068
0,45485709997,271781309
0,45488004395,271808645
0,45490298793,271832564
0,45492593191,271853493
0,45686969021,271746806
0,45687012221,271778455
0,45687055421,271806148
0,45687098621,271830379
0,45687141821,271851581
0,45687185021,271870133
0,45687228221,271886366
0,45687271421,271900570
0,45687314621,271912998
0,45687357821,271923873
0,45687401021,271933388
0,45687444221,271941714
0,45687487421,271948999
0,45687530621,271955374
0,45687573821,271960952
0,45687617021,271965833
0,45687660221,271970103
0,45687703421,271973840
0,45687746621,271977110
0,45687789821,271854971
0,45687833021,271748099
0,45687876221,271654586
0,45687919421,271572762
0,45687962621,271501166
0,45688005821,271563520
0,45688049021,271618080
0,45688092221,271665820
0,45688135421,271707592
0,45688178621,271744143
0,45688221821,271776125
0,45688265021,271804109
0,45688308221,271828595
0,45688351421,271850020
0,45688394621,271868767
0,45688437821,271885171
0,45688481021,271899524
0,45688524221,271912083
0,45688567421,271923072
0,45688610621,271932688
0,45688653821,271941102
0,45688697021,271948464
0,45688740221,271954906
0,45688783421,271960542
0,45688826621,271840474
0,45690959262,271735414
0,45693253660,271768487
0,45695548058,271797426
0,45697842456,271697747
0,45700136854,271735528
0,45702431252,271768587
0,45704725650,271797513
0,45707020048,271822823
0,45709314446,271844970
0,45711608844,271864348
0,45713903242,271756304
0,45716197640,271786766
0,45718492038,271813420
0,45720786436,271836742
0,45723080834,271857149
0,45725375232,271875005
0,45727669630,271890629
0,45729964028,271779300
0,45732258426,271806887
0,45734552824,271831026
0,45736847222,271727147
0,45739141620,271761253
0,45741436018,271791096
0,45743730416,271817209
0,45746024814,271840057
0,45748319212,271860049
0,45750613610,271877542
0,45752908008,271767849
0,45755202406,271796867
0,45757496804,271822258
0,45759791202,271719475
0,45762085600,271754540
0,45764379998,271785222
0,45958755828,271812069
0,45958799028,271710560
0,45958842228,271621740
0,45958885428,271544022
0,45958928628,271476019
0,45958971828,271416516
0,45959015028,271489451
0,45959058228,271553269
0,45959101428,271609110
0,45959144628,271657971
0,45959187828,271700724
0,45959231028,271738133
0,45959274228,271770866
0,45959317428,271799507
0,45959360628,271824568
0,45959403828,271846497
0,45959447028,271865684
0,45959490228,271882473
0,45959533428,271897163
0,45959576628,271910017
0,45959619828,271921264
0,45959663028,271931106
0,45959706228,271939717
0,45959749428,271947252
0,45959792628,271828845
0,45959835828,271725239
0,45959879028,271634584
0,45959922228,271555261
0,45959965428,271485853
0,45960008628,271550121
0,45960051828,271606355
0,45960095028,271655560
0,45960138228,271698615
0,45960181428,271736288
0,45960224628,271769252
0,45960267828,271798095
0,45960311028,271823333
0,45960354228,271845416
0,45960397428,271864739
0,45960440628,271881646
0,45960483828,271896440
0,45960527028,271909385
0,45960570228,271920711
0,45960613428,271930622
0,45962746069,271939294
0,45965040467,271946882
0,45967334865,271953521
0,45969629263,271959330
0,45971923661,271839413
0,45974218059,271859486
0,45976512457,271877050
0,45978806855,271767418
0,45981101253,271796490
0,45983395651,271821928
0,45985690049,271844187
0,45987984447,271738663
0,45990278845,271771330
0,45992573243,271799913
0,45994867641,271699923
0,45997162039,271737432
0,45999456437,271770253
0,46001750835,271798971
0,46004045233,271824099
0,46006339631,271846086
0,46008634029,271865325
0,46010928427,271757159
0,46013222825,271787514
0,46015517223,271814074
0,46017811621,271712314
0,46020106019,271748274
0,46022400417,271779739
0,46024694815,271807271
0,46026989213,271706362
0,46029283611,271743066
0,46031578009,271775182
0,46033872407,271678284
0,46036166805,271718498
0,46231689834,271878685
0,46231733034,272018849
0,46231776234,272141492
0,46231819434,272248805
0,46231862634,272342704
0,46231905834,272424866
0,46231949034,272496757
0,46231992234,272434662
0,46232035434,272505329
0,46232078634,272567162
0,46232121834,272621266
0,46232165034,272668607
0,46232208234,272710031
0,46232251434,272746277
0,46232294634,272777992
0,46232337834,272805743
0,46232381034,272830025
0,46232424234,272851271
0,46232467434,272869862
0,46232510634,272886129
0,46232553834,272900362
0,46232597034,272912816
0,46232640234,272923714
0,46232683434,272933249
0,46232726634,272941592
0,46232769834,272948893
0,46232813034,272955281
0,46232856234,272960870
0,46232899434,272965761
0,46232942634,272970040
0,46232985834,272848785
0,46233029034,272867686
0,46233072234,272884225
0,46233115434,272898696
0,46233158634,272911359
0,46233201834,272922439
0,46233245034,272932134
0,46233288234,272940617
0,46233331434,272948039
0,46233374634,272954534
0,46233417834,272960217
0,46233461034,272965189
0,46233504234,272969540
0,46233547434,272973347
0,46234532876,273101678
0,46236827274,273213968
0,46239121672,273312222
0,46241416070,273398194
0,46243710468,273473419
0,46246004866,273664241
0,46248299264,273706210
0,46250593662,273742933
0,46252888060,273775066
0,46255182458,273803182
0,46257476856,273827784
0,46259771254,273849311
0,46262065652,273993147
0,46264360050,273994003
0,46266654448,273994752
0,46268948846,273995408
0,46271243244,273995982
0,46273537642,273996484
0,46275832040,273996923
0,46278126438,273997307
0,46280420836,273997643
0,46282715234,273997937
0,46285009632,274123194
0,46287304030,274107794
0,46289598428,274094319
0,46291892826,274082529
0,46294187224,274072212
0,46296481622,274063185
0,46298776020,274055286
0,46301070418,274173375
0,46303364816,274151703
0,46305659214,274132740
0,46307953612,274116147
0,46503476641,298226628
0,46503519841,294948299
0,46503563041,292079761
0,46503606241,289569790
0,46503649441,287373566
0,46503692641,285451870
0,46503735841,283770386
0,46503779041,282299087
0,46503822241,281011701
0,46503865441,279760238
0,46503908641,278665208
0,46503951841,277707057
0,46503995041,276868674
0,46504038241,276260089
0,46504081441,275727577
0,46504124641,275261629
0,46504167841,274853925
0,46504211041,274497184
0,46504254241,274185036
0,46504297441,273911906
0,46504340641,273672917
0,46504383841,273463802
0,46504427041,273280826
0,46504470241,273120722
0,46504513441,272980631
0,46504556641,272858052
0,46504599841,272750795
0,46504643041,272656945
0,46504686241,272574826
0,46504729441,272502972
0,46504772641,272440100
0,46504815841,272385087
0,46504859041,272211951
0,46504902241,272060457
0,46504945441,271927899
0,46504988641,271811911
0,46505031841,271835422
0,46505075041,271855994
0,46505118241,271873994
0,46505161441,271889744
0,46505204641,271903526
0,46505247841,271915585
0,46505291041,271926136
0,46505334241,271935369
0,46506319683,272068447
0,46508614081,272309891
0,46510908479,272521154
0,46513202877,272706009
0,46515497275,272867757
0,46517791673,273009287
0,46520086071,273133126
0,46522380469,273241485
0,46524674867,273336299
0,46526969265,273419261
0,46529263663,273491853
0,46531558061,273555371
0,46533852459,273610949
0,46536146857,273659580
0,46538441255,273702132
0,46540735653,273739365
0,46543030051,273896944
0,46545324449,273909826
0,46547618847,273921097
0,46549913245,273930959
0,46552207643,273939589
0,46554502041,273947140
0,46556796439,273953747
0,46559090837,273959528
0,46561385235,273964587
0,46563679633,273969013
0,46565974031,273972886
0,46568268429,273976275
0,46570562827,273979240
0,46572857225,273981835
0,46575151623,273984105
0,46577446021,273986091
0,46579740419,273987829
0,46776410647,298364350
0,46776453847,295193806
0,46776497047,292419580
0,46776540247,289992132
0,46776583447,287868115
0,46776626647,286009600
0,46776669847,284383400
0,46776713047,282960475
0,46776756247,281715415
0,46776799447,280625988
0,46776842647,279672739
0,46776885847,278838646
0,46776929047,278108815
0,46776972247,277470213
0,46777015447,276911436
0,46777058647,276422506
0,46777101847,275994692
0,46777145047,275620355
0,46777188247,275292810
0,46777231447,275006208
0,46777274647,274755432
0,46777317847,274536003
0,46777361047,274344002
0,46777404247,274176001
0,46777447447,274029000
0,46777490647,273900375
0,46777533847,273787828
0,46777577047,273689349
0,46777620247,273603180
0,46777663447,273527782
0,46777706647,273461809
0,46777749847,273404082
0,46777793047,273353571
0,46777836247,273309374
0,46777879447,273270702
0,46777922647,273236864
0,46777965847,273207256
0,46778009047,273181349
0,46778052247,273158680
0,46778095447,273138845
0,46778138647,273121489
0,46778181847,273106302
0,46778225047,273093014
0,46778268247,273081387
0,46778311447,273071213
0,46780400888,273187311
0,46782695286,273288897
0,46784989684,273377784
0,46787284082,273455561
0,46789578480,273523615
0,46791872878,273583163
0,46794167276,273635267
0,46796461674,273680858
0,46798756072,273720750
0,46801050470,273880656
0,46803344868,273895574
0,46805639266,273908627
0,46807933664,273920048
0,46810228062,273930042
0,46812522460,273938786
0,46814816858,273946437
0,46817111256,273953132
0,46819405654,273958990
0,46821700052,273964116
0,46823994450,273968601
0,46826288848,273972525
0,46828583246,273975959
0,46830877644,273978964
0,46833172042,273981593
0,46835466440,273983893
0,46837760838,273985906
0,46840055236,274112667
0,46842349634,274098583
0,46844644032,274086260
0,46846938430,274075477
0,46849232828,274066042
0,46851527226,274057786
0,46853821624,274050562
0,47050491852,274044241
0,47050535052,274038710
0,47050578252,274033871
0,47050621452,274029637
0,47050664652,274025932
0,47050707852,274022690
0,47050751052,274019853
0,47050794252,274017371
0,47050837452,274015199
0,47050880652,274013299
0,47050923852,274011636
0,47050967052,274010181
0,47051010252,274133908
0,47051053452,274242169
0,47051096652,274211897
0,47051139852,274185409
0,47051183052,274162232
0,47051226252,274141953
0,47051269452,274124208
0,47051312652,274108682
0,47051355852,274095096
0,47051399052,274083209
0,47051442252,274072807
0,47051485452,274063706
0,47051528652,274055742
0,47051571852,274048774
0,47051615052,274042677
0,47051658252,274037342
0,47051701452,274032674
0,47051744652,274028589
0,47051787852,274025015
0,47051831052,274021888
0,47051874252,274019152
0,47051917452,274016758
0,47051960652,274014663
0,47052003852,274137830
0,47052047052,274245601
0,47052090252,274214900
0,47052133452,274188037
0,47052176652,274164532
0,47052219852,274143965
0,47052263052,274125969
0,47052306252,274110222
0,47052349452,274096444
0,47052392652,274084388
0,47054482093,274073839
0,47056776491,274064609
0,47059070889,274181532
0,47061365287,274158840
0,47063659685,274138985
0,47065954083,274121611
0,47068248481,274106409
0,47070542879,274093107
0,47072837277,274081468
0,47075131675,274071284
0,47077426073,274062373
0,47079720471,274054576
0,47082014869,274172754
0,47084309267,274151159
0,47086603665,274132264
0,47088898063,274115731
0,47091192461,274101264
0,47093486859,274088606
0,47095781257,274077530
0,47098075655,274192838
0,47100370053,274168733
0,47102664451,274147641
0,47104958849,274129185
0,47107253247,274113036
0,47109547645,274098906
0,47111842043,274086542
0,47114136441,274075724
0,47116430839,274066258
0,47118725237,274057975
0,47121019635,274175728
0,47123314033,274153762
0,47125608431,274134541
0,47127902829,274117723
0,47325720256,274228007
0,47325763456,274324506
0,47325806656,274408942
0,47325849856,274482824
0,47325893056,274547471
0,47325936256,274604037
0,47325979456,274653532
0,47326022656,274821840
0,47326065856,274969110
0,47326109056,275097971
0,47326152256,275210724
0,47326195456,275309383
0,47326238656,275270710
0,47326281856,275236871
0,47326325056,275207262
0,47326368256,275181354
0,47326411456,275158684
0,47326454656,275138848
0,47326497856,275121492
0,47326541056,275106305
0,47326584256,275093016
0,47326627456,275081389
0,47326670656,275071215
0,47326713856,275062313
0,47326757056,275054523
0,47326800256,275047707
0,47326843456,275041743
0,47326886656,275036525
0,47326929856,275031959
0,47326973056,275027964
0,47327016256,275149468
0,47327059456,275255784
0,47327102656,275348811
0,47327145856,275430209
0,47327189056,275501432
0,47327232256,275438753
0,47327275456,275383908
0,47327318656,275335919
0,47327361856,275293929
0,47327405056,275257187
0,47327448256,275225038
0,47327491456,275196908
0,47327534656,275172294
0,47327577856,275150757
0,47327621056,275131912
0,47328563298,275240423
0,47330857696,275335370
0,47333152094,275543448
0,47335446492,275600517
0,47337740890,275650452
0,47340035288,275819145
0,47342329686,275966751
0,47344624084,275970907
0,47346918482,275974543
0,47349212880,276102725
0,47351507278,276089884
0,47353801676,276078648
0,47356096074,276193817
0,47358390472,276169589
0,47360684870,276148390
0,47362979268,276129841
0,47365273666,276238610
0,47367568064,276208783
0,47369862462,276182685
0,47372156860,276284849
0,47374451258,276249242
0,47376745656,276218086
0,47379040054,276315825
0,47381334452,276401346
0,47383628850,276351177
0,47385923248,276307279
0,47388217646,276393869
0,47390512044,276344635
0,47392806442,276301555
0,47395100840,276388860
0,47397395238,276340252
0,47399689636,276297720
0,47401984034,276260505
0,47599801461,300727941
0,47599844661,297386948
0,47599887861,294463579
0,47599931061,291905631
0,47599974261,289667427
0,47600017461,287833998
0,47600060661,286229748
0,47600103861,284826029
0,47600147061,283472775
0,47600190261,282288678
0,47600233461,281252593
0,47600276661,280346018
0,47600319861,279552765
0,47600363061,278858669
0,47600406261,278251335
0,47600449461,277719918
0,47600492661,277254928
0,47600535861,276848062
0,47600579061,276492054
0,47600622261,276180547
0,47600665461,275907978
0,47600708661,275669480
0,47600751861,275460795
0,47600795061,275278195
0,47600838261,275118420
0,47600881461,274978617
0,47600924661,274856289
0,47600967861,274749252
0,47601011061,274780595
0,47601054261,274808020
0,47601097461,274832017
0,47601140661,274728014
0,47601183861,274637012
0,47601227061,274557385
0,47601270261,274487711
0,47601313461,274426747
0,47601356661,274373403
0,47601399861,274326727
0,47601443061,274285886
0,47601486261,274250150
0,47601529461,274218881
0,47601572661,274191520
0,47601615861,274167580
0,47601659061,274146632
0,47601702261,274128303
0,47602644503,274237265
0,47604938901,274457606
0,47607233299,274775405
0,47609527697,274928479
0,47611822095,275062419
0,47614116493,275304616
0,47616410891,275391539
0,47618705289,275467596
0,47620999687,275534146
0,47623294085,275717377
0,47625588483,275752704
0,47627882881,275783616
0,47630177279,275935664
0,47632471677,275943706
0,47634766075,275950742
0,47637060473,276081899
0,47639354871,276196661
0,47641649269,276172078
0,47643943667,276150568
0,47646238065,276256747
0,47648532463,276224653
0,47650826861,276196571
0,47653121259,276296999
0,47655415657,276259874
0,47657710055,276227389
0,47660004453,276323965
0,47662298851,276408469
0,47664593249,276357410
0,47666887647,276312733
0,47669182045,276398641
0,47671476443,276348810
0,47673770841,276305208
0,47676065239,276392057
0,47875029865,301093049
0,47875073065,297956417
0,47875116265,295211864
0,47875159465,292810381
0,47875202665,290709083
0,47875245865,288870447
0,47875289065,287136641
0,47875332265,285619560
0,47875375465,284292115
0,47875418665,283130600
0,47875461865,282114275
0,47875505065,281224990
0,47875548265,280446866
0,47875591465,279766007
0,47875634665,279170256
0,47875677865,278648974
0,47875721065,278192852
0,47875764265,277793745
0,47875807465,277444526
0,47875850665,277138960
0,47875893865,276871590
0,47875937065,276637641
0,47875980265,276432935
0,47876023465,276378818
0,47876066665,276331465
0,47876109865,276290031
0,47876153065,276253777
0,47876196265,276222054
0,47876239465,276194297
0,47876282665,276045009
0,47876325865,275914382
0,47876369065,275800084
0,47876412265,275700073
0,47876455465,275612563
0,47876498665,275535992
0,47876541865,275468993
0,47876585065,275410368
0,47876628265,275359072
0,47876671465,275314188
0,47876714665,275274914
0,47876757865,275240549
0,47876801065,275210480
0,47876844265,275184170
0,47876887465,275161148
0,47876930665,275141004
0,47876973865,275123378
0,47879020106,275357955
0,47881314504,275563210
0,47883608902,275617808
0,47885903300,275665582
0,47888197698,275832384
0,47890492096,275853336
0,47892786494,275871669
0,47895080892,276012710
0,47897375290,276136121
0,47899669688,276119105
0,47901964086,276104216
0,47904258484,276216189
0,47906552882,276189165
0,47908847280,276165519
0,47911141678,276269829
0,47913436076,276236100
0,47915730474,276206587
0,47918024872,276305763
0,47920319270,276392542
0,47922613668,276343474
0,47924908066,276300539
0,47927202464,276387971
0,47929496862,276339474
0,47931791260,276297039
0,47934085658,276384909
0,47936380056,276336795
0,47938674454,276294695
0,47940968852,276257858
0,47943263250,276350625
0,47945557648,276306796
0,47947852046,276268446
0,47950146444,276359890
0,47952440842,276314903
0,48151405468,276275540
0,48151448668,276241097
0,48151491868,276210959
0,48151535068,276184589
0,48151578268,276161515
0,48151621468,276141325
0,48151664668,276123659
0,48151707868,276108201
0,48151751068,276094675
0,48151794268,276082840
0,48151837468,276072485
0,48151880668,276063424
0,48151923868,276055496
0,48151967068,276048559
0,48152010268,276167489
0,48152053468,276271552
0,48152096668,276362608
0,48152139868,276442282
0,48152183068,276511996
0,48152226268,276572996
0,48152269468,276626371
0,48152312668,276673074
0,48152355868,276713939
0,48152399068,276624696
0,48152442268,276546609
0,48152485468,276478282
0,48152528668,276418496
0,48152571868,276366184
0,48152615068,276320411
0,48152658268,276280359
0,48152701468,276245314
0,48152744668,276214649
0,48152787868,276187817
0,48152831068,276164339
0,48152874268,276143796
0,48152917468,276125821
0,48152960668,276110093
0,48153003868,276221331
0,48153047068,276318664
0,48153090268,276403831
0,48153133468,276478352
0,48153176668,276543558
0,48153219868,276600613
0,48153263068,276650536
0,48153306268,276694219
0,48153349468,276732441
0,48155395709,276640885
0,48157690107,276560774
0,48159984505,276490677
0,48162278903,276554342
0,48164573301,276485049
0,48166867699,276424417
0,48169162097,276496364
0,48171456495,276434318
0,48173750893,276380028
0,48176045291,276457524
0,48178339689,276525333
0,48180634087,276459666
0,48182928485,276402207
0,48185222883,276476931
0,48187517281,276417314
0,48189811679,276365149
0,48192106077,276444505
0,48194400475,276388941
0,48196694873,276340323
0,48198989271,276297782
0,48201283669,276385559
0,48203578067,276337364
0,48205872465,276295193
0,48208166863,276383293
0,48210461261,276335381
0,48212755659,276293458
0,48215050057,276381775
0,48217344455,276459053
0,48219638853,276401671
0,48221933251,276351462
0,48224227649,276432529
0,48226522047,276378462
0,48228816445,276331154
0,48428928270,276414759
0,48428971470,276487914
0,48429014670,276676924
0,48429057870,276842308
0,48429101070,276987019
0,48429144270,277113641
0,48429187470,277224435
0,48429230670,277321380
0,48429273870,277406207
0,48429317070,277480431
0,48429360270,277545377
0,48429403470,277602204
0,48429446670,277651928
0,48429489870,277695437
0,48429533070,277608507
0,48429576270,277532443
0,48429619470,277465887
0,48429662670,277407651
0,48429705870,277356694
0,48429749070,277312107
0,48429792270,277273093
0,48429835470,277238956
0,48429878670,277209086
0,48429921870,277182950
0,48429965070,277160081
0,48430008270,277265070
0,48430051470,277356936
0,48430094670,277437319
0,48430137870,277507654
0,48430181070,277569197
0,48430224270,277623047
0,48430267470,277670166
0,48430310670,277711395
0,48430353870,277747470
0,48430397070,277779036
0,48430440270,277806656
0,48430483470,277830824
0,48430526670,277726971
0,48430569870,277636099
0,48430613070,277556586
0,48430656270,277487012
0,48430699470,277426135
0,48430742670,277372868
0,48430785870,277326259
0,48430829070,277285476
0,48430872270,277249791
0,48431771312,277093567
0,48434065710,277081871
0,48436360108,277071637
0,48438654506,276937682
0,48440948904,276820471
0,48443243302,276842912
0,48445537700,276737548
0,48447832098,276645354
0,48450126496,276689684
0,48452420894,276603473
0,48454715292,276528038
0,48457009690,276587033
0,48459304088,276638653
0,48461598486,276558821
0,48463892884,276488968
0,48466187282,276552847
0,48468481680,276483741
0,48470776078,276423273
0,48473070476,276495363
0,48475364874,276558442
0,48477659272,276488636
0,48479953670,276427556
0,48482248068,276499111
0,48484542466,276436722
0,48486836864,276382131
0,48489131262,276709364
0,48491425660,276995693
0,48493720058,277121231
0,48496014456,277356077
0,48498308854,277561567
0,48500603252,277741371
0,48502897650,277773699
0,48505192048,277926986
0,48705303873,302811112
0,48705347073,299584723
0,48705390273,296761632
0,48705433473,294166428
0,48705476673,291895624
0,48705519873,289908671
0,48705563073,288170087
0,48705606273,286648826
0,48705649473,285317722
0,48705692673,284153006
0,48705735873,283133880
0,48705779073,282242145
0,48705822273,281461876
0,48705865473,280779141
0,48705908673,280181748
0,48705951873,279659029
0,48705995073,279201650
0,48706038273,278926443
0,48706081473,278685637
0,48706124673,278474932
0,48706167873,278290565
0,48706211073,278129244
0,48706254273,277988088
0,48706297473,277864577
0,48706340673,277756504
0,48706383873,277661941
0,48706427073,277454198
0,48706470273,277272423
0,48706513473,277113370
0,48706556673,276974198
0,48706599873,276852423
0,48706643073,276745870
0,48706686273,276652636
0,48706729473,276571056
0,48706772673,276499674
0,48706815873,276437214
0,48706859073,276382562
0,48706902273,276334741
0,48706945473,276292898
0,48706988673,276256285
0,48707031873,276349249
0,48707075073,276430592
0,48707118273,276501768
0,48707161473,276564047
0,48707204673,276618541
0,48707247873,276666223
0,48708146915,276832945
0,48710441313,277103826
0,48712735711,277215847
0,48715030109,277438866
0,48717324507,277634007
0,48719618905,277804756
0,48721913303,277829161
0,48724207701,277975515
0,48726502099,278103575
0,48728796497,278090628
0,48731090895,278204299
0,48733385293,278303761
0,48735679691,278265790
0,48737974089,278232566
0,48740268487,278328495
0,48742562885,278412433
0,48744857283,278360878
0,48747151681,278440768
0,48749446079,278510672
0,48751740477,278446838
0,48754034875,278515983
0,48756329273,278576485
0,48758623671,278629424
0,48760918069,278550746
0,48763212467,278606902
0,48765506865,278656039
0,48767801263,278574034
0,48770095661,278627279
0,48772390059,278673869
0,48774684457,278589635
0,48776978855,278515930
0,48779273253,278576438
0,48781567651,278629383
0,48981679476,303300710
0,48981722676,299888121
0,48981765876,296902105
0,48981809076,294289341
0,48981852276,292003173
0,48981895476,290002776
0,48981938676,288252429
0,48981981876,286720875
0,48982025076,285505765
0,48982068276,284442544
0,48982111476,283512226
0,48982154676,282698197
0,48982197876,281985922
0,48982241076,281362681
0,48982284276,280817345
0,48982327476,280340176
0,48982370676,279922654
0,48982413876,279557322
0,48982457076,279112656
0,48982500276,278723574
0,48982543476,278383127
0,48982586676,278085236
0,48982629876,277824581
0,48982673076,277596508
0,48982716276,277396944
0,48982759476,277222326
0,48982802676,277069535
0,48982845876,276935843
0,48982889076,276818862
0,48982932276,276716504
0,48982975476,276626941
0,48983018676,276673573
0,48983061876,276714376
0,48983105076,276750079
0,48983148276,276781319
0,48983191476,276808654
0,48983234676,276832572
0,48983277876,276853500
0,48983321076,276871812
0,48983364276,276887835
0,48983407476,276901855
0,48983450676,276789123
0,48983493876,276690482
0,48983537076,276604171
0,48983580276,276528649
0,48983623476,276462567
0,48984522518,276529746
0,48986816916,276713527
0,48989111314,276999336
0,48991405712,277249419
0,48993700110,277343241
0,48995994508,277425335
0,48998288906,277622168
0,49000583304,277794397
0,49002877702,277820097
0,49005172100,277967584
0,49007466498,278096636
0,49009760896,278084556
0,49012055294,278198986
0,49014349692,278299112
0,49016644090,278386723
0,49018938488,278338382
0,49021232886,278421084
0,49023527284,278493448
0,49025821682,278431767
0,49028116080,278502796
0,49030410478,278564946
0,49032704876,278494327
0,49034999274,278432536
0,49037293672,278503469
0,49039588070,278565535
0,49041882468,278494843
0,49044176866,278557987
0,49046471264,278613238
0,49048765662,278536583
0,49051060060,278594510
0,49053354458,278645196
0,49055648856,278689546
0,49057943254,278603352
0,49259202278,303527933
0,49259245478,300336941
0,49259288678,297544823
0,49259331878,295101720
0,49259375078,292964005
0,49259418278,291093504
0,49259461478,289456816
0,49259504678,288024714
0,49259547878,286771624
0,49259591078,285550171
0,49259634278,284481399
0,49259677478,283546224
0,49259720678,282727946
0,49259763878,282011952
0,49259807078,281385458
0,49259850278,280837275
0,49259893478,280357615
0,49259936678,279937913
0,49259979878,279570673
0,49260023078,279374338
0,49260066278,279202545
0,49260109478,279052226
0,49260152678,278920697
0,49260195878,278805609
0,49260239078,278704907
0,49260282278,278616793
0,49260325478,278539693
0,49260368678,278472231
0,49260411878,278413202
0,49260455078,278361551
0,49260498278,278316357
0,49260541478,278276812
0,49260584678,278117210
0,49260627878,277977558
0,49260671078,277855363
0,49260714278,277748442
0,49260757478,277654886
0,49260800678,277573025
0,49260843878,277501396
0,49260887078,277438721
0,49260930278,277383880
0,49260973478,277335895
0,49261016678,277418908
0,49261059878,277491544
0,49261103078,277555101
0,49261146278,277610713
0,49261189478,277659373
0,49263192519,277826951
0,49265486917,277973582
0,49267781315,277976884
0,49270075713,278104773
0,49272370111,278216676
0,49274664509,278314591
0,49276958907,278275267
0,49279253305,278365858
0,49281547703,278445125
0,49283842101,278389484
0,49286136499,278465798
0,49288430897,278532573
0,49290725295,278466001
0,49293019693,278532750
0,49295314091,278591156
0,49297608489,278642261
0,49299902887,278561978
0,49302197285,278616730
0,49304491683,278664638
0,49306786081,278581558
0,49309080479,278633863
0,49311374877,278679630
0,49313669275,278719676
0,49315963673,278629716
0,49318258071,278676001
0,49320552469,278716500
0,49322846867,278626937
0,49325141265,278673569
0,49327435663,278714372
0,49329730061,278625075
0,49332024459,278671940
0,49334318857,278712947
0,49336613255,278748828
0,49537872279,278655224
0,49537915479,278573321
0,49537958679,278501655
0,49538001879,278563948
0,49538045079,278618454
0,49538088279,278666147
0,49538131479,278707878
0,49538174679,278744393
0,49538217879,278776343
0,49538261079,278804300
0,49538304279,278828762
0,49538347479,278850166
0,49538390679,278868895
0,49538433879,278885283
0,49538477079,278899622
0,49538520279,278912169
0,49538563479,278923147
0,49538606679,278932753
0,49538649879,278941158
0,49538693079,278823513
0,49538736279,278720573
0,49538779479,278630501
0,49538822679,278551688
0,49538865879,278482727
0,49538909079,278422386
0,49538952279,278369587
0,49538995479,278323388
0,49539038679,278407964
0,49539081879,278481968
0,49539125079,278546722
0,49539168279,278603381
0,49539211479,278652958
0,49539254679,278696338
0,49539297879,278734295
0,49539341079,278767508
0,49539384279,278796569
0,49539427479,278821997
0,49539470679,278844247
0,49539513879,278863716
0,49539557079,278880751
0,49539600279,278895657
0,49539643479,278908699
0,49539686679,278795111
0,49539729879,278695722
0,49539773079,278608756
0,49539816279,278532661
0,49539859479,278466078
0,49541862520,278407818
0,49544156918,278481840
0,49546451316,278546610
0,49548745714,278478283
0,49551040112,278543497
0,49553334510,278600559
0,49555628908,278650489
0,49557923306,278569177
0,49560217704,278623029
0,49562512102,278670150
0,49564806500,278586381
0,49567100898,278638083
0,49569395296,278683322
0,49571689694,278597906
0,49573984092,278523167
0,49576278490,278582771
0,49578572888,278634924
0,49580867286,278555558
0,49583161684,278611113
0,49585456082,278659723
0,49587750480,278577257
0,49590044878,278630099
0,49592339276,278676336
0,49594633674,278716794
0,49596928072,278627194
0,49599222470,278673794
0,49601516868,278714569
0,49603811266,278625247
0,49606105664,278672091
0,49608400062,278713079
0,49610694460,278623944
0,49612988858,278545951
0,49615283256,278602707
0,49817689479,278777368
0,49817732679,278930197
0,49817775879,279063922
0,49817819079,279055931
0,49817862279,279048939
0,49817905479,279042821
0,49817948679,279037468
0,49817991879,279032784
0,49818035079,279153686
0,49818078279,279259475
0,49818121479,279352040
0,49818164679,279433035
0,49818207879,279503905
0,49818251079,279565916
0,49818294279,279620176
0,49818337479,279667654
0,49818380679,279709197
0,49818423879,279745547
0,49818467079,279777353
0,49818510279,279805183
0,49818553479,279829535
0,49818596679,279850843
0,49818639879,279869487
0,49818683079,279885801
0,49818726279,279900075
0,49818769479,279912565
0,49818812679,279923494
0,49818855879,279933057
0,49818899079,279816424
0,49818942279,279714371
0,49818985479,279625074
0,49819028679,279671939
0,49819071879,279712946
0,49819115079,279748827
0,49819158279,279780223
0,49819201479,279807695
0,49819244679,279831733
0,49819287879,279852766
0,49819331079,279871170
0,49819374279,279887273
0,49819417479,279901363
0,49819460679,279913692
0,49819503879,279924480
0,49819547079,279933920
0,49819590279,279942180
0,49819633479,279949407
0,49819676679,279955731
0,49820532521,280086264
0,49822826919,280200481
0,49825121317,280300420
0,49827415715,280387867
0,49829710113,280464383
0,49832004511,280531335
0,49834298909,280589918
0,49836593307,280641178
0,49838887705,280686030
0,49841182103,280725276
0,49843476501,280759616
0,49845770899,280789664
0,49848065297,280815956
0,49850359695,280838961
0,49852654093,280859090
0,49854948491,280876703
0,49857242889,280892115
0,49859537287,280905600
0,49861831685,280917400
0,49864126083,280927725
0,49866420481,280936759
0,49868714879,280944664
0,49871009277,280951581
0,49873303675,280957633
0,49875598073,280962928
0,49877892471,280967562
0,49880186869,280971616
0,49882481267,280975164
0,49884775665,280978268
0,49887070063,280980984
0,49889364461,280983361
0,49891658859,280985440
0,49893953257,280987260
0,50096359480,305988852
0,50096402680,302615245
0,50096445880,299663339
0,50096489080,297080421
0,50096532280,294820368
0,50096575480,292842822
0,50096618680,291112469
0,50096661880,289598410
0,50096705080,288273608
0,50096748280,286989407
0,50096791480,285865731
0,50096834680,284882514
0,50096877880,284022199
0,50096921080,283269424
0,50096964280,282610746
0,50097007480,282159402
0,50097050680,281764476
0,50097093880,281418916
0,50097137080,281116551
0,50097180280,280851982
0,50097223480,280620484
0,50097266680,280417923
0,50097309880,280240682
0,50097353080,280085596
0,50097396280,279949896
0,50097439480,279831159
0,50097482680,279727264
0,50097525880,279636356
0,50097569080,279556811
0,50097612280,279487209
0,50097655480,279426307
0,50097698680,279373018
0,50097741880,279201390
0,50097785080,279051216
0,50097828280,278919814
0,50097871480,278804837
0,50097914680,278704232
0,50097957880,278616203
0,50098001080,278664177
0,50098044280,278706154
0,50098087480,278742884
0,50098130680,278775023
0,50098173880,278803145
0,50098217080,278827751
0,50098260280,278849282
0,50098303480,278868121
0,50098346680,278884605
0,50099202522,279024029
0,50101496920,279271025
0,50103791318,279487146
0,50106085716,279676252
0,50108380114,279841720
0,50110674512,279986505
0,50112968910,279988191
0,50115263308,280114667
0,50117557706,280225333
0,50119852104,280322166
0,50122146502,280406895
0,50124440900,280481033
0,50126735298,280545903
0,50129029696,280602665
0,50131324094,280652331
0,50133618492,280695789
0,50135912890,280733815
0,50138207288,280767088
0,50140501686,280796202
0,50142796084,280821676
0,50145090482,280843966
0,50147384880,280863470
0,50149679278,280880536
0,50151973676,280770469
0,50154268074,280799160
0,50156562472,280824265
0,50158856870,280846231
0,50161151268,280865452
0,50163445666,280882270
0,50165740064,280896986
0,50168034462,280909862
0,50170328860,280921129
0,50172623258,280930987
0,50376176680,306189613
0,50376219880,302915911
0,50376263080,300051422
0,50376306280,297544994
0,50376349480,295351869
0,50376392680,293432885
0,50376435880,291753774
0,50376479080,290284552
0,50376522280,288998983
0,50376565480,287874110
0,50376608680,286889846
0,50376651880,286028615
0,50376695080,285275038
0,50376738280,284615658
0,50376781480,284038700
0,50376824680,283533862
0,50376867880,282967129
0,50376911080,282471237
0,50376954280,282037332
0,50376997480,281657665
0,50377040680,281450456
0,50377083880,281269149
0,50377127080,281110505
0,50377170280,280971691
0,50377213480,280850229
0,50377256680,280743950
0,50377299880,280650956
0,50377343080,280569586
0,50377386280,280498387
0,50377429480,280436088
0,50377472680,280381577
0,50377515880,280333879
0,50377559080,280292144
0,50377602280,280255626
0,50377645480,280223672
0,50377688680,280195713
0,50377731880,280171248
0,50377775080,280149842
0,50377818280,280131111
0,50377861480,279989722
0,50377904680,279866006
0,50377947880,279757755
0,50377991080,279663035
0,50378034280,279705155
0,50378077480,279742010
0,50378120680,279774258
0,50378163880,279802475
0,50378207080,279827165
0,50380166921,279973769
0,50382461319,280102047
0,50384755717,280214291
0,50387050115,280312504
0,50389344513,280398441
0,50391638911,280473635
0,50393933309,280539430
0,50396227707,280597001
0,50398522105,280647375
0,50400816503,280691453
0,50403110901,280730021
0,50405405299,280763768
0,50407699697,280793297
0,50409994095,280694134
0,50412288493,280732367
0,50414582891,280765821
0,50416877289,280795093
0,50419171687,280820706
0,50421466085,280843117
0,50423760483,280862727
0,50426054881,280879886
0,50428349279,280894900
0,50430643677,280908037
0,50432938075,280919532
0,50435232473,280929590
0,50437526871,280938391
0,50439821269,280946092
0,50442115667,280952830
0,50444410065,280958726
0,50446704463,280963885
0,50448998861,280843399
0,50451293259,280862974
0,50453587657,280880102
0,50657141079,280895089
0,50657184279,280908202
0,50657227479,280919676
0,50657270679,280929716
0,50657313879,280938501
0,50657357079,280946188
0,50657400279,280952914
0,50657443479,280958799
0,50657486679,280963949
0,50657529879,280968455
0,50657573079,280972398
0,50657616279,280975848
0,50657659479,280978867
0,50657702679,280981508
0,50657745879,280983819
0,50657789079,280985841
0,50657832279,280987610
0,50657875479,280989158
0,50657918679,280990513
0,50657961879,280991698
0,50658005079,280992735
0,50658048279,280993643
0,50658091479,280994437
0,50658134679,280995132
0,50658177879,280995740
0,50658221079,280996272
0,50658264279,280996738
0,50658307479,280997145
0,50658350679,280997501
0,50658393879,280997813
0,50658437079,280998086
0,50658480279,280998325
0,50658523479,280998534
0,50658566679,280998717
0,50658609879,280998877
0,50658653079,280999017
0,50658696279,280999139
0,50658739479,280999246
0,50658782679,280999340
0,50658825879,280999422
0,50658869079,280999494
0,50658912279,280999557
0,50658955479,280999612
0,50658998679,280874660
0,50659041879,280890327
0,50659085079,280904036
0,50659128279,280916031
0,50659171479,280926527
0,50661131320,280935711
0,50663425718,280943747
0,50665720116,280950778
0,50668014514,280956930
0,50670308912,280962313
0,50672603310,280967023
0,50674897708,280971145
0,50677192106,280974751
0,50679486504,280977907
0,50681780902,280980668
0,50684075300,280983084
0,50686369698,280985198
0,50688664096,280987048
0,50690958494,280988667
0,50693252892,280990083
0,50695547290,280991322
0,50697841688,280992406
0,50700136086,280993355
0,50702430484,280994185
0,50704724882,280994911
0,50707019280,280995547
0,50709313678,280996103
0,50711608076,280996590
0,50713902474,280997016
0,50716196872,280997389
0,50718491270,280997715
0,50720785668,280998000
0,50723080066,280998250
0,50725374464,280998468
0,50727668862,280998659
0,50729963260,280998826
0,50732257658,280998972
0,50734552056,280999100
0,50939252677,281124212
0,50939295877,281233685
0,50939339077,281329474
0,50939382277,281413289
0,50939425477,281486627
0,50939468677,281550798
0,50939511877,281606948
0,50939555077,281656079
0,50939598277,281699069
0,50939641477,281736685
0,50939684677,281769599
0,50939727877,281798399
0,50939771077,281823599
0,50939814277,281845649
0,50939857477,281864942
0,50939900677,281881824
0,50939943877,281896596
0,50939987077,281909521
0,50940030277,282045830
0,50940073477,282165101
0,50940116677,282144463
0,50940159877,282126405
0,50940203077,282110604
0,50940246277,282096778
0,50940289477,282084680
0,50940332677,282074095
0,50940375877,282064833
0,50940419077,282056728
0,50940462277,282049637
0,50940505477,282043432
0,50940548677,282038003
0,50940591877,282033252
0,50940635077,282029095
0,50940678277,282025458
0,50940721477,282022275
0,50940764677,282019490
0,50940807877,282017053
0,50940851077,282014921
0,50940894277,282013055
0,50940937477,282011423
0,50940980677,282009995
0,50941023877,282133745
0,50941067077,282242026
0,50941110277,282336772
0,50941153477,282419675
0,50941196677,282367215
0,50941239877,282321313
0,50941283077,282281148
0,50942095719,282371004
0,50944390117,282449628
0,50946684515,282518424
0,50948978913,282578621
0,50951273311,282631293
0,50953567709,282677381
0,50955862107,282717708
0,50958156505,282877994
0,50960450903,282893244
0,50962745301,282906588
0,50965039699,283043264
0,50967334097,283037856
0,50969628495,283033124
0,50971922893,283028983
0,50974217291,283150360
0,50976511689,283131565
0,50978806087,283115119
0,50981100485,283225729
0,50983394883,283197512
0,50985689281,283172823
0,50987983679,283151220
0,50990278077,283132317
0,50992572475,283115777
0,50994866873,283101304
0,50997161271,283213641
0,50999455669,283186935
0,51001750067,283163568
0,51004044465,283268122
0,51006338863,283234606
0,51008633261,283205280
0,51010927659,283179620
0,51013222057,283282167
0,51015516455,283246896
0,51220217076,308591034
0,51220260276,305142154
0,51220303476,302124384
0,51220346676,299483836
0,51220389876,297173356
0,51220433076,295151686
0,51220476276,293382725
0,51220519476,291834884
0,51220562676,290480523
0,51220605876,289295457
0,51220649076,288258524
0,51220692276,287351208
0,51220735476,286557307
0,51220778676,285862643
0,51220821876,285254812
0,51220865076,284722960
0,51220908276,284257590
0,51220951476,283850391
0,51220994676,283494092
0,51221037876,283182330
0,51221081076,282909538
0,51221124276,282670845
0,51221167476,282461989
0,51221210676,282279240
0,51221253876,282119335
0,51221297076,281979418
0,51221340276,281856990
0,51221383476,281749866
0,51221426676,281656132
0,51221469876,281574115
0,51221513076,281502350
0,51221556276,281439556
0,51221599476,281384611
0,51221642676,281336534
0,51221685876,281294467
0,51221729076,281257658
0,51221772276,281225450
0,51221815476,281197268
0,51221858676,281172609
0,51221901876,281151032
0,51221945076,281132153
0,51221988276,281115633
0,51222031476,281101178
0,51222074676,281088530
0,51222117876,281077463
0,51222161076,281067780
0,51222204276,281059307
0,51222247476,281051893
0,51223060118,281170406
0,51225354516,281399105
0,51227648914,281599216
0,51229943312,281774314
0,51232237710,282052524
0,51234532108,282170958
0,51236826506,282274588
0,51239120904,282490264
0,51241415302,282553981
0,51243709700,282609733
0,51246004098,282783516
0,51248298496,282810576
0,51250592894,282834254
0,51252887292,282854972
0,51255181690,282998100
0,51257476088,282998337
0,51259770486,282998544
0,51262064884,283123726
0,51264359282,283108260
0,51266653680,283094727
0,51268948078,283082886
0,51271242476,283197525
0,51273536874,283172834
0,51275831272,283151229
0,51278125670,283257325
0,51280420068,283225159
0,51282714466,283197014
0,51285008864,283297387
0,51287303262,283260213
0,51289597660,283227686
0,51291892058,283199225
0,51294186456,283299321
0,51296480854,283261905
0,51502328674,308729166
0,51502371874,305388020
0,51502415074,302464517
0,51502458274,299906452
0,51502501474,297668145
0,51502544674,295709626
0,51502587874,293995922
0,51502631074,292496431
0,51502674274,291184377
0,51502717474,290036329
0,51502760674,289031787
0,51502803874,288152813
0,51502847074,287383711
0,51502890274,286710747
0,51502933474,286121903
0,51502976674,285606665
0,51503019874,285280831
0,51503063074,284995727
0,51503106274,284746261
0,51503149474,284527978
0,51503192674,284211980
0,51503235874,283935482
0,51503279074,283693546
0,51503322274,283481852
0,51503365474,283296620
0,51503408674,283134542
0,51503451874,282992724
0,51503495074,282868633
0,51503538274,282760053
0,51503581474,282665046
0,51503624674,282581915
0,51503667874,282509175
0,51503711074,282445528
0,51503754274,282389837
0,51503797474,282341107
0,51503840674,282298468
0,51503883874,282261159
0,51503927074,282228514
0,51503970274,282199949
0,51504013474,282299955
0,51504056674,282387460
0,51504099874,282464027
0,51504143074,282531023
0,51504186274,282464645
0,51504229474,282406564
0,51504272674,282355743
0,51504315874,282311275
0,51504359074,282272365
0,51504402274,282238319
0,51506318915,282333529
0,51508613313,282416837
0,51510907711,282489732
0,51513202109,282678515
0,51515496507,282718700
0,51517790905,282753862
0,51520085303,282909629
0,51522379701,282920925
0,51524674099,282930809
0,51526968497,282939457
0,51529262895,282947024
0,51531557293,282953646
0,51533851691,282959440
0,51536146089,283089510
0,51538440487,283078321
0,51540734885,283068530
0,51543029283,283184963
0,51545323681,283161842
0,51547618079,283141611
0,51549912477,283123909
0,51552206875,283233420
0,51554501273,283204242
0,51556795671,283178711
0,51559090069,283281372
0,51561384467,283246200
0,51563678865,283215425
0,51565973263,283188496
0,51568267661,283164934
0,51570562059,283144317
0,51572856457,283126277
0,51575150855,283235492
0,51577445253,283206055
0,51579739651,283180298
0,51785587471,283157760
0,51785630671,283138040
0,51785673871,283120785
0,51785717071,283105686
0,51785760271,283092475
0,51785803471,283080915
0,51785846671,283070800
0,51785889871,283061950
0,51785933071,283054206
0,51785976271,283047430
0,51786019471,283166501
0,51786062671,283270688
0,51786105871,283361852
0,51786149071,283441620
0,51786192271,283511417
0,51786235471,283572489
0,51786278671,283500927
0,51786321871,283438311
0,51786365071,283383522
0,51786408271,283335581
0,51786451471,283293633
0,51786494671,283256928
0,51786537871,283224812
0,51786581071,283196710
0,51786624271,283172121
0,51786667471,283150605
0,51786710671,283131779
0,51786753871,283115306
0,51786797071,283100892
0,51786840271,283088280
0,51786883471,283077245
0,51786926671,283067589
0,51786969871,283059140
0,51787013071,283176747
0,51787056271,283279653
0,51787099471,283369696
0,51787142671,283448484
0,51787185871,283517423
0,51787229071,283577745
0,51787272271,283505526
0,51787315471,283442335
0,51787358671,283387043
0,51787401871,283338662
0,51787445071,283296329
0,51787488271,283259287
0,51787531471,283226876
0,51787574671,283198516
0,51787617871,283173701
0,51787661071,283151988
0,51789577712,283132989
0,51791872110,283116365
0,51794166508,283226819
0,51796460906,283198466
0,51798755304,283173657
0,51801049702,283276949
0,51803344100,283242330
0,51805638498,283212038
0,51807932896,283185533
0,51810227294,283287341
0,51812521692,283251423
0,51814816090,283219995
0,51817110488,283317495
0,51819404886,283277808
0,51821699284,283243082
0,51823993682,283212696
0,51826288080,283186109
0,51828582478,283162845
0,51830876876,283142489
0,51833171274,283249677
0,51835465672,283218467
0,51837760070,283191158
0,51840054468,283292263
0,51842348866,283255730
0,51844643264,283223763
0,51846937662,283195792
0,51849232060,283296318
0,51851526458,283259278
0,51853820856,283226868
0,51856115254,283323509
0,51858409652,283283070
0,51860704050,283247686
0,51862998448,283216725
0,52069993467,283314634
0,52070036667,283525304
0,52070079867,283709641
0,52070123067,283870935
0,52070166267,284012068
0,52070209467,284135559
0,52070252667,284243614
0,52070295867,284338162
0,52070339067,284420891
0,52070382267,284493279
0,52070425467,284431619
0,52070468667,284377666
0,52070511867,284330457
0,52070555067,284289149
0,52070598267,284253005
0,52070641467,284221379
0,52070684667,284193706
0,52070727867,284169492
0,52070771067,284148305
0,52070814267,284129766
0,52070857467,284113545
0,52070900667,284099351
0,52070943867,284086932
0,52070987067,284076065
0,52071030267,284191556
0,52071073467,284292611
0,52071116667,284381034
0,52071159867,284458404
0,52071203067,284526103
0,52071246267,284585340
0,52071289467,284637172
0,52071332667,284682525
0,52071375867,284722209
0,52071419067,284631932
0,52071462267,284552940
0,52071505467,284483822
0,52071548667,284423344
0,52071591867,284370426
0,52071635067,284324122
0,52071678267,284283606
0,52071721467,284248155
0,52071764667,284217135
0,52071807867,284189993
0,52071851067,284166243
0,52071894267,284145462
0,52071937467,284127279
0,52071980667,284111369
0,52072023867,284222447
0,52072067067,284319641
0,52072836509,284154685
0,52075130907,284135349
0,52077425305,283993430
0,52079719703,283869251
0,52082014101,283885594
0,52084308499,283774894
0,52086602897,283678032
0,52088897295,283593278
0,52091191693,283644118
0,52093486091,283563603
0,52095780489,283493152
0,52098074887,283556508
0,52100369285,283486944
0,52102663683,283426076
0,52104958081,283372816
0,52107252479,283701214
0,52109546877,283988562
0,52111841275,284114991
0,52114135673,284350617
0,52116430071,284556789
0,52118724469,284612190
0,52121018867,284785666
0,52123313265,284937457
0,52125607663,284945274
0,52127902061,284952114
0,52130196459,285083099
0,52132490857,285197711
0,52134785255,285172997
0,52137079653,285276372
0,52139374051,285366825
0,52141668449,285320971
0,52143962847,285280849
0,52146257245,285370742
0,52353252264,311074399
0,52353295464,307690099
0,52353338664,304603836
0,52353381864,301903356
0,52353425064,299540436
0,52353468264,297472881
0,52353511464,295663770
0,52353554664,294080798
0,52353597864,292695698
0,52353641064,291483735
0,52353684264,290423268
0,52353727464,289495359
0,52353770664,288683439
0,52353813864,287973009
0,52353857064,287351382
0,52353900264,286807459
0,52353943464,286331526
0,52353986664,285915085
0,52354029864,285675699
0,52354073064,285466236
0,52354116264,285282956
0,52354159464,285122586
0,52354202664,284982262
0,52354245864,284859479
0,52354289064,284752044
0,52354332264,284533038
0,52354375464,284341408
0,52354418664,284173732
0,52354461864,284027015
0,52354505064,283898638
0,52354548264,283786308
0,52354591464,283688019
0,52354634664,283602016
0,52354677864,283526764
0,52354721064,283460918
0,52354764264,283403303
0,52354807464,283352890
0,52354850664,283308778
0,52354893864,283270180
0,52354937064,283236407
0,52354980264,283206856
0,52355023464,283305999
0,52355066664,283392749
0,52355109864,283468655
0,52355153064,283535073
0,52355196264,283593188
0,52355239464,283644039
0,52355282664,283688534
0,52355325864,283602467
0,52356095306,283652158
0,52358389704,283945638
0,52360684102,284077433
0,52362978500,284192753
0,52365272898,284418658
0,52367567296,284491325
0,52369861694,284554909
0,52372156092,284735545
0,52374450490,284893601
0,52376744888,284906900
0,52379039286,285043537
0,52381333684,285163094
0,52383628082,285142707
0,52385922480,285124868
0,52388216878,285234259
0,52390511276,285329976
0,52392805674,285288729
0,52395100072,285377637
0,52397394470,285455432
0,52399688868,285398503
0,52401983266,285348690
0,52404277664,285430103
0,52406572062,285376340
0,52408866460,285329297
0,52411160858,285413134
0,52413455256,285486492
0,52415749654,285425680
0,52418044052,285497470
0,52420338450,285560286
0,52422632848,285490250
0,52424927246,285428968
0,52427221644,285500347
0,52429516042,285562803
0,52637658260,311242452
0,52637701460,307837145
0,52637744660,304857501
0,52637787860,302250313
0,52637831060,299969023
0,52637874260,297972895
0,52637917460,296226283
0,52637960660,294697997
0,52638003860,293485747
0,52638047060,292425028
0,52638090260,291496899
0,52638133460,290684786
0,52638176660,289974187
0,52638219860,289352413
0,52638263060,288808361
0,52638306260,288332315
0,52638349460,287915775
0,52638392660,287551303
0,52638435860,287232390
0,52638479060,286828341
0,52638522260,286474798
0,52638565460,286165448
0,52638608660,285894767
0,52638651860,285657921
0,52638695060,285450680
0,52638738260,285269345
0,52638781460,285110676
0,52638824660,284971841
0,52638867860,284850360
0,52638911060,284744065
0,52638954260,284651056
0,52638997460,284569674
0,52639040660,284623464
0,52639083860,284670531
0,52639127060,284711714
0,52639170260,284747749
0,52639213460,284779280
0,52639256660,284806870
0,52639299860,284831011
0,52639343060,284852134
0,52639386260,284870617
0,52639429460,284886789
0,52639472660,284775940
0,52639515860,284678947
0,52639559060,284594078
0,52639602260,284519818
0,52639645460,284454840
0,52639688660,284397985
0,52639731860,284348236
0,52639775060,284304706
0,52641648501,284391617
0,52643942899,284467664
0,52646237297,284659206
0,52648531695,284826805
0,52650826093,284848454
0,52653120491,284992397
0,52655414889,285118347
0,52657709287,285103553
0,52660003685,285215608
0,52662298083,285313657
0,52664592481,285274449
0,52666886879,285240142
0,52669181277,285335124
0,52671475675,285418233
0,52673770073,285365953
0,52676064471,285445208
0,52678358869,285514557
0,52680653267,285450237
0,52682947665,285393957
0,52685242063,285469712
0,52687536461,285535998
0,52689830859,285468998
0,52692125257,285535373
0,52694419655,285593451
0,52696714053,285519269
0,52699008451,285579360
0,52701302849,285631940
0,52703597247,285552947
0,52705891645,285483828
0,52708186043,285548349
0,52710480441,285604805
0,52712774839,285529204
0,52715069237,285588053
0,52923211455,285639546
0,52923254655,285684602
0,52923297855,285724026
0,52923341055,285758522
0,52923384255,285788706
0,52923427455,285815117
0,52923470655,285838227
0,52923513855,285858448
0,52923557055,285751142
0,52923600255,285657249
0,52923643455,285575092
0,52923686655,285503205
0,52923729855,285440304
0,52923773055,285385266
0,52923816255,285337107
0,52923859455,285294968
0,52923902655,285258097
0,52923945855,285225834
0,52923989055,285197604
0,52924032255,285297903
0,52924075455,285385665
0,52924118655,285462456
0,52924161855,285529649
0,52924205055,285588442
0,52924248255,285639886
0,52924291455,285684900
0,52924334655,285724287
0,52924377855,285758751
0,52924421055,285788907
0,52924464255,285815293
0,52924507455,285838381
0,52924550655,285858583
0,52924593855,285751260
0,52924637055,285657352
0,52924680255,285575183
0,52924723455,285503285
0,52924766655,285440374
0,52924809855,285385327
0,52924853055,285337161
0,52924896255,285295015
0,52924939455,285258138
0,52924982655,285225870
0,52925025855,285322636
0,52925069055,285407306
0,52925112255,285481392
0,52925155455,285546218
0,52925198655,285602940
0,52925241855,285652572
0,52925285055,285696000
0,52925328255,285734000
0,52927201696,285767250
0,52929496094,285796343
0,52931790492,285696800
0,52934084890,285734700
0,52936379288,285767862
0,52938673686,285671879
0,52940968084,285587894
0,52943262482,285639407
0,52945556880,285559481
0,52947851278,285489545
0,52950145676,285553351
0,52952440074,285609182
0,52954734472,285533034
0,52957028870,285591404
0,52959323268,285642478
0,52961617666,285562168
0,52963912064,285491897
0,52966206462,285555409
0,52968500860,285610982
0,52970795258,285534609
0,52973089656,285592782
0,52975384054,285643684
0,52977678452,285563223
0,52979972850,285492820
0,52982267248,285556217
0,52984561646,285486689
0,52986856044,285425852
0,52989150442,285497620
0,52991444840,285560417
0,52993739238,285490364
0,52996033636,285554068
0,52998328034,285609809
0,53000622432,285533582
0,53209911849,285591884
0,53209955049,285642898
0,53209998249,285687535
0,53210041449,285851593
0,53210084649,285995143
0,53210127849,286120750
0,53210171049,286230656
0,53210214249,286326824
0,53210257449,286410971
0,53210300649,286484599
0,53210343849,286549024
0,53210387049,286605396
0,53210430249,286654721
0,53210473449,286697880
0,53210516649,286735645
0,53210559849,286768689
0,53210603049,286797602
0,53210646249,286822901
0,53210689449,286845038
0,53210732649,286739408
0,53210775849,286646982
0,53210819049,286566109
0,53210862249,286495345
0,53210905449,286433426
0,53210948649,286379247
0,53210991849,286331841
0,53211035049,286415360
0,53211078249,286488440
0,53211121449,286552385
0,53211164649,286608336
0,53211207849,286657294
0,53211251049,286700132
0,53211294249,286737615
0,53211337449,286770413
0,53211380649,286799111
0,53211423849,286824222
0,53211467049,286846194
0,53211510249,286865419
0,53211553449,286882241
0,53211596649,286896960
0,53211639849,286909840
0,53211683049,286921110
0,53211726249,286805971
0,53211769449,286705224
0,53211812649,286617071
0,53211855849,286539937
0,53211899049,286472444
0,53211942249,286413388
0,53211985449,286361714
0,53212028649,286441499
0,53212754891,286261311
0,53215049289,286228647
0,53217343687,286200066
0,53219638085,286050057
0,53221932483,285918799
0,53224226881,285928949
0,53226521279,285937830
0,53228815677,285820601
0,53231110075,285843025
0,53233404473,285862646
0,53235698871,285754815
0,53237993269,285660463
0,53240287667,285702905
0,53242582065,285615041
0,53244876463,285538160
0,53247170861,285595890
0,53249465259,285646403
0,53251759657,285565602
0,53254054055,285619901
0,53256348453,285667413
0,53258642851,285583986
0,53260937249,285510987
0,53263231647,285572113
0,53265526045,285625598
0,53267820443,285547398
0,53270114841,285603973
0,53272409239,285653476
0,53274703637,285571791
0,53276998035,285500317
0,53279292433,285562777
0,53281586831,285867429
0,53283881229,286009000
0,53286175627,286257875
0,53495465044,312350640
0,53495508244,309056810
0,53495551444,306174708
0,53495594644,303652869
0,53495637844,301321260
0,53495681044,299281102
0,53495724244,297495964
0,53495767444,295933968
0,53495810644,294567222
0,53495853844,293371319
0,53495897044,292324904
0,53495940244,291409291
0,53495983444,290608129
0,53496026644,290032112
0,53496069844,289528098
0,53496113044,289087085
0,53496156244,288701199
0,53496199444,288363549
0,53496242644,288068105
0,53496285844,287809591
0,53496329044,287583392
0,53496372244,287385468
0,53496415444,287212284
0,53496458644,287060748
0,53496501844,286928154
0,53496545044,286812134
0,53496588244,286710617
0,53496631444,286496789
0,53496674644,286309690
0,53496717844,286145978
0,53496761044,286002730
0,53496804244,285877388
0,53496847444,285767714
0,53496890644,285671749
0,53496933844,285587780
0,53496977044,285514307
0,53497020244,285575018
0,53497063444,285628140
0,53497106644,285674622
0,53497149844,285715294
0,53497193044,285750882
0,53497236244,285782021
0,53497279444,285809268
0,53497322644,285833109
0,53497365844,285853970
0,53497409044,285872223
0,53497452244,285888195
0,53497495444,285902170
0,53497538644,285914398
0,53497581844,285925098
0,53498308086,285934460
0,53500602484,286192652
0,53502896882,286293570
0,53505191280,286506873
0,53507485678,286693513
0,53509780076,286856823
0,53512074474,286999720
0,53514368872,287124755
0,53516663270,287234160
0,53518957668,287204890
0,53521252066,287304278
0,53523546464,287391243
0,53525840862,287467337
0,53528135260,287533919
0,53530429658,287592179
0,53532724056,287643156
0,53535018454,287687761
0,53537312852,287726790
0,53539607250,287760941
0,53541901648,287665823
0,53544196046,287707595
0,53546490444,287744145
0,53548784842,287776126
0,53551079240,287804110
0,53553373638,287828596
0,53555668036,287850021
0,53557962434,287743768
0,53560256832,287775797
0,53562551230,287803822
0,53564845628,287828344
0,53567140026,287849801
0,53569434424,287868575
0,53571728822,287885003
0,53781018239,313774377
0,53781061439,310302579
0,53781104639,307264756
0,53781147839,304606661
0,53781191039,302280828
0,53781234239,300245724
0,53781277439,298465008
0,53781320639,296906882
0,53781363839,295543521
0,53781407039,294350580
0,53781450239,293306757
0,53781493439,292393412
0,53781536639,291594235
0,53781579839,290894955
0,53781623039,290158085
0,53781666239,289513324
0,53781709439,288949158
0,53781752639,288455513
0,53781795839,288023573
0,53781839039,287645626
0,53781882239,287314922
0,53781925439,287025556
0,53781968639,286772361
0,53782011839,286675815
0,53782055039,286591338
0,53782098239,286517420
0,53782141439,286452742
0,53782184639,286396149
0,53782227839,286346630
0,53782271039,286303301
0,53782314239,286265388
0,53782357439,286232214
0,53782400639,286203187
0,53782443839,286177788
0,53782487039,286155564
0,53782530239,286136118
0,53782573439,286119103
0,53782616639,285979215
0,53782659839,285856813
0,53782703039,285749711
0,53782746239,285655997
0,53782789439,285573997
0,53782832639,285502247
0,53782875839,285439466
0,53782919039,285384532
0,53782962239,285336465
0,53783005439,285419406
0,53783048639,285491980
0,53783091839,285555482
0,53783135039,285611046
0,53783861281,285659665
0,53786155679,285952206
0,53788450077,286208180
0,53790744475,286432157
0,53793038873,286628137
0,53795333271,286799619
0,53797627669,286949666
0,53799922067,286955957
0,53802216465,287086462
0,53804510863,287200654
0,53806805261,287300572
0,53809099659,287388000
0,53811394057,287464500
0,53813688455,287531437
0,53815982853,287465007
0,53818277251,287531881
0,53820571649,287590395
0,53822866047,287516595
0,53825160445,287577020
0,53827454843,287629892
0,53829749241,287676155
0,53832043639,287716635
0,53834338037,287752055
0,53836632435,287783048
0,53838926833,287685167
0,53841221231,287724521
0,53843515629,287758955
0,53845810027,287789085
0,53848104425,287815449
0,53850398823,287838517
0,53852693221,287858702
0,53854987619,287751364
0,53857282017,287782443
0,54067718633,313809637
0,54067761833,310333432
0,54067805033,307291753
0,54067848233,304630283
0,54067891433,302301497
0,54067934633,300263809
0,54067977833,298480832
0,54068021033,297045728
0,54068064233,295790012
0,54068107433,294691260
0,54068150633,293729852
0,54068193833,292888620
0,54068237033,292152542
0,54068280233,291508474
0,54068323433,290944914
0,54068366633,290451799
0,54068409833,290020324
0,54068453033,289642783
0,54068496233,289312435
0,54068539433,289023380
0,54068582633,288770457
0,54068625833,288549149
0,54068669033,288355505
0,54068712233,288186066
0,54068755433,287912807
0,54068798633,287673706
0,54068841833,287464492
0,54068885033,287281430
0,54068928233,287121251
0,54068971433,286981094
0,54069014633,286983457
0,54069057833,286985524
0,54069101033,286987333
0,54069144233,286988916
0,54069187433,286990301
0,54069230633,286991513
0,54069273833,286992573
0,54069317033,286993501
0,54069360233,286994313
0,54069403433,286995023
0,54069446633,286995645
0,54069489833,286996189
0,54069533033,286996665
0,54069576233,286997081
0,54069619433,286997445
0,54069662633,286997764
0,54069705833,286998043
0,54069749033,286873287
0,54069792233,286764126
0,54069835433,286668610
0,54069878633,286585033
0,54071708874,286761903
0,54074003272,286916665
0,54076297670,287052081
0,54078592068,287170570
0,54080886466,287149248
0,54083180864,287255592
0,54085475262,287348643
0,54087769660,287430062
0,54090064058,287501304
0,54092358456,287563641
0,54094652854,287618185
0,54096947252,287540911
0,54099241650,287598297
0,54101536048,287648509
0,54103830446,287692445
0,54106124844,287730889
0,54108419242,287764527
0,54110713640,287793961
0,54113008038,287819715
0,54115302436,287842250
0,54117596834,287861968
0,54119891232,287754222
0,54122185630,287784944
0,54124480028,287811826
0,54126774426,287835347
0,54129068824,287855928
0,54131363222,287873937
0,54133657620,287889694
0,54135952018,287778482
0,54138246416,287806171
0,54140540814,287830399
0,54142835212,287851599
0,54145129610,287870149
0,54355566226,287886380
0,54355609426,287900582
0,54355652626,287913009
0,54355695826,287923882
0,54355739026,287933396
0,54355782226,287941721
0,54355825426,287949005
0,54355868626,287830379
0,54355911826,287726581
0,54355955026,287635758
0,54355998226,287556288
0,54356041426,287611752
0,54356084626,287660283
0,54356127826,287702747
0,54356171026,287739903
0,54356214226,287772415
0,54356257426,287800863
0,54356300626,287825755
0,54356343826,287847535
0,54356387026,287866593
0,54356430226,287883268
0,54356473426,287897859
0,54356516626,287910626
0,54356559826,287921797
0,54356603026,287931572
0,54356646226,287940125
0,54356689426,287947609
0,54356732626,287954157
0,54356775826,287959887
0,54356819026,287964901
0,54356862226,287844288
0,54356905426,287738752
0,54356948626,287646408
0,54356991826,287565607
0,54357035026,287619906
0,54357078226,287667417
0,54357121426,287708989
0,54357164626,287745365
0,54357207826,287777194
0,54357251026,287805044
0,54357294226,287829413
0,54357337426,287850736
0,54357380626,287869394
0,54357423826,287885719
0,54357467026,287900004
0,54357510226,287912503
0,54357553426,287923440
0,54357596626,287933010
0,54357639826,287941383
0,54357683026,287948710
0,54357726226,287955121
0,54359556467,287960730
0,54361850865,287840638
0,54364145263,287860558
0,54366439661,287877988
0,54368734059,287893239
0,54371028457,287906584
0,54373322855,287918261
0,54375617253,287928478
0,54377911651,287812418
0,54380206049,287835865
0,54382500447,287856381
0,54384794845,287874333
0,54387089243,287890041
0,54389383641,287903785
0,54391678039,287915811
0,54393972437,287801334
0,54396266835,287826167
0,54398561233,287847896
0,54400855631,287741909
0,54403150029,287774170
0,54405444427,287802398
0,54407738825,287827098
0,54410033223,287848710
0,54412327621,287867621
0,54414622019,287884168
0,54416916417,287773647
0,54419210815,287801941
0,54421505213,287826698
0,54423799611,287848360
0,54426094009,287867315
0,54428388407,287883900
0,54430682805,287898412
0,54432977203,287786110
0,54643413819,287812846
0,54643457019,287836240
0,54643500219,287856710
0,54643543419,287874621
0,54643586619,287890293
0,54643629819,287904006
0,54643673019,287916005
0,54643716219,287926504
0,54643759419,287935691
0,54643802619,287943729
0,54643845819,287950762
0,54643889019,287956916
0,54643932219,287837301
0,54643975419,287732638
0,54644018619,287766058
0,54644061819,287795300
0,54644105019,287820887
0,54644148219,287843276
0,54644191419,287862866
0,54644234619,287880007
0,54644277819,287895006
0,54644321019,287908130
0,54644364219,287919613
0,54644407419,287929661
0,54644450619,287938453
0,54644493819,287946146
0,54644537019,287952877
0,54644580219,287958767
0,54644623419,287963921
0,54644666619,287968430
0,54644709819,287972376
0,54644753019,287975829
0,54644796219,287978850
0,54644839419,287981493
0,54644882619,287983806
0,54644925819,287860830
0,54644969019,287753226
0,54645012219,287784072
0,54645055419,287811063
0,54645098619,287834680
0,54645141819,287855345
0,54645185019,287873426
0,54645228219,287889247
0,54645271419,287903091
0,54645314619,287915204
0,54645357819,287925803
0,54645401019,287935077
0,54645444219,287943192
0,54645487419,287950293
0,54645530619,287956506
0,54645573819,287961942
0,55050427553,275716699
0,55050470753,265002111
0,55050513953,255626847
0,55050557153,247423491
0,55050600353,240245554
0,55050643553,233964859
0,55050686753,228469251
0,55050976197,223660594
0,55053270595,219828019
0,55055564993,216349516
0,55057859391,213305826
0,55060153789,210767597
0,55062448187,208546647
0,55064742585,206478316
0,55067036983,204793526
0,55069331381,203319335
0,55071625779,201904418
0,55073920177,200666365
0,55076214575,199708069
0,55078508973,198744560
0,55080803371,197901490
0,55083097769,197288803
0,55085392167,196752702
0,55087686565,196158614
0,55089980963,195638787
0,55092275361,195308938
0,55094569759,194895320
0,55096864157,194533405
0,55099158555,194341729
0,55101452953,194174012
0,55103747351,193902260
0,55106041749,193789477
0,55108336147,193690792
0,55110630545,193479443
0,55112924943,193294512
0,55115219341,193257698
0,55117513739,193100485
0,55119808137,192962924
0,55122102535,192967558
0,55124396933,192971613
0,55126691331,192850161
0,55239616032,206618890
0,55239659232,204416528
0,55239702432,202489462
0,55239745632,200803279
0,55239788832,199327869
0,55239832032,198036885
0,55239875232,196907274
0,55240164676,196043864
0,55242459074,195538381
0,55244753472,194971083
0,55247047870,194599697
0,55249342268,194274734
0,55251636666,193865392
0,55253931064,193507218
0,55256225462,193318815
0,55258519860,193028963
0,55260814258,192775342
0,55263108656,192678424
0,55265403054,192593621
0,55267697452,192394418
0,55269991850,192220115
0,55272286248,192192600
0,55274580646,192043525
0,55276875044,191913084
0,55279169442,191923948
0,55281463840,191933454
0,55283758238,191816772
0,55286052636,191839675
0,55288347034,191859715
0,55290641432,191752250
0,55292935830,191658218
0,55295230228,191700940
0,55297524626,191613322
0,55299819024,191536656
0,55302113422,191594574
0,55304407820,191645252
0,55306702218,191564595
0,55308996616,191494020
0,55311291014,191557267
0,55313585412,191487608
0,55315879810,191426657
0,55429951710,205373324
0,55429994910,203451658
0,55430038110,201895200
0,55430081310,200533300
0,55430124510,199341637
0,55430167710,198298932
0,55430210910,197386565
0,55430254110,196588244
0,55431647553,195889713
0,55433941951,195278498
0,55436236349,194868685
0,55438530747,194385099
0,55440825145,193961961
0,55443119543,193716715
0,55445413941,193502125
0,55447708339,193189359
0,55450002737,193040689
0,55452297135,192910602
0,55454591533,192671776
0,55456885931,192462804
0,55459180329,192404953
0,55461474727,192354333
0,55463769125,192185041
0,55466063523,192161910
0,55468357921,192141671
0,55470652319,191998962
0,55472946717,191874091
0,55475241115,191889829
0,55477535513,191778600
0,55479829911,191681275
0,55482124309,191721115
0,55484418707,191755975
0,55486713105,191661478
0,55489007503,191703793
0,55491301901,191740818
0,55493596299,191648215
0,55495890697,191567188
0,55498185095,191621289
0,55500479493,191668627
0,55502773891,191585048
0,55505068289,191636917
0,55507362687,191682302
0,55621434587,191722014
0,55621477787,191756762
0,55621520987,191662166
0,55621564187,191579395
0,55621607387,191506970
0,55621650587,191443598
0,55621693787,191388148
0,55621736987,191339629
0,55623130430,191422175
0,55625424828,191494403
0,55627719226,191432602
0,55630013624,191503526
0,55632308022,191565585
0,55634602420,191494886
0,55636896818,191433025
0,55639191216,191503896
0,55641485614,191440909
0,55643780012,191385795
0,55646074410,191462570
0,55648368808,191529748
0,55650663206,191463529
0,55652957604,191405587
0,55655252002,191479888
0,55657546400,191419902
0,55659840798,191367414
0,55662135196,191446487
0,55664429594,191515676
0,55666723992,191451216
0,55669018390,191519814
0,55671312788,191579837
0,55673607186,191507357
0,55675901584,191443937
0,55678195982,191513444
0,55680490380,191449263
0,55682784778,191393105
0,55685079176,191468966
0,55687373574,191535345
0,55689667972,191468426
0,55691962370,191409872
0,55694256768,191483638
0,55696551166,191423183
0,55698845564,191370285
0,55814064663,191573999
0,55814107863,191752249
0,55814151063,191908217
0,55814194263,192044689
0,55814237463,192164102
0,55814280663,192268589
0,55814323863,192360015
0,55814367063,192440013
0,55814613307,192510011
0,55816907705,192571259
0,55819202103,192749851
0,55821496501,192906119
0,55823790899,192917854
0,55826085297,193053122
0,55828379695,193171481
0,55830674093,193275045
0,55832968491,193240664
0,55835262889,193335581
0,55837557287,193418633
0,55839851685,193366303
0,55842146083,193445515
0,55844440481,193514825
0,55846734879,193575471
0,55849029277,193628537
0,55851323675,193674969
0,55853618073,193715597
0,55855912471,193626147
0,55858206869,193672878
0,55860501267,193713768
0,55862795665,193624547
0,55865090063,193671478
0,55867384461,193712543
0,55869678859,193748475
0,55871973257,193654915
0,55874267655,193698050
0,55876562053,193735793
0,55878856451,193643818
0,55881150849,193688340
0,55883445247,193727297
0,55885739645,193761384
0,55888034043,193791211
0,55890328441,193817309
0,56005547540,207965145
0,56005590740,205844501
0,56005633940,203988938
0,56005677140,202365320
0,56005720340,200944655
0,56005763540,199701573
0,56005806740,198613876
0,56005849940,197662141
0,56006096184,196954373
0,56008390582,196585076
0,56010684980,196261941
0,56012979378,195854198
0,56015273776,195622423
0,56017568174,195419620
0,56019862572,195117167
0,56022156970,194977521
0,56024451368,194855330
0,56026745766,194748413
0,56029040164,194654861
0,56031334562,194573003
0,56033628960,194501377
0,56035923358,194313704
0,56038217756,194274491
0,56040512154,194240179
0,56042806552,194085156
0,56045100950,194074511
0,56047395348,194065197
0,56049689746,194057047
0,56051984144,193924916
0,56054278542,193934301
0,56056572940,193942513
0,56058867338,193824698
0,56061161736,193846610
0,56063456134,193865783
0,56065750532,193882560
0,56068044930,193897240
0,56070339328,193910085
0,56072633726,193921324
0,56074928124,193806158
0,56077222522,193830388
0,56079516920,193851589
0,56081811318,193745140
0,56198177616,208026997
0,56198220816,206148622
0,56198264016,204505044
0,56198307216,203066913
0,56198350416,201808548
0,56198393616,200707479
0,56198436816,199744044
0,56198480016,198901038
0,56198523216,198163408
0,56199873459,197517982
0,56202167857,197078234
0,56204462255,196693454
0,56206756653,196356772
0,56209051051,196062175
0,56211345449,195804403
0,56213639847,195578852
0,56215934245,195256495
0,56218228643,195099433
0,56220523041,194962003
0,56222817439,194716752
0,56225111837,194627158
0,56227406235,194548763
0,56229700633,194480167
0,56231995031,194295146
0,56234289429,194258252
0,56236583827,194225970
0,56238878225,194072723
0,56241172623,194063632
0,56243467021,194055678
0,56245761419,194048718
0,56248055817,194042628
0,56250350215,194037299
0,56252644613,194032636
0,56254939011,193903556
0,56257233409,193915611
0,56259527807,193926159
0,56261822205,193810389
0,56264116603,193834090
0,56266411001,193854828
0,56268705399,193872974
0,56270999797,193763852
0,56273294195,193793370
0,56275588593,193819198
0,56391954891,193716798
0,56391998091,193627198
0,56392041291,193673798
0,56392084491,193714573
0,56392127691,193750251
0,56392170891,193781469
0,56392214091,193808785
0,56392257291,193832686
0,56392300491,193853600
0,56393650734,193871900
0,56395945132,193762912
0,56398239530,193792548
0,56400533928,193818479
0,56402828326,193716169
0,56405122724,193751647
0,56407417122,193782691
0,56409711520,193809854
0,56412005918,193833622
0,56414300316,193854419
0,56416594714,193872616
0,56418889112,193763539
0,56421183510,193793096
0,56423477908,193818959
0,56425772306,193841589
0,56428066704,193861390
0,56430361102,193878716
0,56432655500,193893876
0,56434949898,193782141
0,56437244296,193809373
0,56439538694,193833201
0,56441833092,193729050
0,56444127490,193762918
0,56446421888,193792553
0,56448716286,193818483
0,56451010684,193841172
0,56453305082,193861025
0,56455599480,193878396
0,56457893878,193768596
0,56460188276,193797521
0,56462482674,193822830
0,56464777072,193844976
0,56467071470,193864354
0,56469365868,193881309
0,56586879365,194021145
0,56586922565,194143501
0,56586965765,194125563
0,56587008965,194234867
0,56587052165,194330508
0,56587095365,194414194
0,56587138565,194487419
0,56587181765,194551491
0,56587224965,194607554
0,56587428009,194531609
0,56589722407,194465157
0,56592016805,194407012
0,56594311203,194356135
0,56596605601,194311618
0,56598899999,194522665
0,56601194397,194707331
0,56603488795,194868914
0,56605783193,195010299
0,56608077591,195134011
0,56610371989,195242259
0,56612666387,195336976
0,56614960785,195419854
0,56617255183,195492372
0,56619549581,195555825
0,56621843979,195611346
0,56624138377,195659927
0,56626432775,195702436
0,56628727173,195739631
0,56631021571,195897177
0,56633315969,195910029
0,56635610367,195921275
0,56637904765,195931115
0,56640199163,195939725
0,56642493561,195947259
0,56644787959,195953851
0,56647082357,195959619
0,56649376755,195964666
0,56651671153,195969082
0,56653965551,195972946
0,56656259949,195976327
0,56658554347,195979286
0,56660848745,195981875
0,56663143143,195984140
0,56780656640,210361122
0,56780699840,208315981
0,56780743040,206526483
0,56780786240,204960672
0,56780829440,203465588
0,56780872640,202157389
0,56780915840,201012715
0,56780959040,200011125
0,56781002240,199259734
0,56781205284,198602267
0,56783499682,198276983
0,56785794080,197992360
0,56788088478,197743315
0,56790382876,197525400
0,56792677274,197334725
0,56794971672,197167884
0,56797266070,197021898
0,56799560468,196894160
0,56801854866,196782390
0,56804149264,196684591
0,56806443662,196599017
0,56808738060,196524139
0,56811032458,196583621
0,56813326856,196510668
0,56815621254,196446834
0,56817915652,196390979
0,56820210050,196342106
0,56822504448,196299342
0,56824798846,196261924
0,56827093244,196229183
0,56829387642,196200535
0,56831682040,196175468
0,56833976438,196153534
0,56836270836,196134342
0,56838565234,196117549
0,56840859632,196102855
0,56843154030,196089998
0,56845448428,196078748
0,56847742826,196068904
0,56850037224,196185291
0,56852331622,196162129
0,56854626020,196141862
0,56856920418,196124129
0,56975581114,210608612
0,56975624314,208657535
0,56975667514,206950343
0,56975710714,205456550
0,56975753914,204149481
0,56975797114,203005795
0,56975840314,202005070
0,56975883514,201129436
0,56975926714,200363256
0,56975969914,199567849
0,56977276957,199121867
0,56979571355,198731633
0,56981865753,198390178
0,56984160151,198091405
0,56986454549,197829979
0,56988748947,197601231
0,56991043345,197526077
0,56993337743,197335317
0,56995632141,197168402
0,56997926539,197022351
0,57000220937,196894557
0,57002515335,196782737
0,57004809733,196684894
0,57007104131,196599282
0,57009398529,196524371
0,57011692927,196458824
0,57013987325,196401471
0,57016281723,196351287
0,57018576121,196307376
0,57020870519,196268954
0,57023164917,196235334
0,57025459315,196205917
0,57027753713,196180177
0,57030048111,196282654
0,57032342509,196247322
0,57034636907,196216406
0,57036931305,196189355
0,57039225703,196165685
0,57041520101,196144974
0,57043814499,196126852
0,57046108897,196110995
0,57048403295,196097120
0,57050697693,196084980
0,57052992091,196074357
0,57171652787,196065062
0,57171695987,196056929
0,57171739187,196049812
0,57171782387,196043585
0,57171825587,196038136
0,57171868787,196033369
0,57171911987,196029197
0,57171955187,196025547
0,57171998387,196022353
0,57172041587,196144558
0,57173348630,196126488
0,57175643028,196110677
0,57177937426,196096842
0,57180231824,196084736
0,57182526222,196074144
0,57184820620,196064876
0,57187115018,196056766
0,57189409416,196049670
0,57191703814,196043461
0,57193998212,196038028
0,57196292610,196033274
0,57198587008,196029114
0,57200881406,196025474
0,57203175804,196022289
0,57205470202,196019502
0,57207764600,196017064
0,57210058998,196139931
0,57212353396,196122439
0,57214647794,196107134
0,57216942192,196093742
0,57219236590,196082024
0,57221530988,196071771
0,57223825386,196062799
0,57226119784,196054949
0,57228414182,196048080
0,57230708580,196042070
0,57233002978,196161811
0,57235297376,196141584
0,57237591774,196123886
0,57239886172,196108400
0,57242180570,196094850
0,57244474968,196082993
0,57246769366,196072618
0,57249063764,196188540
0,57368871659,196289972
0,57368914859,196378725
0,57368958059,196456384
0,57369001259,196649336
0,57369044459,196818169
0,57369087659,196965897
0,57369130859,197095159
0,57369174059,197208264
0,57369217259,197307231
0,57369260459,197268827
0,57369420303,197110223
0,57371714701,196971445
0,57374009099,196975014
0,57376303497,196853137
0,57378597895,196746494
0,57380892293,196653182
0,57383186691,196571534
0,57385481089,196500092
0,57387775487,196437580
0,57390069885,196507882
0,57392364283,196444396
0,57394658681,196388846
0,57396953079,196340240
0,57399247477,196297710
0,57401541875,196260496
0,57403836273,196477934
0,57406130671,196793192
0,57408425069,196944043
0,57410719467,197076037
0,57413013865,197316532
0,57415308263,197526965
0,57417602661,197586094
0,57419897059,197637832
0,57422191457,197808103
0,57424485855,197832090
0,57426780253,197853078
0,57429074651,197996443
0,57431369049,197996887
0,57433663447,197997276
0,57435957845,197997616
0,57438252243,198122914
0,57440546641,198107549
0,57442841039,198094105
0,57445135437,198207341
0,57564943332,212806423
0,57564986532,210705620
0,57565029732,208992417
0,57565072932,207493364
0,57565116132,206056693
0,57565159332,204799606
0,57565202532,203699655
0,57565245732,202737198
0,57565288932,201895048
0,57565332132,201158167
0,57565491976,200513396
0,57567786374,200199221
0,57570080772,200049318
0,57572375170,199793153
0,57574669568,199569008
0,57576963966,199372882
0,57579258364,199326271
0,57581552762,199160487
0,57583847160,199015426
0,57586141558,199013497
0,57588435956,198886809
0,57590730354,198775957
0,57593024752,198803962
0,57595319150,198828466
0,57597613548,198724907
0,57599907946,198634293
0,57602202344,198680006
0,57604496742,198595005
0,57606791140,198520629
0,57609085538,198580550
0,57611379936,198507981
0,57613674334,198444483
0,57615968732,198388922
0,57618263130,198465306
0,57620557528,198407142
0,57622851926,198356249
0,57625146324,198436717
0,57627440722,198382127
0,57629735120,198334361
0,57632029518,198417565
0,57634323916,198490369
0,57636618314,198429072
0,57638912712,198375438
0,57641207110,198453508
0,57762162204,213271819
0,57762205404,211362841
0,57762248604,209692485
0,57762291804,208105924
0,57762335004,206717683
0,57762378204,205502972
0,57762421404,204440100
0,57762464604,203510087
0,57762507804,202696326
0,57762551004,201984285
0,57762594204,201361249
0,57763858047,200941092
0,57766152445,200698455
0,57768446843,200361148
0,57770741241,200066004
0,57773035639,199932753
0,57775330037,199816158
0,57777624435,199589138
0,57779918833,199390495
0,57782213231,199341683
0,57784507629,199173972
0,57786802027,199027225
0,57789096425,199023821
0,57791390823,198895843
0,57793685221,198783862
0,57795979619,198685879
0,57798274017,198725144
0,57800568415,198634501
0,57802862813,198555188
0,57805157211,198610789
0,57807451609,198534440
0,57809746007,198467635
0,57812040405,198534180
0,57814334803,198592407
0,57816629201,198518356
0,57818923599,198453561
0,57821217997,198521865
0,57823512395,198456631
0,57825806793,198399552
0,57828101191,198474608
0,57830395589,198415282
0,57832689987,198363371
0,57834984385,198317949
0,57837278783,198403205
0,57839573181,198352804
0,57960528275,198308703
0,57960571475,198270115
0,57960614675,198236350
0,57960657875,198206806
0,57960701075,198180955
0,57960744275,198158335
0,57960787475,198138543
0,57960830675,198121225
0,57960873875,198106071
0,57960917075,198092812
0,57960960275,198081210
0,57962224118,198196058
0,57964518516,198171550
0,57966812914,198150106
0,57969107312,198256342
0,57971401710,198224299
0,57973696108,198196261
0,57975990506,198171728
0,57978284904,198275262
0,57980579302,198240854
0,57982873700,198210747
0,57985168098,198309403
0,57987462496,198270727
0,57989756894,198236886
0,57992051292,198332275
0,57994345690,198415740
0,57996640088,198363772
0,57998934486,198318300
0,58001228884,198403512
0,58003523282,198353073
0,58005817680,198308938
0,58008112078,198395320
0,58010406476,198345905
0,58012700874,198302666
0,58014995272,198264832
0,58017289670,198356728
0,58019584068,198312137
0,58021878466,198273119
0,58024172864,198363979
0,58026467262,198318481
0,58028761660,198278670
0,58031056058,198368836
0,58033350456,198447731
0,58035644854,198391764
0,58037939252,198342793
0,58160041545,198549943
0,58160084745,198731200
0,58160127945,198889800
0,58160171145,199028575
0,58160214345,199150003
0,58160257545,199256252
0,58160300745,199349220
0,58160343945,199430567
0,58160387145,199501746
0,58160430345,199564027
0,58160473545,199618523
0,58160590189,199416207
0,58162884587,199239181
0,58165178985,199209283
0,58167473383,199058122
0,58169767781,198925856
0,58172062179,198935124
0,58174356577,198943233
0,58176650975,198825328
0,58178945373,198722162
0,58181239771,198756891
0,58183534169,198662279
0,58185828567,198579494
0,58188122965,198632057
0,58190417363,198553049
0,58192711761,198483917
0,58195006159,198548427
0,58197300557,198604873
0,58199594955,198529263
0,58201889353,198463105
0,58204183751,198530216
0,58206478149,198463939
0,58208772547,198655946
0,58211066945,198948952
0,58213361343,199205333
0,58215655741,199429666
0,58217950139,199500957
0,58220244537,199688337
0,58222538935,199852294
0,58224833333,199870757
0,58227127731,200011912
0,58229422129,200135423
0,58231716527,200118495
0,58234010925,200228683
0,58236305323,200325097
0,58358407616,215409459
0,58358450816,213233276
0,58358494016,211329116
0,58358537216,209662976
0,58358580416,208205104
0,58358623616,206929466
0,58358666816,205813282
0,58358710016,204836621
0,58358753216,203982043
0,58358796416,203234287
0,58358839616,202580001
0,58358956260,202007500
0,58361250658,201881562
0,58363545056,201771366
0,58365839454,201549945
0,58368133852,201481201
0,58370428250,201421050
0,58372722648,201243418
0,58375017046,201212990
0,58377311444,201186366
0,58379605842,201163070
0,58381900240,201017686
0,58384194638,201015475
0,58386489036,201013540
0,58388783434,200886847
0,58391077832,200900991
0,58393372230,200913367
0,58395666628,200799196
0,58397961026,200699296
0,58400255424,200736884
0,58402549822,200769773
0,58404844220,200673551
0,58407138618,200714357
0,58409433016,200750062
0,58411727414,200656304
0,58414021812,200699266
0,58416316210,200736857
0,58418610608,200769749
0,58420905006,200673530
0,58423199404,200714338
0,58425493802,200750045
0,58427788200,200656289
0,58430082598,200699252
0,58432376996,200736845
0,58434671394,200644739
0,58557920886,215689146
0,58557964086,213603002
0,58558007286,211902626
0,58558050486,210414797
0,58558093686,209112947
0,58558136886,207973828
0,58558180086,206977099
0,58558223286,206104961
0,58558266486,205341840
0,58558309686,204674110
0,58558352886,204089846
0,58558396086,203578615
0,58559616729,203256288
0,58561911127,202849252
0,58564205525,202618095
0,58566499923,202415833
0,58568794321,202113853
0,58571088719,201974621
0,58573383117,201852793
0,58575677515,201621193
0,58577971913,201418543
0,58580266311,201366225
0,58582560709,201320446
0,58584855107,201155390
0,58587149505,201135966
0,58589443903,201118970
0,58591738301,200979098
0,58594032699,200981710
0,58596327097,200983996
0,58598621495,200985996
0,58600915893,200862746
0,58603210291,200879902
0,58605504689,200894914
0,58607799087,200783049
0,58610093485,200810167
0,58612387883,200833896
0,58614682281,200729659
0,58616976679,200638451
0,58619271077,200683644
0,58621565475,200723188
0,58623859873,200632789
0,58626154271,200678690
0,58628448669,200718853
0,58630743067,200628996
0,58633037465,200675371
0,58635331863,200715949
0,58758581355,200751455
0,58758624555,200782523
0,58758667755,200684707
0,58758710955,200599118
0,58758754155,200524228
0,58758797355,200458699
0,58758840555,200401361
0,58758883755,200351190
0,58758926955,200307291
0,58758970155,200268879
0,58759013355,200360269
0,58759056555,200440235
0,58760277198,200510205
0,58762571596,200571429
0,58764865994,200500000
0,58767160392,200562500
0,58769454790,200617187
0,58771749188,200540038
0,58774043586,200597533
0,58776337984,200647841
0,58778632382,200691860
0,58780926780,200605377
0,58783221178,200654704
0,58785515576,200697866
0,58787809974,200610632
0,58790104372,200659303
0,58792398770,200701890
0,58794693168,200614153
0,58796987566,200537383
0,58799281964,200595210
0,58801576362,200645808
0,58803870760,200565082
0,58806165158,200619446
0,58808459556,200667015
0,58810753954,200583638
0,58813048352,200635683
0,58815342750,200681222
0,58817637148,200721069
0,58819931546,200630935
0,58822225944,200677068
0,58824520342,200717434
0,58826814740,200627754
0,58829109138,200674284
0,58831403536,200714998
0,58833697934,200625623
0,58835992332,200547420
0,58960389023,200728992
0,58960432223,200887868
0,58960475423,201026884
0,58960518623,201148523
0,58960561823,201254957
0,58960605023,201348087
0,58960648223,201429576
0,58960691423,201500879
0,58960734623,201563269
0,58960777823,201617860
0,58960821023,201540627
0,58960864223,201473048
0,58960937667,201288917
0,58963232065,201252802
0,58965526463,201221201
0,58967820861,201068550
0,58970115259,201059981
0,58972409657,201052483
0,58974704055,200920922
0,58976998453,200805806
0,58979292851,200830080
0,58981587249,200851320
0,58983881647,200744905
0,58986176045,200776791
0,58988470443,200804692
0,58990764841,200704105
0,58993059239,200741091
0,58995353637,200773454
0,58997648035,200801772
0,58999942433,200701550
0,59002236831,200738856
0,59004531229,200771499
0,59006825627,200675061
0,59009120025,200715678
0,59011414423,200751218
0,59013708821,200657315
0,59016003219,200700150
0,59018297617,200737631
0,59020592015,200770427
0,59022886413,200674123
0,59025180811,200714857
0,59027475209,201000499
0,59029769607,201250436
0,59032064005,201469131
0,59034358403,201660489
0,59036652801,201827927
0,59161049492,217349436
0,59161092692,215305756
0,59161135892,213517536
0,59161179092,211952844
0,59161222292,210583738
0,59161265492,209385770
0,59161308692,208337548
0,59161351892,207420354
0,59161395092,206617809
0,59161438292,205915582
0,59161481492,205301134
0,59161524692,204763492
0,59161598136,204293055
0,59163892534,204131423
0,59166186932,203989995
0,59168481330,203866245
0,59170775728,203757964
0,59173070126,203663218
0,59175364524,203580315
0,59177658922,203507775
0,59179953320,203444303
0,59182247718,203388765
0,59184542116,203340169
0,59186836514,203297647
0,59189130912,203260441
0,59191425310,203227885
0,59193719708,203199399
0,59196014106,203174474
0,59198308504,203152664
0,59200602902,203133581
0,59202897300,203116883
0,59205191698,203102272
0,59207486096,203089488
0,59209780494,203078302
0,59212074892,203068514
0,59214369290,203059949
0,59216663688,203052455
0,59218958086,202920898
0,59221252484,202930785
0,59223546882,202939436
0,59225841280,202947006
0,59228135678,202953630
0,59230430076,202959426
0,59232724474,202964497
0,59235018872,202968934
0,59237313270,202972817
0,59361709961,218226214
0,59361753161,215947937
0,59361796361,213954444
0,59361839561,212210138
0,59361882761,210683870
0,59361925961,209348386
0,59361969161,208179837
0,59362012361,207282357
0,59362055561,206497062
0,59362098761,205809929
0,59362141961,205208687
0,59362185161,204682601
0,59362258605,204222275
0,59364553003,204069490
0,59366847401,203935803
0,59369141799,203818827
0,59371436197,203716473
0,59373730595,203626913
0,59376024993,203548548
0,59378319391,203479979
0,59380613789,203419981
0,59382908187,203367483
0,59385202585,203321547
0,59387496983,203281353
0,59389791381,203246183
0,59392085779,203215410
0,59394380177,203188483
0,59396674575,203164922
0,59398968973,203019306
0,59401263371,203016892
0,59403557769,203014780
0,59405852167,203012932
0,59408146565,203011315
0,59410440963,203009900
0,59412735361,203008662
0,59415029759,203007579
0,59417324157,203006631
0,59419618555,203005802
0,59421912953,203005076
0,59424207351,203004441
0,59426501749,203003885
0,59428796147,203003399
0,59431090545,203002974
0,59433384943,203002602
0,59435679341,203002276
0,59437973739,202876991
0,59563517629,218267367
0,59563560829,216233946
0,59563604029,214454702
0,59563647229,212897864
0,59563690429,211535631
0,59563733629,210343677
0,59563776829,209300717
0,59563820029,208388127
0,59563863229,207464611
0,59563906429,206656534
0,59563949629,205949467
0,59563992829,205330783
0,59564036029,204914435
0,59565213472,204675130
0,59567507870,204465738
0,59569802268,204282520
0,59572096666,204122205
0,59574391064,203981929
0,59576685462,203859187
0,59578979860,203626788
0,59581274258,203548439
0,59583568656,203479884
0,59585863054,203419898
0,59588157452,203367410
0,59590451850,203321483
0,59592746248,203281297
0,59595040646,203246134
0,59597335044,203215367
0,59599629442,203188446
0,59601923840,203164890
0,59604218238,203144278
0,59606512636,203126243
0,59608807034,203110462
0,59611101432,203096654
0,59613395830,203084572
0,59615690228,203074000
0,59617984626,202939750
0,59620279024,202947281
0,59622573422,202953870
0,59624867820,202959636
0,59627162218,202964681
0,59629456616,202969095
0,59631751014,202972958
0,59634045412,202976338
0,59636339810,202979295
0,59638634208,202981883
0,59640928606,202984147
0,59766472496,202986128
0,59766515696,202987862
0,59766558896,202989379
0,59766602096,202990706
0,59766645296,202991867
0,59766688496,202992883
0,59766731696,202993772
0,59766774896,202994550
0,59766818096,202995231
0,59766861296,202995827
0,59766904496,202996348
0,59766947696,202996804
0,59766990896,202872203
0,59768168339,202888177
0,59770462737,202902154
0,59772757135,202914384
0,59775051533,202925086
0,59777345931,202934450
0,59779640329,202942643
0,59781934727,202949812
0,59784229125,202956085
0,59786523523,202961574
0,59788817921,202966377
0,59791112319,202970579
0,59793406717,202974256
0,59795701115,202977474
0,59797995513,202855289
0,59800289911,202873377
0,59802584309,202889204
0,59804878707,202903053
0,59807173105,202915171
0,59809467503,202925774
0,59811761901,202935052
0,59814056299,202943170
0,59816350697,202950273
0,59818645095,202956488
0,59820939493,202961927
0,59823233891,202966686
0,59825528289,202970850
0,59827822687,202974493
0,59830117085,202977681
0,59832411483,202980470
0,59834705881,202982911
0,59837000279,202985047
0,59839294677,202986916
0,59841589075,202988551
0,59843883473,202989982
0,59970574562,203116234
0,59970617762,203226704
0,59970660962,203323366
0,59970704162,203407945
0,59970747362,203481951
0,59970790562,203546707
0,59970833762,203603368
0,59970876962,203652947
0,59970920162,203696328
0,59970963362,203734287
0,59971006562,203892501
0,59971049762,204030938
0,59971092962,204152070
0,59971136162,204258061
0,59973417604,204350803
0,59975712002,204431952
0,59978006400,204627958
0,59980300798,204674463
0,59982595196,204715155
0,59984889594,204750760
0,59987183992,204906915
0,59989478390,204918550
0,59991772788,204928731
0,59994067186,205062639
0,59996361584,205054809
0,59998655982,205047957
0,60000950380,205041962
0,60003244778,205161716
0,60005539176,205141501
0,60007833574,205123813
0,60010127972,205233336
0,60012422370,205204169
0,60014716768,205178647
0,60017011166,205281316
0,60019305564,205246151
0,60021599962,205215382
0,60023894360,205188459
0,60026188758,205289901
0,60028483156,205253663
0,60030777554,205221955
0,60033071952,205319210
0,60035366350,205279308
0,60037660748,205244394
0,60039955146,205213844
0,60042249544,205187113
0,60044543942,205163723
0,60046838340,205143257
0,60173529429,220750349
0,60173572629,218531555
0,60173615829,216590110
0,60173659029,214891346
0,60173702229,213404927
0,60173745429,212104311
0,60173788629,210966272
0,60173831829,209970488
0,60173875029,209099177
0,60173918229,208336779
0,60173961429,207669681
0,60174004629,207085970
0,60174047829,206575223
0,60174091029,206128320
0,60176372471,205987280
0,60178666869,205863870
0,60180961267,205755886
0,60183255665,205661400
0,60185550063,205578725
0,60187844461,205506384
0,60190138859,205568086
0,60192433257,205497075
0,60194727655,205434940
0,60197022053,205505572
0,60199316451,205442375
0,60201610849,205387078
0,60203905247,205338693
0,60206199645,205421356
0,60208494043,205368686
0,60210788441,205322600
0,60213082839,205407275
0,60215377237,205356365
0,60217671635,205311819
0,60219966033,205272841
0,60222260431,205238735
0,60224554829,205208893
0,60226849227,205182781
0,60229143625,205284933
0,60231438023,205249316
0,60233732421,205218151
0,60236026819,205315882
0,60238321217,205276396
0,60240615615,205241846
0,60242910013,205211615
0,60245204411,205310163
0,60247498809,205271392
0,60249793207,205237468
0,60377631495,220957784
0,60377674695,218838061
0,60377717895,216983303
0,60377761095,215360390
0,60377804295,213940341
0,60377847495,212697798
0,60377890695,211610573
0,60377933895,210659251
0,60377977095,209826844
0,60378020295,209223488
0,60378063495,208695552
0,60378106695,208233608
0,60378149895,207704407
0,60378193095,207241356
0,60379327338,206961186
0,60381621736,206716037
0,60383916134,206501532
0,60386210532,206438840
0,60388504930,206258985
0,60390799328,206101611
0,60393093726,206088909
0,60395388124,205952795
0,60397682522,205833695
0,60399976920,205729483
0,60402271318,205638297
0,60404565716,205558509
0,60406860114,205488695
0,60409154512,205552608
0,60411448910,205483532
0,60413743308,205423090
0,60416037706,205495203
0,60418332104,205433302
0,60420626502,205379139
0,60422920900,205331746
0,60425215298,205415277
0,60427509696,205363367
0,60429804094,205317946
0,60432098492,205403202
0,60434392890,205352801
0,60436687288,205308700
0,60438981686,205270112
0,60441276084,205236348
0,60443570482,205206804
0,60445864880,205180953
0,60448159278,205283333
0,60450453676,205247916
0,60452748074,205216926
0,60455042472,205314810
0,60582880760,205275458
0,60582923960,205241025
0,60582967160,205210896
0,60583010360,205309534
0,60583053560,205395842
0,60583096760,205471361
0,60583139960,205537440
0,60583183160,205595260
0,60583226360,205645852
0,60583269560,205565120
0,60583312760,205494480
0,60583355960,205432670
0,60583399160,205378586
0,60583442360,205331262
0,60584576603,205289854
0,60586871001,205253622
0,60589165399,205346919
0,60591459797,205303554
0,60593754195,205265609
0,60596048593,205357407
0,60598342991,205312731
0,60600637389,205273639
0,60602931787,205239434
0,60605226185,205334504
0,60607520583,205292691
0,60609814981,205256104
0,60612109379,205349091
0,60614403777,205305454
0,60616698175,205267272
0,60618992573,205233863
0,60621286971,205204630
0,60623581369,205179051
0,60625875767,205156669
0,60628170165,205262085
0,60630464563,205229324
0,60632758961,205200658
0,60635053359,205300575
0,60637347757,205263003
0,60639642155,205230127
0,60641936553,205201361
0,60644230951,205301190
0,60646525349,205263541
0,60648819747,205230598
0,60651114145,205326773
0,60653408543,205285926
0,60655702941,205250185
0,60657997339,205218911
0,60660291737,205191547
0,60789277224,205417603
0,60789320424,205615402
0,60789363624,205788476
0,60789406824,205814916
0,60789450024,205838051
0,60789493224,205858294
0,60789536424,205876007
0,60789579624,205891506
0,60789622824,205905067
0,60789666024,205916933
0,60789709224,205927316
0,60789752424,205936401
0,60789795624,205944350
0,60789838824,205951306
0,60789882024,205832392
0,60792120266,206103343
0,60794414664,206340425
0,60796709062,206422871
0,60799003460,206620012
0,60801297858,206792510
0,60803592256,206818446
0,60805886654,206841140
0,60808181052,206985997
0,60810475450,207112747
0,60812769848,207098653
0,60815064246,207211321
0,60817358644,207309905
0,60819653042,207271166
0,60821947440,207237270
0,60824241838,207332611
0,60826536236,207416034
0,60828830634,207364029
0,60831125032,207443525
0,60833419430,207513084
0,60835713828,207448948
0,60838008226,207517829
0,60840302624,207578100
0,60842597022,207505837
0,60844891420,207442607
0,60847185818,207512281
0,60849480216,207573245
0,60851774614,207501589
0,60854069012,207563890
0,60856363410,207618403
0,60858657808,207541102
0,60860952206,207473464
0,60863246604,207539281
0,60865541002,207596870
0,60994526489,223397261
0,60994569689,221097603
0,60994612889,219085402
0,60994656089,217324726
0,60994699289,215784135
0,60994742489,214436118
0,60994785689,213256603
0,60994828889,212224527
0,60994872089,211321461
0,60994915289,210531278
0,60994958489,209839868
0,60995001689,209359884
0,60995044889,208939898
0,60995088089,208572410
0,60995131289,208250858
0,60997369531,208219500
0,60999663929,208067062
0,61001958327,207933679
0,61004252725,207941969
0,61006547123,207824222
0,61008841521,207721194
0,61011135919,207756044
0,61013430317,207786538
0,61015724715,207688220
0,61018019113,207727192
0,61020313511,207761293
0,61022607909,207666131
0,61024902307,207582864
0,61027196705,207635006
0,61029491103,207680630
0,61031785501,207595551
0,61034079899,207646107
0,61036374297,207690343
0,61038668695,207604050
0,61040963093,207528543
0,61043257491,207587475
0,61045551889,207514040
0,61047846287,207449785
0,61050140685,207518561
0,61052435083,207578740
0,61054729481,207506397
0,61057023879,207568097
0,61059318277,207622084
0,61061612675,207544323
0,61063907073,207476282
0,61066201471,207541746
0,61068495869,207599027
0,61070790267,207524148
0,61200922953,223458629
0,61200966153,221276300
0,61201009353,219491762
0,61201052553,217930291
0,61201095753,216564004
0,61201138953,215368503
0,61201182153,214322440
0,61201225353,213407135
0,61201268553,212606243
0,61201311753,211905462
0,61201354953,211292279
0,61201398153,210755744
0,61201441353,210161276
0,61201484553,209641116
0,61201527753,209185976
0,61202618796,208912729
0,61204913194,208673637
0,61207207592,208589432
0,61209501990,208515753
0,61211796388,208326283
0,61214090786,208285497
0,61216385184,208249809
0,61218679582,208093582
0,61220973980,207956884
0,61223268378,207962273
0,61225562776,207841988
0,61227857174,207736739
0,61230151572,207769646
0,61232445970,207798440
0,61234740368,207698635
0,61237034766,207736305
0,61239329164,207769266
0,61241623562,207673107
0,61243917960,207588968
0,61246212358,207640347
0,61248506756,207685303
0,61250801154,207599640
0,61253095552,207649685
0,61255389950,207693474
0,61257684348,207606789
0,61259978746,207530940
0,61262273144,207589572
0,61264567542,207515875
0,61266861940,207451390
0,61269156338,207519966
0,61271450736,207579970
0,61273745134,207507473
0,61276039532,207569038
0,61278333930,207622908
0,61408466616,207670044
0,61408509816,207711288
0,61408553016,207622377
0,61408596216,207544579
0,61408639416,207476506
0,61408682616,207416942
0,61408725816,207364824
0,61408769016,207319221
0,61408812216,207279318
0,61408855416,207244403
0,61408898616,207213852
0,61408941816,207187120
0,61408985016,207163730
0,61409028216,207268263
0,61409071416,207359730
0,61410162459,207439763
0,61412456857,207509792
0,61414751255,207446068
0,61417045653,207515309
0,61419340051,207575895
0,61421634449,207503908
0,61423928847,207440919
0,61426223245,207510804
0,61428517643,207571953
0,61430812041,207500458
0,61433106439,207562900
0,61435400837,207617537
0,61437695235,207540344
0,61439989633,207472801
0,61442284031,207538700
0,61444578429,207471362
0,61446872827,207412441
0,61449167225,207485885
0,61451461623,207550149
0,61453756021,207481380
0,61456050419,207546207
0,61458344817,207602931
0,61460639215,207527564
0,61462933613,207461618
0,61465228011,207528915
0,61467522409,207587800
0,61469816807,207514325
0,61472111205,207575034
0,61474405603,207628154
0,61476700001,207549634
0,61478994399,207480929
0,61481288797,207545812
0,61483583195,207477585
0,61485877593,207417886
0,61617157478,207615650
0,61617200678,207788693
0,61617243878,207940106
0,61617287078,208072592
0,61617330278,208188518
0,61617373478,208289953
0,61617416678,208378708
0,61617459878,208456369
0,61617503078,208524322
0,61617546278,208583781
0,61617589478,208635808
0,61617632678,208681332
0,61617675878,208721165
0,61617719078,208631019
0,61617762278,208552141
0,61617805478,208358123
0,61620000520,208313357
0,61622294918,208274187
0,61624589316,208114913
0,61626883714,207975548
0,61629178112,207978604
0,61631472510,207981278
0,61633766908,207858618
0,61636061306,208126290
0,61638355704,208360503
0,61640650102,208565440
0,61642944500,208619760
0,61645238898,208792290
0,61647533296,208943253
0,61649827694,209075346
0,61652122092,209190927
0,61654416490,209292061
0,61656710888,209380553
0,61659005286,209457983
0,61661299684,209525735
0,61663594082,209585018
0,61665888480,209511890
0,61668182878,209572903
0,61670477276,209626290
0,61672771674,209673003
0,61675066072,209713877
0,61677360470,209749642
0,61679654868,209780936
0,61681949266,209683319
0,61684243664,209722904
0,61686538062,209757541
0,61688832460,209787848
0,61691126858,209814367
0,61693421256,209837571
0,61824701141,225982874
0,61824744341,223610014
0,61824787541,221533762
0,61824830741,219717041
0,61824873941,218127410
0,61824917141,216736483
0,61824960341,215519422
0,61825003541,214579494
0,61825046741,213757057
0,61825089941,213037424
0,61825133141,212407746
0,61825176341,211856777
0,61825219541,211374679
0,61825262741,210952844
0,61825305941,210583738
0,61825349141,210260770
0,61827544183,210228173
0,61829838581,210074651
0,61832132979,210065319
0,61834427377,210057154
0,61836721775,210050009
0,61839016173,210043757
0,61841310571,210038287
0,61843604969,210033501
0,61845899367,209904313
0,61848193765,209916273
0,61850488163,209926738
0,61852782561,209935895
0,61855076959,209943908
0,61857371357,209950919
0,61859665755,209957054
0,61861960153,209837422
0,61864254551,209857744
0,61866548949,209875526
0,61868843347,209766085
0,61871137745,209795324
0,61873432143,209820908
0,61875726541,209843294
0,61878020939,209862882
0,61880315337,209880021
0,61882609735,209895018
0,61884904133,209783140
0,61887198531,209810247
0,61889492929,209833966
0,61891787327,209854720
0,61894081725,209872880
0,61896376123,209888770
0,61898670521,209902673
0,61900964919,209789838
0,62033392003,226066108
0,62033435203,223932844
0,62033478403,222066238
0,62033521603,220432958
0,62033564803,219003838
0,62033608003,217753358
0,62033651203,216659188
0,62033694403,215701789
0,62033737603,214739065
0,62033780803,213896681
0,62033824003,213159595
0,62033867203,212514645
0,62033910403,211950314
0,62033953603,211456524
0,62033996803,211024458
0,62034040003,210771400
0,62035087846,210674975
0,62037382244,210590603
0,62039676642,210516777
0,62041971040,210327179
0,62044265438,210286281
0,62046559836,210250495
0,62048854234,210094183
0,62051148632,210082410
0,62053443030,210072108
0,62055737428,210063094
0,62058031826,210055207
0,62060326224,210048306
0,62062620622,210042267
0,62064915020,209911983
0,62067209418,209922985
0,62069503816,209932611
0,62071798214,209941034
0,62074092612,209948404
0,62076387010,209954853
0,62078681408,209960496
0,62080975806,209840434
0,62083270204,209860379
0,62085564602,209877831
0,62087859000,209768102
0,62090153398,209797089
0,62092447796,209822452
0,62094742194,209844645
0,62097036592,209864064
0,62099330990,209881056
0,62101625388,209895924
0,62103919786,209783933
0,62106214184,209810941
0,62108508582,209834573
0,62110802980,209855251
0,62243230064,209873344
0,62243273264,209889176
0,62243316464,209903029
0,62243359664,209915150
0,62243402864,209925756
0,62243446064,209935036
0,62243489264,209943156
0,62243532464,209950261
0,62243575664,209956478
0,62243618864,209961918
0,62243662064,209966678
0,62243705264,209970843
0,62243748464,209974487
0,62243791664,209977676
0,62243834864,209980466
0,62243878064,209857907
0,62244925907,209750668
0,62247220305,209781834
0,62249514703,209809104
0,62251809101,209832966
0,62254103499,209853845
0,62256397897,209872114
0,62258692295,209888099
0,62260986693,209777086
0,62263281091,209804950
0,62265575489,209829331
0,62267869887,209725664
0,62270164285,209759956
0,62272458683,209789961
0,62274753081,209816215
0,62277047479,209839188
0,62279341877,209859289
0,62281636275,209876877
0,62283930673,209767267
0,62286225071,209796358
0,62288519469,209821813
0,62290813867,209844086
0,62293108265,209863575
0,62295402663,209880628
0,62297697061,209895549
0,62299991459,209783605
0,62302285857,209810654
0,62304580255,209834322
0,62306874653,209730031
0,62309169051,209763777
0,62311463449,209793304
0,62313757847,209819141
0,62316052245,209841748
0,62318346643,209861529
0,62320641041,209878837
0,62454215324,210018982
0,62454258524,210141609
0,62454301724,210248907
0,62454344924,210342793
0,62454388124,210424943
0,62454431324,210496825
0,62454474524,210559721
0,62454517724,210614755
0,62454560924,210662910
0,62454604124,210705046
0,62454647324,210741915
0,62454690524,210774175
0,62454733724,210802403
0,62454776924,210827102
0,62454820124,210848714
0,62454863324,210867624
0,62454906524,210759171
0,62457058366,210664274
0,62459352764,210581239
0,62461647162,210508584
0,62463941560,210320011
0,62466235958,210280009
0,62468530356,210245007
0,62470824754,210214381
0,62473119152,210187583
0,62475413550,210164135
0,62477707948,210143618
0,62480002346,210125665
0,62482296744,210109956
0,62484591142,210096211
0,62486885540,209959184
0,62489179938,209964286
0,62491474336,209968750
0,62493768734,209972656
0,62496063132,209976074
0,62498357530,209979064
0,62500651928,209981681
0,62502946326,209858970
0,62505240724,210126598
0,62507535122,210360773
0,62509829520,210565676
0,62512123918,210869966
0,62514418316,211011220
0,62516712714,211134817
0,62519007112,211367964
0,62521301510,211446968
0,62523595908,211516097
0,62525890306,211576584
0,62528184704,211629511
0,62530479102,211675822
0,62664053385,228216344
0,62664096585,225939301
0,62664139785,223946888
0,62664182985,222203527
0,62664226185,220678086
0,62664269385,219343325
0,62664312585,218175409
0,62664355785,217153482
0,62664398985,216259296
0,62664442185,215476884
0,62664485385,214792273
0,62664528585,214193238
0,62664571785,213669083
0,62664614985,213210447
0,62664658185,212809141
0,62664701385,212457998
0,62664744585,212150748
0,62666896427,212131904
0,62669190825,212115416
0,62671485223,212100989
0,62673779621,212088365
0,62676074019,212202319
0,62678368417,212177029
0,62680662815,212154900
0,62682957213,212135537
0,62685251611,212118594
0,62687546009,212103769
0,62689840407,212090797
0,62692134805,212079447
0,62694429203,212069516
0,62696723601,212060826
0,62699017999,212178222
0,62701312397,212155944
0,62703606795,212136451
0,62705901193,212119394
0,62708195591,212104469
0,62710489989,212091410
0,62712784387,212079983
0,62715078785,212194985
0,62717373183,212170611
0,62719667581,212149284
0,62721961979,212130623
0,62724256377,212114295
0,62726550775,212100008
0,62728845173,212087507
0,62731139571,212076568
0,62733433969,212066997
0,62735728367,212058622
0,62738022765,212176294
0,62740317163,212154257
0,62875038645,228759974
0,62875081845,226539977
0,62875125045,224597479
0,62875168245,222897794
0,62875211445,221410569
0,62875254645,220109247
0,62875297845,218970591
0,62875341045,217974267
0,62875384245,217102483
0,62875427445,216339672
0,62875470645,215672213
0,62875513845,215088186
0,62875557045,214577162
0,62875600245,214130016
0,62875643445,213738764
0,62875686645,213396418
0,62875729845,213096865
0,62876734488,212959756
0,62879028886,212964786
0,62881323284,212844187
0,62883617682,212738663
0,62885912080,212646330
0,62888206478,212565538
0,62890500876,212494845
0,62892795274,212432989
0,62895089672,212503865
0,62897384070,212440881
0,62899678468,212385770
0,62901972866,212337548
0,62904267264,212295354
0,62906561662,212258434
0,62908856060,212226129
0,62911150458,212197862
0,62913444856,212173129
0,62915739254,212151487
0,62918033652,212257551
0,62920328050,212225357
0,62922622448,212197187
0,62924916846,212172538
0,62927211244,212150970
0,62929505642,212132098
0,62931800040,212115585
0,62934094438,212226136
0,62936388836,212197869
0,62938683234,212173135
0,62940977632,212151493
0,62943272030,212132556
0,62945566428,212115986
0,62947860826,212101487
0,62950155224,212088801
0,62952449622,212077700
0,63087171104,212067987
0,63087214304,212059488
0,63087257504,212052052
0,63087300704,212045545
0,63087343904,212039851
0,63087387104,212034869
0,63087430304,212030510
0,63087473504,212026696
0,63087516704,212023359
0,63087559904,212020439
0,63087603104,212017884
0,63087646304,212015648
0,63087689504,212013692
0,63087732704,212011980
0,63087775904,212010482
0,63087819104,212009171
0,63087862304,212008024
0,63088866947,212007021
0,63091161345,212006143
0,63093455743,212005375
0,63095750141,212004703
0,63098044539,212129115
0,63100338937,212112975
0,63102633335,212098853
0,63104927733,212086496
0,63107222131,212075684
0,63109516529,212066223
0,63111810927,212057945
0,63114105325,212175701
0,63116399723,212153738
0,63118694121,212134520
0,63120988519,212117705
0,63123282917,212102991
0,63125577315,212090117
0,63127871713,212078852
0,63130166111,212068995
0,63132460509,212060370
0,63134754907,212052823
0,63137049305,212171220
0,63139343703,212149817
0,63141638101,212131089
0,63143932499,212114702
0,63146226897,212100364
0,63148521295,212087818
0,63150815693,212076840
0,63153110091,212192235
0,63155404489,212168205
0,63157698887,212147179
0,63159993285,212128781
0,63162287683,212112683
0,63164582081,212098597
0,63300450762,212211272
0,63300493962,212309863
0,63300537162,212396130
0,63300580362,212471613
0,63300623562,212537661
0,63300666762,212595453
0,63300709962,212646021
0,63300753162,212690268
0,63300796362,212728984
0,63300839562,212762861
0,63300882762,212792503
0,63300925962,212818440
0,63300969162,212841135
0,63301012362,212985993
0,63301055562,213112743
0,63301098762,213223650
0,63301141962,213320693
0,63301185162,213280606
0,63303293804,213120530
0,63305588202,212980463
0,63307882600,212857905
0,63310176998,212750666
0,63312471396,212656832
0,63314765794,212574728
0,63317060192,212627887
0,63319354590,212549401
0,63321648988,212480725
0,63323943386,212420634
0,63326237784,212368054
0,63328532182,212322047
0,63330826580,212281791
0,63333120978,212371567
0,63335415376,212325121
0,63337709774,212284480
0,63340004172,212373920
0,63342298570,212327180
0,63344592968,212286282
0,63346887366,212250496
0,63349181764,212219184
0,63351476162,212191786
0,63353770560,212167812
0,63356064958,212271835
0,63358359356,212237855
0,63360653754,212208123
0,63362948152,212182107
0,63365242550,212159343
0,63367536948,212139425
0,63369831346,212121996
0,63372125744,212231746
0,63374420142,212577777
0,63376714540,212755554
0,63512583221,229661109
0,63512626421,227453470
0,63512669621,225521786
0,63512712821,223831562
0,63512756021,222352616
0,63512799221,221058539
0,63512842421,219926221
0,63512885621,218935443
0,63512928821,218068512
0,63512972021,217309948
0,63513015221,216771204
0,63513058421,216299803
0,63513101621,215887327
0,63513144821,215526411
0,63513188021,215085609
0,63513231221,214699907
0,63513274421,214362418
0,63513317621,214067115
0,63515426263,214058725
0,63517720661,214051384
0,63520015059,214169961
0,63522309457,214273715
0,63524603855,214239500
0,63526898253,214209562
0,63529192651,214308366
0,63531487049,214269820
0,63533781447,214236092
0,63536075845,214331580
0,63538370243,214415132
0,63540664641,214363240
0,63542959039,214317835
0,63545253437,214403105
0,63547547835,214352716
0,63549842233,214308626
0,63552136631,214395047
0,63554431029,214345666
0,63556725427,214302457
0,63559019825,214389649
0,63561314223,214465942
0,63563608621,214407699
0,63565903019,214356736
0,63568197417,214437144
0,63570491815,214382501
0,63572786213,214334688
0,63575080611,214417852
0,63577375009,214490620
0,63579669407,214429292
0,63581963805,214375630
0,63584258203,214453676
0,63586552601,214396966
0,63588846999,214347345
0,63724715680,231053926
0,63724758880,228672185
0,63724802080,226588161
0,63724845280,224764640
0,63724888480,223169060
0,63724931680,221772927
0,63724974880,220551311
0,63725018080,219607397
0,63725061280,218781472
0,63725104480,218058788
0,63725147680,217426439
0,63725190880,216748134
0,63725234080,216154617
0,63725277280,215635289
0,63725320480,215180877
0,63725363680,214783267
0,63725406880,214435358
0,63725450080,214130938
0,63727558722,214114570
0,63729853120,214100248
0,63732147518,214212717
0,63734441916,214186127
0,63736736314,214162861
0,63739030712,214267503
0,63741325110,214359065
0,63743619508,214314181
0,63745913906,214274908
0,63748208304,214365544
0,63750502702,214319851
0,63752797100,214279869
0,63755091498,214369885
0,63757385896,214448649
0,63759680294,214392567
0,63761974692,214343496
0,63764269090,214425559
0,63766563488,214372364
0,63768857886,214325818
0,63771152284,214410090
0,63773446682,214358828
0,63775741080,214313974
0,63778035478,214399727
0,63780329876,214474761
0,63782624274,214415415
0,63784918672,214363488
0,63787213070,214443052
0,63789507468,214387670
0,63791801866,214339211
0,63794096264,214421809
0,63796390662,214494082
0,63798685060,214432321
0,63800979458,214378280
0,63937995338,231205995
0,63938038538,229055245
0,63938081738,227173339
0,63938124938,225526671
0,63938168138,224085837
0,63938211338,222825107
0,63938254538,221721968
0,63938297738,220756722
0,63938340938,219787131
0,63938384138,218938739
0,63938427338,218196396
0,63938470538,217546846
0,63938513738,216978490
0,63938556938,216481178
0,63938600138,216046030
0,63938643338,215665276
0,63938686538,215332116
0,63938729738,215040601
0,63939691181,214910525
0,63941985579,214796709
0,63944279977,214822120
0,63946574375,214719355
0,63948868773,214629435
0,63951163171,214675755
0,63953457569,214591285
0,63955751967,214517374
0,63958046365,214577702
0,63960340763,214630489
0,63962635161,214551677
0,63964929559,214482717
0,63967223957,214547377
0,63969518355,214478954
0,63971812753,214419084
0,63974107151,214491698
0,63976401549,214555235
0,63978695947,214485830
0,63980990345,214425101
0,63983284743,214496963
0,63985579141,214434842
0,63987873539,214380486
0,63990167937,214457925
0,63992462335,214400684
0,63994756733,214350598
0,63997051131,214431773
0,63999345529,214502801
0,64001639927,214439950
0,64003934325,214384956
0,64006228723,214461836
0,64008523121,214404106
0,64010817519,214353592
0,64013111917,214434393
0,64015406315,214505093
0,64152422195,214566956
0,64152465395,214496086
0,64152508595,214434075
0,64152551795,214379815
0,64152594995,214332338
0,64152638195,214290795
0,64152681395,214254445
0,64152724595,214222639
0,64152767795,214194809
0,64152810995,214170457
0,64152854195,214149149
0,64152897395,214130505
0,64152940595,214114191
0,64152983795,214099917
0,64153026995,214212427
0,64153070195,214310873
0,64153113395,214397013
0,64153156595,214472386
0,64154118038,214538337
0,64156412436,214596044
0,64158706834,214521538
0,64161001232,214581345
0,64163295630,214633676
0,64165590028,214554466
0,64167884426,214485157
0,64170178824,214549512
0,64172473222,214480823
0,64174767620,214420720
0,64177062018,214493130
0,64179356416,214556488
0,64181650814,214486927
0,64183945212,214426061
0,64186239610,214497803
0,64188534008,214435577
0,64190828406,214381129
0,64193122804,214458487
0,64195417202,214526176
0,64197711600,214460404
0,64200005998,214527853
0,64202300396,214586871
0,64204594794,214513512
0,64206889192,214449323
0,64209183590,214518157
0,64211477988,214453387
0,64213772386,214396713
0,64216066784,214472123
0,64218361182,214538107
0,64220655580,214470843
0,64222949978,214411987
0,64225244376,214485488
0,64227538774,214424802
0,64229833172,214371701
0,64367996251,214450238
0,64368039451,214643958
0,64368082651,214813463
0,64368125851,214961780
0,64368169051,215091557
0,64368212251,215205112
0,64368255451,215304473
0,64368298651,215391413
0,64368341851,215467486
0,64368385051,215534050
0,64368428251,215592293
0,64368471451,215643256
0,64368514651,215687849
0,64368557851,215726867
0,64368601051,215761008
0,64368644251,215665882
0,64368687451,215582646
0,64368730651,215509815
0,64368773851,215446088
0,64370839293,215515327
0,64373133691,215700911
0,64375428089,215863297
0,64377722487,215880384
0,64380016885,216020336
0,64382311283,216142794
0,64384605681,216249944
0,64386900079,216218701
0,64389194477,216316363
0,64391488875,216401817
0,64393783273,216351589
0,64396077671,216432640
0,64398372069,216503560
0,64400666467,216565615
0,64402960865,216494913
0,64405255263,216558048
0,64407549661,216613292
0,64409844059,216536630
0,64412138457,216594551
0,64414432855,216645232
0,64416727253,216564578
0,64419021651,216619005
0,64421316049,216666629
0,64423610447,216708300
0,64425904845,216619762
0,64428199243,216667291
0,64430493641,216708879
0,64432788039,216620269
0,64435082437,216667735
0,64437376835,216709268
0,64439671233,216745609
0,64441965631,216652407
0,64444260029,216695856
0,64582423108,233733874
0,64582466308,231392139
0,64582509508,229218121
0,64582552708,227315855
0,64582595908,225651373
0,64582639108,224194951
0,64582682308,222920582
0,64582725508,221805509
0,64582768708,220829820
0,64582811908,219976092
0,64582855108,219229080
0,64582898308,218575445
0,64582941508,218003514
0,64582984708,217503074
0,64583027908,217190189
0,64583071108,216916415
0,64583114308,216676863
0,64583157508,216467255
0,64583200708,216283848
0,64585266150,216373367
0,64587560548,216451696
0,64589854946,216395234
0,64592149344,216470829
0,64594443742,216536975
0,64596738140,216469853
0,64599032538,216536121
0,64601326936,216594105
0,64603621334,216644841
0,64605915732,216564235
0,64608210130,216618705
0,64610504528,216666366
0,64612798926,216583070
0,64615093324,216635186
0,64617387722,216680787
0,64619682120,216720688
0,64621976518,216630602
0,64624270916,216676776
0,64626565314,216717179
0,64628859712,216627531
0,64631154110,216674089
0,64633448508,216714827
0,64635742906,216625473
0,64638037304,216672288
0,64640331702,216713252
0,64642626100,216749095
0,64644920498,216655458
0,64647214896,216698525
0,64649509294,216736209
0,64651803692,216644182
0,64654098090,216688659
0,64656392488,216727576
0,64658686886,216761629
0,64797997164,233791425
0,64798040364,231567496
0,64798083564,229621559
0,64798126764,227918864
0,64798169964,226429006
0,64798213164,225125380
0,64798256364,223984707
0,64798299564,222986618
0,64798342764,222113290
0,64798385964,221349128
0,64798429164,220680487
0,64798472364,220095426
0,64798515564,219583497
0,64798558764,219135559
0,64798601964,218743614
0,64798645164,218275662
0,64798688364,217866204
0,64798731564,217507928
0,64798774764,217194437
0,64799693007,217045132
0,64801987405,216914490
0,64804281803,216925178
0,64806576201,216934530
0,64808870599,216817713
0,64811164997,216840498
0,64813459395,216860435
0,64815753793,216752880
0,64818048191,216783770
0,64820342589,216810798
0,64822636987,216834448
0,64824931385,216730142
0,64827225783,216763874
0,64829520181,216793389
0,64831814579,216694215
0,64834108977,216732438
0,64836403375,216765883
0,64838697773,216795147
0,64840992171,216695753
0,64843286569,216733783
0,64845580967,216767060
0,64847875365,216671177
0,64850169763,216712279
0,64852464161,216748244
0,64854758559,216654713
0,64857052957,216697873
0,64859347355,216735638
0,64861641753,216768683
0,64863936151,216672597
0,64866230549,216713522
0,64868524947,216749331
0,64870819345,216655664
0,64873113743,216698706
0,64875408141,216736367
0,65014718419,216769321
0,65014761619,216673155
0,65014804819,216589010
0,65014848019,216515383
0,65014891219,216450960
0,65014934419,216394590
0,65014977619,216345266
0,65015020819,216427107
0,65015064019,216498718
0,65015107219,216561378
0,65015150419,216616205
0,65015193619,216664179
0,65015236819,216706156
0,65015280019,216742886
0,65015323219,216775025
0,65015366419,216803146
0,65015409619,216827752
0,65015452819,216849283
0,65015496019,216868122
0,65016414262,216884606
0,65018708660,216899030
0,65021003058,216911651
0,65023297456,216922694
0,65025591854,216932357
0,65027886252,216815812
0,65030180650,216838835
0,65032475048,216858980
0,65034769446,216751607
0,65037063844,216782656
0,65039358242,216809824
0,65041652640,216833596
0,65043947038,216729396
0,65046241436,216763221
0,65048535834,216792818
0,65050830232,216693715
0,65053124630,216732000
0,65055419028,216765500
0,65057713426,216794812
0,65060007824,216820460
0,65062302222,216842902
0,65064596620,216862539
0,65066891018,216754721
0,65069185416,216785380
0,65071479814,216812207
0,65073774212,216710681
0,65076068610,216746845
0,65078363008,216778489
0,65080657406,216806177
0,65082951804,216705404
0,65085246202,216742228
0,65087540600,216774449
0,65089834998,216677642
0,65092129396,216717936
0,65232586873,216878194
0,65232630073,217018419
0,65232673273,217141116
0,65232716473,217248476
0,65232759673,217342416
0,65232802873,217424614
0,65232846073,217496537
0,65232889273,217434469
0,65232932473,217380160
0,65232975673,217332640
0,65233018873,217416060
0,65233062073,217489052
0,65233105273,217552920
0,65233148473,217608805
0,65233191673,217657704
0,65233234873,217700491
0,65233278073,217737929
0,65233321273,217770687
0,65233364473,217799351
0,65233407673,217824432
0,65235429915,217971378
0,65237724313,218099955
0,65240018711,218212460
0,65242313109,218310902
0,65244607507,218397039
0,65246901905,218472409
0,65249196303,218538357
0,65251490701,218596062
0,65253785099,218646554
0,65256079497,218690734
0,65258373895,218729392
0,65260668293,218763218
0,65262962691,218792815
0,65265257089,218818713
0,65267551487,218841373
0,65269845885,218861201
0,65272140283,218878550
0,65274434681,218893731
0,65276729079,218907014
0,65279023477,218918637
0,65281317875,218928807
0,65283612273,218937706
0,65285906671,218945492
0,65288201069,218952305
0,65290495467,218958266
0,65292789865,218963482
0,65295084263,218968046
0,65297378661,218972040
0,65299673059,218975535
0,65301967457,218978593
0,65304261855,218981268
0,65306556253,218983609
0,65308850651,218985657
0,65449308128,236237449
0,65449351328,233832767
0,65449394528,231728671
0,65449437728,229887587
0,65449480928,228276638
0,65449524128,226867058
0,65449567328,225633675
0,65449610528,224554465
0,65449653728,223610156
0,65449696928,222783886
0,65449740128,222060900
0,65449783328,221303287
0,65449826528,220640376
0,65449869728,220060329
0,65449912928,219552787
0,65449956128,219108688
0,65449999328,218720102
0,65450042528,218505089
0,65450085728,218316952
0,65450128928,218152333
0,65452151170,218258291
0,65454445568,218351004
0,65456739966,218432128
0,65459034364,218503112
0,65461328762,218565223
0,65463623160,218619570
0,65465917558,218667123
0,65468211956,218708732
0,65470506354,218745140
0,65472800752,218776997
0,65475095150,218804872
0,65477389548,218829263
0,65479683946,218850605
0,65481978344,218869279
0,65484272742,218885619
0,65486567140,218899916
0,65488861538,218912426
0,65491155936,218923372
0,65493450334,218932950
0,65495744732,218941331
0,65498039130,218948664
0,65500333528,218955081
0,65502627926,218960695
0,65504922324,218965608
0,65507216722,218969907
0,65509511120,218973668
0,65511805518,218976959
0,65514099916,218979839
0,65516394314,218982359
0,65518688712,218984564
0,65520983110,218986493
0,65523277508,218988181
0,65525571906,218989658
0,65667176582,236490950
0,65667219782,234179581
0,65667262982,232157133
0,65667306182,230387491
0,65667349382,228839054
0,65667392582,227484172
0,65667435782,226298650
0,65667478982,225261318
0,65667522182,224353653
0,65667565382,223559446
0,65667608582,222864515
0,65667651782,222256450
0,65667694982,221724393
0,65667738182,221258843
0,65667781382,220851487
0,65667824582,220495051
0,65667867782,220183169
0,65667910982,219910272
0,65667954182,219546488
0,65667997382,219228177
0,65668872425,219074654
0,65671166823,219065322
0,65673461221,219057156
0,65675755619,219050011
0,65678050017,219043759
0,65680344415,219038289
0,65682638813,219033502
0,65684933211,219029314
0,65687227609,219025649
0,65689522007,219022442
0,65691816405,219019636
0,65694110803,219017181
0,65696405201,219015033
0,65698699599,219013153
0,65700993997,219011508
0,65703288395,219010069
0,65705582793,219008810
0,65707877191,219007708
0,65710171589,219006744
0,65712465987,219005901
0,65714760385,219005163
0,65717054783,219004517
0,65719349181,219003952
0,65721643579,219003458
0,65723937977,219003025
0,65726232375,219002646
0,65728526773,219002315
0,65730821171,219002025
0,65733115569,219001771
0,65735409967,219001549
0,65737704365,219001355
0,65739998763,219001185
0,65742293161,219001036
0,65744587559,219000906
0,65886192235,219000792
0,65886235435,219000693
0,65886278635,219000606
0,65886321835,219000530
0,65886365035,219000463
0,65886408235,219000405
0,65886451435,219000354
0,65886494635,219000309
0,65886537835,219000270
0,65886581035,219000236
0,65886624235,219000206
0,65886667435,219000180
0,65886710635,219000157
0,65886753835,219000137
0,65886797035,219000119
0,65886840235,219000104
0,65886883435,219000091
0,65886926635,219000079
0,65886969835,219000069
0,65887013035,219125060
0,65887888078,219109427
0,65890182476,219095748
0,65892476874,219083779
0,65894771272,219073306
0,65897065670,219064142
0,65899360068,219056124
0,65901654466,219049108
0,65903948864,219042969
0,65906243262,219037597
0,65908537660,219032897
0,65910832058,219028784
0,65913126456,219025186
0,65915420854,219022037
0,65917715252,219019282
0,65920009650,219141871
0,65922304048,219124137
0,65924598446,219108619
0,65926892844,219095041
0,65929187242,219083160
0,65931481640,219072765
0,65933776038,219063669
0,65936070436,219055710
0,65938364834,219048746
0,65940659232,219042652
0,65942953630,219037320
0,65945248028,219032655
0,65947542426,219028573
0,65949836824,219025001
0,65952131222,219021875
0,65954425620,219019140
0,65956720018,219016747
0,65959014416,219139653
0,65961308814,219122196
0,65963603212,219106921
0,66106355087,219218555
0,66106398287,219316235
0,66106441487,219401705
0,66106484687,219476491
0,66106527887,219541929
0,66106571087,219599187
0,66106614287,219649288
0,66106657487,219693127
0,66106700687,219731486
0,66106743887,219765050
0,66106787087,219794418
0,66106830287,219820115
0,66106873487,219842600
0,66106916687,219862275
0,66106959887,219879490
0,66107003087,220019553
0,66107046287,220142108
0,66107089487,220249344
0,66107132687,220343176
0,66107175887,220300279
0,66107219087,220262744
0,66109198129,220104901
0,66111492527,219966788
0,66113786925,219845939
0,66116081323,219740196
0,66118375721,219647671
0,66120670119,219566712
0,66122964517,219495873
0,66125258915,219433888
0,66127553313,219379652
0,66129847711,219332195
0,66132142109,219290670
0,66134436507,219254336
0,66136730905,219472544
0,66139025303,219788476
0,66141319701,219939916
0,66143614099,220072426
0,66145908497,220188372
0,66148202895,220414825
0,66150497293,220487971
0,66152791691,220551974
0,66155086089,220732977
0,66157380487,220766354
0,66159674885,220795559
0,66161969283,220821114
0,66164263681,220968474
0,66166558079,220972414
0,66168852477,220975862
0,66171146875,221103879
0,66173441273,221090894
0,66175735671,221079532
0,66178030069,221194590
0,66180324467,221170266
0,66182618865,221148982
0,66325370740,238755359
0,66325413940,236285939
0,66325457140,234125196
0,66325500340,232234546
0,66325543540,230580227
0,66325586740,229132698
0,66325629940,227866110
0,66325673140,226757846
0,66325716340,225788115
0,66325759540,224939600
0,66325802740,224197150
0,66325845940,223547506
0,66325889140,222979067
0,66325932340,222481683
0,66325975540,222046472
0,66326018740,221790663
0,66326061940,221441830
0,66326105140,221136601
0,66326148340,220869525
0,66326191540,220635834
0,66326234740,220431354
0,66328213782,220502434
0,66330508180,220564629
0,66332802578,220619050
0,66335096976,220791668
0,66337391374,220817709
0,66339685772,220840495
0,66341980170,220860433
0,66344274568,221002878
0,66346568966,221002518
0,66348863364,221002203
0,66351157762,221126927
0,66353452160,221111061
0,66355746558,221097178
0,66358040956,221210030
0,66360335354,221183776
0,66362629752,221160804
0,66364924150,221140703
0,66367218548,221248115
0,66369512946,221217100
0,66371807344,221189962
0,66374101742,221291216
0,66376396140,221254814
0,66378690538,221222962
0,66380984936,221195091
0,66383279334,221295704
0,66385573732,221258741
0,66387868130,221226398
0,66390162528,221323098
0,66392456926,221282710
0,66394751324,221247371
0,66397045722,221341449
0,66399340120,221298767
0,66401634518,221261421
0,66545533592,238978743
0,66545576792,236606400
0,66545619992,234530600
0,66545663192,232714275
0,66545706392,231124990
0,66545749592,229734366
0,66545792792,228517570
0,66545835992,227452873
0,66545879192,226521263
0,66545922392,225706105
0,66545965592,224992841
0,66546008792,224493735
0,66546051992,224057018
0,66546095192,223674890
0,66546138392,223340528
0,66546181592,223047962
0,66546224792,222666966
0,66546267992,222333595
0,66546311192,222041895
0,66546354392,221786658
0,66546397592,221563325
0,66547229435,221492909
0,66549523833,221431295
0,66551818231,221377383
0,66554112629,221455210
0,66556407027,221398308
0,66558701425,221348519
0,66560995823,221304954
0,66563290221,221391834
0,66565584619,221342854
0,66567879017,221299997
0,66570173415,221387497
0,66572467813,221339059
0,66574762211,221296676
0,66577056609,221384591
0,66579351007,221336517
0,66581645405,221294452
0,66583939803,221257645
0,66586234201,221350439
0,66588528599,221306634
0,66590822997,221268304
0,66593117395,221359766
0,66595411793,221314795
0,66597706191,221275445
0,66600000589,221366014
0,66602294987,221445262
0,66604589385,221389604
0,66606883783,221340903
0,66609178181,221423290
0,66611472579,221370378
0,66613766977,221324080
0,66616061375,221408570
0,66618355773,221357498
0,66620650171,221312810
0,66622944569,221273708
0,66766843643,221239494
0,66766886843,221209557
0,66766930043,221183362
0,66766973243,221160441
0,66767016443,221265385
0,66767059643,221357211
0,66767102843,221437559
0,66767146043,221507864
0,66767189243,221569381
0,66767232443,221623208
0,66767275643,221670307
0,66767318843,221586518
0,66767362043,221513203
0,66767405243,221449052
0,66767448443,221392920
0,66767491643,221343805
0,66767534843,221300829
0,66767578043,221263225
0,66767621243,221230321
0,66767664443,221201530
0,66767707643,221176338
0,66768539486,221154295
0,66770833884,221135008
0,66773128282,221243132
0,66775422680,221212740
0,66777717078,221186147
0,66780011476,221287878
0,66782305874,221376893
0,66784600272,221329781
0,66786894670,221288558
0,66789189068,221377488
0,66791483466,221330302
0,66793777864,221289014
0,66796072262,221377887
0,66798366660,221330651
0,66800661058,221289319
0,66802955456,221253154
0,66805249854,221346509
0,66807544252,221303195
0,66809838650,221265295
0,66812133048,221357133
0,66814427446,221312491
0,66816721844,221273429
0,66819016242,221364250
0,66821310640,221318718
0,66823605038,221278878
0,66825899436,221244018
0,66828193834,221338515
0,66830488232,221296200
0,66832782630,221259175
0,66835077028,221351778
0,66837371426,221307805
0,66839665824,221269329
0,66841960222,221235662
0,66844254620,221331204
0,66989300893,221539803
0,66989344093,221722327
0,66989387293,221882036
0,66989430493,222021781
0,66989473693,222019058
0,66989516893,222016675
0,66989560093,222014590
0,66989603293,222012766
0,66989646493,222011170
0,66989689693,222009773
0,66989732893,222008551
0,66989776093,222007482
0,66989819293,222006546
0,66989862493,222005727
0,66989905693,222005011
0,66989948893,222004384
0,66989992093,222003836
0,66990035293,222128356
0,66990078493,222237311
0,66990121693,222332647
0,66990164893,222416066
0,66990208093,222364057
0,66992143935,222318549
0,66994438333,222153730
0,66996732731,222009513
0,66999027129,222008323
0,67001321527,221882282
0,67003615925,221771996
0,67005910323,221675496
0,67008204721,221716059
0,67010499119,221626551
0,67012793517,221548232
0,67015087915,221604703
0,67017382313,221529115
0,67019676711,221462975
0,67021971109,221405103
0,67024265507,221479465
0,67026559905,221419531
0,67028854303,221367089
0,67031148701,221446202
0,67033443099,221390426
0,67035737497,221341622
0,67038031895,221423919
0,67040326293,221370929
0,67042620691,221324562
0,67044915089,221283991
0,67047209487,221623492
0,67049503885,221920555
0,67051798283,222055485
0,67054092681,222298549
0,67056387079,222511230
0,67058681477,222572326
0,67060975875,222625785
0,67063270273,222797561
0,67065564671,222947865
0,67210610944,240829381
0,67210654144,238350708
0,67210697344,236181869
0,67210740544,234284135
0,67210783744,232623618
0,67210826944,231170665
0,67210870144,229899331
0,67210913344,228786914
0,67210956544,227813549
0,67210999744,226961855
0,67211042944,226341623
0,67211086144,225798920
0,67211129344,225324055
0,67211172544,224908548
0,67211215744,224544979
0,67211258944,224226856
0,67211302144,223948499
0,67211345344,223704936
0,67211388544,223366819
0,67211431744,223070966
0,67211474944,222812095
0,67211518144,222585583
0,67213453986,222637385
0,67215748384,222682711
0,67218042782,222847372
0,67220337180,222991450
0,67222631578,222992518
0,67224925976,222993453
0,67227220374,223119271
0,67229514772,223229362
0,67231809170,223200691
0,67234103568,223300604
0,67236397966,223388028
0,67238692364,223339524
0,67240986762,223297083
0,67243281160,223384947
0,67245575558,223461828
0,67247869956,223404099
0,67250164354,223478586
0,67252458752,223543762
0,67254753150,223475791
0,67257047548,223541317
0,67259341946,223598652
0,67261636344,223523820
0,67263930742,223458342
0,67266225140,223526049
0,67268519538,223585292
0,67270813936,223512130
0,67273108334,223573113
0,67275402732,223626473
0,67277697130,223548163
0,67279991528,223479642
0,67282285926,223544686
0,67284580324,223601600
0,67286874722,223526400
0,67433068194,241585600
0,67433111394,239262400
0,67433154594,237229600
0,67433197794,235450900
0,67433240994,233894537
0,67433284194,232532719
0,67433327394,231341129
0,67433370594,230298487
0,67433413794,229386176
0,67433456994,228587904
0,67433500194,227889416
0,67433543394,227153239
0,67433586594,226509084
0,67433629794,225945448
0,67433672994,225452267
0,67433716194,225020733
0,67433759394,224643141
0,67433802594,224312748
0,67433845794,224023654
0,67433888994,223770697
0,67433932194,223549359
0,67433975394,223355689
0,67434764037,223311227
0,67437058435,223397323
0,67439352833,223472657
0,67441647231,223413574
0,67443941629,223361877
0,67446236027,223441642
0,67448530425,223511436
0,67450824823,223447506
0,67453119221,223516567
0,67455413619,223576996
0,67457708017,223504871
0,67460002415,223566762
0,67462296813,223620916
0,67464591211,223668301
0,67466885609,223584763
0,67469180007,223636667
0,67471474405,223682083
0,67473768803,223596822
0,67476063201,223647219
0,67478357599,223691316
0,67480651997,223604901
0,67482946395,223529288
0,67485240793,223588127
0,67487535191,223639611
0,67489829589,223559659
0,67492123987,223614701
0,67494418385,223662863
0,67496712783,223580005
0,67499007181,223632504
0,67501301579,223678441
0,67503595977,223718635
0,67505890375,223628805
0,67508184773,223675204
0,67510479171,223715803
0,67656672643,223626327
0,67656715843,223548036
0,67656759043,223479531
0,67656802243,223419589
0,67656845443,223367140
0,67656888643,223321247
0,67656931843,223281091
0,67656975043,223245954
0,67657018243,223340209
0,67657061443,223422682
0,67657104643,223494846
0,67657147843,223557990
0,67657191043,223613241
0,67657234243,223661585
0,67657277443,223703886
0,67657320643,223740900
0,67657363843,223773287
0,67657407043,223801626
0,67657450243,223826422
0,67657493443,223848119
0,67657536643,223867104
0,67657579843,223883716
0,67658368486,223898251
0,67660662884,223785969
0,67662957282,223687722
0,67665251680,223726756
0,67667546078,223760911
0,67669840476,223665797
0,67672134874,223707572
0,67674429272,223744125
0,67676723670,223651109
0,67679018068,223694720
0,67681312466,223732880
0,67683606864,223641270
0,67685901262,223561111
0,67688195660,223615972
0,67690490058,223663975
0,67692784456,223580978
0,67695078854,223633355
0,67697373252,223679185
0,67699667650,223594286
0,67701962048,223520000
0,67704256446,223580000
0,67706550844,223632500
0,67708845242,223553437
0,67711139640,223609257
0,67713434038,223658099
0,67715728436,223575836
0,67718022834,223628856
0,67720317232,223675249
0,67722611630,223590842
0,67724906028,223516986
0,67727200426,223577362
0,67729494824,223630191
0,67731789222,223551417
0,67734083620,223607489
0,67881424291,223781552
0,67881467491,223933858
0,67881510691,224067125
0,67881553891,224183734
0,67881597091,224285767
0,67881640291,224375046
0,67881683491,224453165
0,67881726691,224521519
0,67881769891,224456329
0,67881813091,224399287
0,67881856291,224349376
0,67881899491,224305704
0,67881942691,224267491
0,67881985891,224234054
0,67882029091,224329797
0,67882072291,224413572
0,67882115491,224486875
0,67882158691,224551015
0,67882201891,224607138
0,67882245091,224656245
0,67882288291,224699214
0,67882331491,224736812
0,67882374691,224644710
0,67884267333,224564121
0,67886561731,224493605
0,67888856129,224306904
0,67891150527,224268541
0,67893444925,224234973
0,67895739323,224080601
0,67898033721,224070525
0,67900328119,224061709
0,67902622517,223928995
0,67904916915,223812870
0,67907211313,223836261
0,67909505711,223856728
0,67911800109,223749637
0,67914094507,223780932
0,67916388905,223808315
0,67918683303,223707275
0,67920977701,223618865
0,67923272099,223666506
0,67925566497,223708192
0,67927860895,223619668
0,67930155293,223667209
0,67932449691,223708807
0,67934744089,223620206
0,67937038487,223667680
0,67939332885,223709220
0,67941627283,223620567
0,67943921681,223542996
0,67946216079,223600121
0,67948510477,223650105
0,67950804875,223568841
0,67953099273,223622735
0,67955393671,223669893
0,67957688069,223961156
0,68105028740,242341011
0,68105071940,240048384
0,68105115140,238042336
0,68105158340,236287044
0,68105201540,234751163
0,68105244740,233407267
0,68105287940,232231358
0,68105331140,231202438
0,68105374340,230302133
0,68105417540,229514366
0,68105460740,228825070
0,68105503940,228221936
0,68105547140,227694194
0,68105590340,227232419
0,68105633540,226828366
0,68105676740,226349820
0,68105719940,225931092
0,68105763140,225564705
0,68105806340,225244116
0,68105849540,224963601
0,68105892740,224718150
0,68105935940,224503381
0,68105979140,224315458
0,68107871782,224401025
0,68110166180,224600896
0,68112460578,224775784
0,68114754976,224928811
0,68117049374,225062709
0,68119343772,225179870
0,68121638170,225282386
0,68123932568,225247087
0,68126226966,225341201
0,68128521364,225423550
0,68130815762,225495606
0,68133110160,225558655
0,68135404558,225613823
0,68137698956,225662095
0,68139993354,225579333
0,68142287752,225631916
0,68144582150,225677926
0,68146876548,225718185
0,68149170946,225753411
0,68151465344,225784234
0,68153759742,225811204
0,68156054140,225834803
0,68158348538,225855452
0,68160642936,225873520
0,68162937334,225764330
0,68165231732,225793788
0,68167526130,225819564
0,68169820528,225842118
0,68172114926,225861853
0,68174409324,225879121
0,68176703722,225894230
0,68178998120,225782451
0,68181292518,225809644
0,68328633189,243958438
0,68328676389,241338633
0,68328719589,239046303
0,68328762789,237040515
0,68328805989,235285450
0,68328849189,233749768
0,68328892389,232406047
0,68328935589,231230291
0,68328978789,230201504
0,68329021989,229426316
0,68329065189,228748026
0,68329108389,228154522
0,68329151589,227635206
0,68329194789,227180805
0,68329237989,226783204
0,68329281189,226435303
0,68329324389,226130890
0,68329367589,225864528
0,68329410789,225631462
0,68329453989,225427529
0,68329497189,225249087
0,68329540389,225092951
0,68329583589,224956332
0,68331476231,225086790
0,68333770629,225200941
0,68336065027,225300823
0,68338359425,225388220
0,68340653823,225464692
0,68342948221,225406605
0,68345242619,225480779
0,68347537017,225545681
0,68349831415,225602470
0,68352125813,225652161
0,68354420211,225695640
0,68356714609,225733685
0,68359009007,225766974
0,68361303405,225796102
0,68363597803,225821589
0,68365892201,225843890
0,68368186599,225863403
0,68370480997,225880477
0,68372775395,225895417
0,68375069793,225908489
0,68377364191,225919927
0,68379658589,225929936
0,68381952987,225813694
0,68384247385,225836982
0,68386541783,225857359
0,68388836181,225875189
0,68391130579,225890790
0,68393424977,225904441
0,68395719375,225916385
0,68398013773,225926836
0,68400308171,225935981
0,68402602569,225943983
0,68404896967,225950985
0,68553384837,244207111
0,68553428037,241806222
0,68553471237,239705444
0,68553514437,237867263
0,68553557637,236258855
0,68553600837,234851498
0,68553644037,233620060
0,68553687237,232542552
0,68553730437,231599733
0,68553773637,230774766
0,68553816837,229927920
0,68553860037,229186930
0,68553903237,228538563
0,68553946437,227971242
0,68553989637,227474836
0,68554032837,227165481
0,68554076037,226894795
0,68554119237,226657945
0,68554162437,226450701
0,68554205637,226269363
0,68554248837,226110692
0,68554292037,225971855
0,68554335237,225850373
0,68555080680,225869076
0,68557375078,225885441
0,68559669476,225899760
0,68561963874,225787290
0,68564258272,225813878
0,68566552670,225837143
0,68568847068,225857500
0,68571141466,225875312
0,68573435864,225890898
0,68575730262,225904535
0,68578024660,225916468
0,68580319058,225926909
0,68582613456,225936045
0,68584907854,225819039
0,68587202252,225841659
0,68589496650,225861451
0,68591791048,225878769
0,68594085446,225893922
0,68596379844,225907181
0,68598674242,225918783
0,68600968640,225803935
0,68603263038,225828443
0,68605557436,225849887
0,68607851834,225868651
0,68610146232,225885069
0,68612440630,225899435
0,68614735028,225912005
0,68617029426,225923004
0,68619323824,225932628
0,68621618222,225941049
0,68623912620,225823417
0,68626207018,225845489
0,68628501416,225864802
0,68630795814,225881701
0,68779283684,225896488
0,68779326884,225909427
0,68779370084,225920748
0,68779413284,225930654
0,68779456484,225939322
0,68779499684,225946906
0,68779542884,225953542
0,68779586084,225959349
0,68779629284,225964430
0,68779672484,225968876
0,68779715684,225972766
0,68779758884,225976170
0,68779802084,225979148
0,68779845284,225981754
0,68779888484,225984034
0,68779931684,225861029
0,68779974884,225753400
0,68780018084,225784225
0,68780061284,225811196
0,68780104484,225834796
0,68780147684,225855446
0,68780190884,225873515
0,68780234084,225889325
0,68780979527,225778159
0,68783273925,225805889
0,68785568323,225830152
0,68787862721,225851383
0,68790157119,225869960
0,68792451517,225886215
0,68794745915,225900438
0,68797040313,225912883
0,68799334711,225923772
0,68801629109,225933300
0,68803923507,225816637
0,68806217905,225839557
0,68808512303,225859612
0,68810806701,225877160
0,68813101099,225892515
0,68815395497,225905950
0,68817689895,225917706
0,68819984293,225802992
0,68822278691,225827618
0,68824573089,225849165
0,68826867487,225868019
0,68829161885,225884516
0,68831456283,225898951
0,68833750681,225911582
0,68836045079,225922634
0,68838339477,225932304
0,68840633875,225940766
0,68842928273,225823170
0,68845222671,225845273
0,68847517069,225864613
0,68849811467,225881536
0,68852105865,225896344
0,68854400263,225909301
0,68856694661,225920638
0,69006329730,226055558
0,69006372930,226173613
0,69006416130,226276911
0,69006459330,226367297
0,69006502530,226446384
0,69006545730,226515586
0,69006588930,226576137
0,69006632130,226629119
0,69006675330,226675479
0,69006718530,226716044
0,69006761730,226751538
0,69006804930,226782595
0,69006848130,226809770
0,69006891330,226833548
0,69006934530,226854354
0,69006977730,226872559
0,69007020930,227013489
0,69007064130,227136802
0,69007107330,227119701
0,69007150530,227104738
0,69007193730,227091645
0,69007236930,227080189
0,69007280130,227070165
0,69007323330,227061394
0,69009172772,227303719
0,69011467170,227390754
0,69013761568,227466909
0,69016055966,227658545
0,69018350364,227701226
0,69020644762,227738572
0,69022939160,227771250
0,69025233558,227799843
0,69027527956,227824862
0,69029822354,227846754
0,69032116752,227990909
0,69034411150,227992045
0,69036705548,227993039
0,69038999946,227993909
0,69041294344,227994670
0,69043588742,227995336
0,69045883140,227995919
0,69048177538,228121429
0,69050471936,228106250
0,69052766334,228092968
0,69055060732,228206347
0,69057355130,228180553
0,69059649528,228157983
0,69061943926,228138235
0,69064238324,228120955
0,69066532722,228105835
0,69068827120,228092605
0,69071121518,228206029
0,69073415916,228180275
0,69075710314,228157740
0,69078004712,228263022
0,69080299110,228230144
0,69082593508,228201376
0,69232228577,246676204
0,69232271777,244091678
0,69232314977,241830218
0,69232358177,239851440
0,69232401377,238120010
0,69232444577,236605008
0,69232487777,235279382
0,69232530977,234119459
0,69232574177,233104526
0,69232617377,232216460
0,69232660577,231439402
0,69232703777,230759476
0,69232746977,230164541
0,69232790177,229643973
0,69232833377,229188476
0,69232876577,228789916
0,69232919777,228441176
0,69232962977,228011029
0,69233006177,227759650
0,69233049377,227539693
0,69233092577,227347231
0,69233135777,227178827
0,69233178977,227031473
0,69233222177,226902538
0,69235071619,227039720
0,69237366017,227159755
0,69239660415,227264785
0,69241954813,227356686
0,69244249211,227437100
0,69246543609,227507462
0,69248838007,227569029
0,69251132405,227747900
0,69253426803,227779412
0,69255721201,227806985
0,69258015599,227956111
0,69260309997,227961597
0,69262604395,227966397
0,69264898793,227970597
0,69267193191,228099272
0,69269487589,228086863
0,69271781987,228076005
0,69274076385,228191504
0,69276370783,228167566
0,69278665181,228146620
0,69280959579,228128292
0,69283253977,228112255
0,69285548375,228098223
0,69287842773,228085945
0,69290137171,228200201
0,69292431569,228175175
0,69294725967,228153278
0,69297020365,228259118
0,69299314763,228226728
0,69301609161,228198387
0,69303903559,228173588
0,69306197957,228151889
0,69308492355,228132902
0,69459274623,246741289
0,69459317823,244273627
0,69459361023,242114423
0,69459404223,240225120
0,69459447423,238571980
0,69459490623,237125482
0,69459533823,235859796
0,69459577023,234752321
0,69459620223,233783280
0,69459663423,232935370
0,69459706623,232193448
0,69459749823,231544267
0,69459793023,230976233
0,69459836223,230479203
0,69459879423,230044302
0,69459922623,229663764
0,69459965823,229330793
0,69460009023,229164443
0,69460052223,229018887
0,69460095423,228766526
0,69460138623,228545710
0,69460181823,228352496
0,69460225023,228183434
0,69460268223,228035504
0,69460970466,227906066
0,69463264864,227917807
0,69465559262,227928081
0,69467853660,227937070
0,69470148058,228069936
0,69472442456,228061194
0,69474736854,228053544
0,69477031252,228171851
0,69479325650,228150369
0,69481620048,228131572
0,69483914446,228115125
0,69486208844,228100734
0,69488503242,228088142
0,69490797640,228077124
0,69493092038,228192483
0,69495386436,228168422
0,69497680834,228147369
0,69499975232,228128947
0,69502269630,228112828
0,69504564028,228098724
0,69506858426,228086383
0,69509152824,228200585
0,69511447222,228175511
0,69513741620,228153572
0,69516036018,228259375
0,69518330416,228226953
0,69520624814,228198583
0,69522919212,228173760
0,69525213610,228152040
0,69527508008,228133035
0,69529802406,228116405
0,69532096804,228226854
0,69534391202,228198497
0,69536685600,228173684
0,69687467868,228151973
0,69687511068,228132976
0,69687554268,228116354
0,69687597468,228101809
0,69687640668,228089082
0,69687683868,228077946
0,69687727068,228068202
0,69687770268,228059676
0,69687813468,228052216
0,69687856668,228045689
0,69687899868,228039977
0,69687943068,228034979
0,69687986268,228030606
0,69688029468,228151780
0,69688072668,228257807
0,69688115868,228350581
0,69688159068,228431758
0,69688202268,228377788
0,69688245468,228330564
0,69688288668,228289243
0,69688331868,228253087
0,69688375068,228221451
0,69688418268,228193769
0,69688461468,228169547
0,69689163711,228273353
0,69691458109,228239183
0,69693752507,228209285
0,69696046905,228308124
0,69698341303,228269608
0,69700635701,228235907
0,69702930099,228206418
0,69705224497,228180615
0,69707518895,228158038
0,69709813293,228138283
0,69712107691,228245997
0,69714402089,228215247
0,69716696487,228188341
0,69718990885,228164798
0,69721285283,228144198
0,69723579681,228126173
0,69725874079,228110401
0,69728168477,228221600
0,69730462875,228193900
0,69732757273,228169662
0,69735051671,228273454
0,69737346069,228239272
0,69739640467,228209363
0,69741934865,228183192
0,69744229263,228160293
0,69746523661,228140256
0,69748818059,228122724
0,69751112457,228232383
0,69753406855,228203335
0,69755701253,228177918
0,69757995651,228155678
0,69760290049,228136218
0,69762584447,228119190
0,69764878845,228104291
0,69916808312,228216254
0,69916851512,228314222
0,69916894712,228399944
0,69916937912,228474951
0,69916981112,228540582
0,69917024312,228723009
0,69917067512,228882632
0,69917110712,229022303
0,69917153912,229144515
0,69917197112,229251450
0,69917240312,229345018
0,69917283512,229426890
0,69917326712,229498528
0,69917369912,229436212
0,69917413112,229381685
0,69917456312,229333974
0,69917499512,229292227
0,69917542712,229255698
0,69917585912,229223735
0,69917629112,229195768
0,69917672312,229171297
0,69917715512,229149884
0,69917758712,229131148
0,69917801912,229114754
0,69917845112,228975409
0,69919651354,228853482
0,69921945752,228996796
0,69924240150,229247196
0,69926534548,229341296
0,69928828946,229423634
0,69931123344,229620679
0,69933417742,229793094
0,69935712140,229818957
0,69938006538,229966587
0,69940300936,230095763
0,69942595334,230083792
0,69944889732,230073318
0,69947184130,230189153
0,69949478528,230290508
0,69951772926,230254194
0,69954067324,230347419
0,69956361722,230428991
0,69958656120,230375367
0,69960950518,230328446
0,69963244916,230412390
0,69965539314,230360841
0,69967833712,230315735
0,69970128110,230401268
0,69972422508,230476109
0,69974716906,230416595
0,69977011304,230489520
0,69979305702,230553330
0,69981600100,230484163
0,69983894498,230423642
0,69986188896,230495686
0,69988483294,230558725
0,69990777692,230488884
0,69993072090,230552773
0,70145001557,249358676
0,70145044757,246813841
0,70145087957,244587110
0,70145131157,242638721
0,70145174357,240933880
0,70145217557,239442145
0,70145260757,238011876
0,70145303957,236760391
0,70145347157,235665342
0,70145390357,234707174
0,70145433557,233868777
0,70145476757,233135179
0,70145519957,232493281
0,70145563157,231931620
0,70145606357,231440167
0,70145649557,231010146
0,70145692757,230633877
0,70145735957,230304642
0,70145779157,230016561
0,70145822357,229764490
0,70145865557,229543928
0,70145908757,229350937
0,70145951957,229182069
0,70145995157,229034310
0,70146038357,229030021
0,70147844599,229151268
0,70150138997,229382359
0,70152433395,229584564
0,70154727793,229636493
0,70157022191,229806931
0,70159316589,229956064
0,70161610987,229961556
0,70163905385,229966361
0,70166199783,230095565
0,70168494181,230083619
0,70170788579,230073166
0,70173082977,230189020
0,70175377375,230290392
0,70177671773,230254093
0,70179966171,230222331
0,70182260569,230319539
0,70184554967,230279596
0,70186849365,230244646
0,70189143763,230339065
0,70191438161,230421681
0,70193732559,230368970
0,70196026957,230447848
0,70198321355,230516867
0,70200615753,230452258
0,70202910151,230395725
0,70205204549,230471259
0,70207498947,230412351
0,70209793345,230360807
0,70212087743,230440706
0,70214382141,230510617
0,70216676539,230446789
0,70218970937,230390940
0,70221265335,230467072
0,70374342001,249283688
0,70374385201,246748227
0,70374428401,244529698
0,70374471601,242588485
0,70374514801,240889924
0,70374558001,239403683
0,70374601201,238103222
0,70374644401,236965319
0,70374687601,235969654
0,70374730801,235098447
0,70374774001,234336141
0,70374817201,233669123
0,70374860401,233085482
0,70374903601,232574796
0,70374946801,232127946
0,70374990001,231736952
0,70375033201,231519833
0,70375076401,231329853
0,70375119601,231163621
0,70375162801,231018168
0,70375206001,230890897
0,70375249201,230779534
0,70375292401,230682092
0,70375335601,230596830
0,70375378801,230522226
0,70376037844,230456947
0,70378332242,230524828
0,70380626640,230459224
0,70382921038,230401821
0,70385215436,230476593
0,70387509834,230417018
0,70389804232,230364890
0,70392098630,230444278
0,70394393028,230513743
0,70396687426,230449525
0,70398981824,230393334
0,70401276222,230469167
0,70403570620,230410521
0,70405865018,230359205
0,70408159416,230439304
0,70410453814,230509391
0,70412748212,230445717
0,70415042610,230515002
0,70417337008,230575626
0,70419631406,230503672
0,70421925804,230440713
0,70424220202,230510623
0,70426514600,230446795
0,70428808998,230390945
0,70431103396,230467076
0,70433397794,230533691
0,70435692192,230466979
0,70437986590,230408606
0,70440280988,230482530
0,70442575386,230422213
0,70444869784,230369436
0,70447164182,230448256
0,70449458580,230517224
0,70451752978,230452571
0,70604829644,230395999
0,70604872844,230346499
0,70604916044,230303186
0,70604959244,230265287
0,70605002444,230357126
0,70605045644,230437485
0,70605088844,230507799
0,70605132044,230569324
0,70605175244,230623158
0,70605218444,230670263
0,70605261644,230711480
0,70605304844,230747545
0,70605348044,230779101
0,70605391244,230806713
0,70605434444,230830873
0,70605477644,230852013
0,70605520844,230745511
0,70605564044,230652322
0,70605607244,230570781
0,70605650444,230499433
0,70605693644,230437003
0,70605736844,230382377
0,70605780044,230334579
0,70605823244,230292756
0,70605866444,230256161
0,70606525487,230224140
0,70608819885,230196122
0,70611114283,230296606
0,70613408681,230384530
0,70615703079,230336463
0,70617997477,230294405
0,70620291875,230382604
0,70622586273,230334778
0,70624880671,230292930
0,70627175069,230381313
0,70629469467,230458648
0,70631763865,230401317
0,70634058263,230476152
0,70636352661,230541633
0,70638647059,230473928
0,70640941457,230414687
0,70643235855,230487851
0,70645530253,230426869
0,70647824651,230373510
0,70650119049,230451821
0,70652413447,230520343
0,70654707845,230455300
0,70657002243,230523387
0,70659296641,230582963
0,70661591039,230510092
0,70663885437,230446330
0,70666179835,230515538
0,70668474233,230576095
0,70670768631,230504083
0,70673063029,230566072
0,70675357427,230620313
0,70677651825,230542773
0,70679946223,230474926
0,70682240621,230540560
0,70836464486,230722990
0,70836507686,230882616
0,70836550886,231022289
0,70836594086,231144502
0,70836637286,231126439
0,70836680486,231110634
0,70836723686,231096804
0,70836766886,231084703
0,70836810086,231074115
0,70836853286,231064850
0,70836896486,231056743
0,70836939686,231049650
0,70836982886,231043443
0,70837026086,231163012
0,70837069286,231267635
0,70837112486,231359180
0,70837155686,231439282
0,70837198886,231509371
0,70837242086,231570699
0,70837285286,231624361
0,70837328486,231671315
0,70837371686,231712400
0,70837414886,231748350
0,70837458086,231779806
0,70837501286,231807330
0,70837544486,231706413
0,70839307528,231618111
0,70841601926,231415847
0,70843896324,231238866
0,70846190722,231209007
0,70848485120,231182881
0,70850779518,231035020
0,70853073916,231030642
0,70855368314,231026811
0,70857662712,230898459
0,70859957110,230786151
0,70862251508,230812882
0,70864545906,230711271
0,70866840304,230622362
0,70869134702,230669566
0,70871429100,230710870
0,70873723498,230622011
0,70876017896,230669259
0,70878312294,230710601
0,70880606692,230996775
0,70882901090,231122178
0,70885195488,231356905
0,70887489886,231562291
0,70889784284,231617004
0,70892078682,231789878
0,70894373080,231941143
0,70896667478,232073500
0,70898961876,232064312
0,70901256274,232181273
0,70903550672,232283613
0,70905845070,232248161
0,70908139468,232342140
0,70910433866,232424372
0,70912728264,232496325
0,71066952129,251434284
0,71066995329,248754998
0,71067038529,246535623
0,71067081729,244593670
0,71067124929,242894461
0,71067168129,241407653
0,71067211329,240106696
0,71067254529,238968359
0,71067297729,237972314
0,71067340929,237100774
0,71067384129,236338177
0,71067427329,235670904
0,71067470529,235087041
0,71067513729,234576160
0,71067556929,234004140
0,71067600129,233503622
0,71067643329,233065669
0,71067686529,232682460
0,71067729729,232347152
0,71067772929,232053758
0,71067816129,231797038
0,71067859329,231572408
0,71067902529,231375857
0,71067945729,231203874
0,71067988929,231053389
0,71068032129,231046715
0,71069795171,231165875
0,71072089569,231395140
0,71074383967,231595747
0,71076678365,231771278
0,71078972763,231799868
0,71081267161,231949884
0,71083561559,232081148
0,71085855957,232071004
0,71088150355,232187128
0,71090444753,232288737
0,71092739151,232377644
0,71095033549,232455438
0,71097327947,232523508
0,71099622345,232583069
0,71101916743,232510185
0,71104211141,232571411
0,71106505539,232624984
0,71108799937,232546861
0,71111094335,232603503
0,71113388733,232653065
0,71115683131,232696431
0,71117977529,232609377
0,71120271927,232658204
0,71122566325,232700928
0,71124860723,232613312
0,71127155121,232661648
0,71129449519,232703942
0,71131743917,232740949
0,71134038315,232773330
0,71136332713,232801663
0,71138627111,232826455
0,71140921509,232723148
0,71143215907,232757754
0,71298586971,251913034
0,71298630171,249423904
0,71298673371,247245916
0,71298716571,245215176
0,71298759771,243438279
0,71298802971,241883494
0,71298846171,240523057
0,71298889371,239332674
0,71298932571,238291089
0,71298975771,237379702
0,71299018971,236707239
0,71299062171,236118834
0,71299105371,235603979
0,71299148571,235153481
0,71299191771,234759295
0,71299234971,234414383
0,71299278171,234112585
0,71299321371,233848511
0,71299364571,233617447
0,71299407771,233415266
0,71299450971,233238357
0,71299494171,233083562
0,71299537371,232948116
0,71299580571,232829601
0,71299623771,232725900
0,71299666971,232635162
0,71300282814,232555766
0,71302577212,232611295
0,71304871610,232534883
0,71307166008,232593022
0,71309460406,232643894
0,71311754804,232688407
0,71314049202,232727356
0,71316343600,232761436
0,71318637998,232791256
0,71320932396,232692349
0,71323226794,232730805
0,71325521192,232764454
0,71327815590,232668897
0,71330109988,232710284
0,71332404386,232746498
0,71334698784,232778185
0,71336993182,232680911
0,71339287580,232720797
0,71341581978,232755697
0,71343876376,232661234
0,71346170774,232703579
0,71348465172,232740631
0,71350759570,232773052
0,71353053968,232801420
0,71355348366,232826242
0,71357642764,232847961
0,71359937162,232741965
0,71362231560,232774219
0,71364525958,232802441
0,71366820356,232702135
0,71369114754,232739368
0,71371409152,232771947
0,71373703550,232800453
0,71375997948,232700396
0,71531369012,232737846
0,71531412212,232770615
0,71531455412,232799288
0,71531498612,232824377
0,71531541812,232846329
0,71531585012,232865537
0,71531628212,232882344
0,71531671412,232897051
0,71531714612,232909919
0,71531757812,232921179
0,71531801012,232806031
0,71531844212,232705277
0,71531887412,232617117
0,71531930612,232539977
0,71531973812,232472479
0,71532017012,232538419
0,71532060212,232596116
0,71532103412,232646601
0,71532146612,232690775
0,71532189812,232729428
0,71532233012,232763249
0,71532276212,232792842
0,71532319412,232818736
0,71532362612,232841394
0,71532405812,232861219
0,71532449012,232878566
0,71533064855,232893745
0,71535359253,232907026
0,71537653651,232918647
0,71539948049,232803816
0,71542242447,232828339
0,71544536845,232849796
0,71546831243,232743571
0,71549125641,232775624
0,71551420039,232803671
0,71553714437,232828212
0,71556008835,232849685
0,71558303233,232868474
0,71560597631,232884914
0,71562892029,232774299
0,71565186427,232802511
0,71567480825,232827197
0,71569775223,232848797
0,71572069621,232867697
0,71574364019,232884234
0,71576658417,232898704
0,71578952815,232786366
0,71581247213,232813070
0,71583541611,232836436
0,71585836009,232731881
0,71588130407,232765395
0,71590424805,232794720
0,71592719203,232820380
0,71595013601,232842832
0,71597307999,232862478
0,71599602397,232879668
0,71601896795,232769709
0,71604191193,232798495
0,71606485591,232823683
0,71608779989,232845722
0,71765298252,232990006
0,71765341452,233116255
0,71765384652,233226723
0,71765427852,233323382
0,71765471052,233407959
0,71765514252,233481964
0,71765557452,233546718
0,71765600652,233603378
0,71765643852,233652955
0,71765687052,233696335
0,71765730252,233734293
0,71765773452,233767506
0,71765816652,233796567
0,71765859852,233821996
0,71765903052,233844246
0,71765946252,233738715
0,71765989452,233646375
0,71766032652,233690578
0,71766075852,233729255
0,71766119052,233763098
0,71766162252,233792710
0,71766205452,233818621
0,71766248652,233841293
0,71766291852,233861131
0,71766335052,233878489
0,71766378252,233893677
0,71766421452,233781967
0,71768141294,233684221
0,71770435692,233598693
0,71772730090,233523856
0,71775024488,233458374
0,71777318886,233401077
0,71779613284,233350942
0,71781907682,233182074
0,71784202080,233159314
0,71786496478,233139399
0,71788790876,232996974
0,71791085274,232997352
0,71793379672,232997683
0,71795674070,232997972
0,71797968468,232873225
0,71800262866,232889071
0,71802557264,232902937
0,71804851662,232790069
0,71807146060,232816310
0,71809440458,232839271
0,71811734856,232859362
0,71814029254,232876941
0,71816323652,232892323
0,71818618050,232905782
0,71820912448,232792559
0,71823206846,232818489
0,71825501244,232841177
0,71827795642,232736029
0,71830090040,232769025
0,71832384438,232797896
0,71834678836,232823159
0,71836973234,232720264
0,71839267632,233005231
0,71841562030,233254577
0,71998080293,252847754
0,71998123493,250366784
0,71998166693,248195936
0,71998209893,246296444
0,71998253093,244634388
0,71998296293,243180089
0,71998339493,241907577
0,71998382693,240794129
0,71998425893,239819862
0,71998469093,238967379
0,71998512293,238221456
0,71998555493,237568774
0,71998598693,236997677
0,71998641893,236497967
0,71998685093,236060721
0,71998728293,235678130
0,71998771493,235343363
0,71998814693,235050442
0,71998857893,234669136
0,71998901093,234335494
0,71998944293,234043557
0,71998987493,233788112
0,71999030693,233689598
0,71999073893,233603398
0,71999117093,233527973
0,71999160293,233461976
0,71999203493,233404229
0,72000923335,233478700
0,72003217733,233668862
0,72005512131,233835254
0,72007806529,233980847
0,72010100927,234108241
0,72012395325,234219710
0,72014689723,234317246
0,72016984121,234402590
0,72019278519,234477266
0,72021572917,234542607
0,72023867315,234599781
0,72026161713,234649808
0,72028456111,234693582
0,72030750509,234731884
0,72033044907,234890398
0,72035339305,234904098
0,72037633703,234916085
0,72039928101,234926574
0,72042222499,234935752
0,72044516897,234943783
0,72046811295,234950810
0,72049105693,234956958
0,72051400091,234962338
0,72053694489,234967045
0,72055988887,234971164
0,72058283285,234974768
0,72060577683,234977922
0,72062872081,234980681
0,72065166479,234983095
0,72067460877,234985208
0,72069755275,234987057
0,72072049673,235113674
0,72074344071,235099464
0,72230862334,254337031
0,72230905534,251544902
0,72230948734,249101789
0,72230991934,246964065
0,72231035134,245218556
0,72231078334,243691236
0,72231121534,242354831
0,72231164734,241185477
0,72231207934,240162292
0,72231251134,239267005
0,72231294334,238483629
0,72231337534,237798175
0,72231380734,237198403
0,72231423934,236673602
0,72231467134,236214401
0,72231510334,235812600
0,72231553534,235461025
0,72231596734,235153396
0,72231639934,234884221
0,72231683134,234648693
0,72231726334,234442606
0,72231769534,234262280
0,72231812734,234104495
0,72231855934,233841433
0,72231899134,233611253
0,72231942334,233409846
0,72231985534,233233615
0,72233705376,233329413
0,72235999774,233538236
0,72238294172,233720956
0,72240588570,233880836
0,72242882968,234020731
0,72245177366,234143139
0,72247471764,234250246
0,72249766162,234343965
0,72252060560,234550969
0,72254354958,234607097
0,72256649356,234656209
0,72258943754,234699182
0,72261238152,234736784
0,72263532550,234769686
0,72265826948,234798475
0,72268121346,234823665
0,72270415744,234845706
0,72272710142,234864992
0,72275004540,235006868
0,72277298938,235006009
0,72279593336,235005257
0,72281887734,235004599
0,72284182132,235004024
0,72286476530,235003521
0,72288770928,235003080
0,72291065326,235127695
0,72293359724,235111733
0,72295654122,235097766
0,72297948520,235085545
0,72300242918,235074851
0,72302537316,235065494
0,72304831714,235057307
0,72307126112,235050143
0,72464791574,254418875
0,72464834774,251866515
0,72464877974,249633200
0,72464921174,247679050
0,72464964374,245969168
0,72465007574,244473022
0,72465050774,243163894
0,72465093974,242018407
0,72465137174,241016106
0,72465180374,240139092
0,72465223574,239371705
0,72465266774,238700241
0,72465309974,238112710
0,72465353174,237598621
0,72465396374,237148793
0,72465439574,236755193
0,72465482774,236410793
0,72465525974,236109443
0,72465569174,235845762
0,72465612374,235615041
0,72465655574,235413160
0,72465698774,235236515
0,72465741974,235081950
0,72465785174,234946706
0,72465828374,234828367
0,72465871574,234724821
0,72465914774,234634218
0,72466487417,234679940
0,72468781815,234719947
0,72471076213,234879953
0,72473370611,234894958
0,72475665009,234908088
0,72477959407,234919577
0,72480253805,234929629
0,72482548203,234938425
0,72484842601,234946121
0,72487136999,234952855
0,72489431397,234958748
0,72491725795,234963904
0,72494020193,235093416
0,72496314591,235081739
0,72498608989,235071521
0,72500903387,235062580
0,72503197785,235054757
0,72505492183,235047912
0,72507786581,235041923
0,72510080979,235036682
0,72512375377,235032096
0,72514669775,235028084
0,72516964173,235024573
0,72519258571,235021501
0,72521552969,235018813
0,72523847367,235016461
0,72526141765,235014403
0,72528436163,235012602
0,72530730561,235011026
0,72533024959,235134647
0,72535319357,235117816
0,72537613755,235103089
0,72539908153,235090202
0,72542202551,235078926
0,72699868013,235069060
0,72699911213,235060427
0,72699954413,235052873
0,72699997613,235046263
0,72700040813,235165480
0,72700084013,235144795
0,72700127213,235126695
0,72700170413,235110858
0,72700213613,235097000
0,72700256813,235084875
0,72700300013,235074265
0,72700343213,235064981
0,72700386413,235056858
0,72700429613,235049750
0,72700472813,235043531
0,72700516013,235038089
0,72700559213,235033327
0,72700602413,235029161
0,72700645613,235025515
0,72700688813,235022325
0,72700732013,235019534
0,72700775213,235017092
0,72700818413,235014955
0,72700861613,235013085
0,72700904813,235011449
0,72700948013,235010017
0,72700991213,235008764
0,72701563856,235007668
0,72703858254,235006709
0,72706152652,235005870
0,72708447050,235005136
0,72710741448,235004494
0,72713035846,235128932
0,72715330244,235112815
0,72717624642,235098713
0,72719919040,235086373
0,72722213438,235075576
0,72724507836,235066129
0,72726802234,235057862
0,72729096632,235050629
0,72731391030,235044300
0,72733685428,235038762
0,72735979826,235033916
0,72738274224,235029676
0,72740568622,235025966
0,72742863020,235022720
0,72745157418,235019880
0,72747451816,235017395
0,72749746214,235015220
0,72752040612,235138317
0,72754335010,235121027
0,72756629408,235105898
0,72758923806,235092660
0,72761218204,235081077
0,72763512602,235070942
0,72765807000,235062074
0,72768101398,235054314
0,72770395796,235047524
0,72772690194,235041583
0,72774984592,235036385
0,72777278990,235031836
0,72936091651,235277856
0,72936134851,235493124
0,72936178051,235681483
0,72936221251,235846297
0,72936264451,235865509
0,72936307651,235882320
0,72936350851,235897030
0,72936394051,235909901
0,72936437251,235921163
0,72936480451,235931017
0,72936523651,235939639
0,72936566851,235947184
0,72936610051,235953786
0,72936653251,235959562
0,72936696451,235964616
0,72936739651,235969039
0,72936782851,235972909
0,72936826051,235976295
0,72936869251,235979258
0,72936912451,235981850
0,72936955651,235984118
0,72936998851,235986103
0,72937042051,236112840
0,72937085251,236223735
0,72937128451,236320768
0,72937171651,236405672
0,72937214851,236479963
0,72937258051,236544967
0,72938934693,236601846
0,72941229091,236776615
0,72943523489,236804538
0,72945817887,236828970
0,72948112285,236975348
0,72950406þÿÿÿþÿÿÿþÿÿÿþÿÿÿþÿÿÿþÿÿÿþÿÿÿþÿÿÿþÿÿÿþÿÿÿþÿÿÿþÿÿÿþÿÿÿþÿÿÿþÿÿÿþÿÿÿþÿÿÿþÿÿÿþÿÿÿþÿÿÿþÿÿÿþÿÿÿþÿÿÿþÿÿÿþÿÿÿþÿÿÿþÿÿÿþÿÿÿþÿÿÿþÿÿÿþÿÿÿþÿÿÿþÿÿÿþÿÿÿþÿÿÿþÿÿÿþÿÿÿþÿÿÿþÿÿÿþÿÿÿþÿÿÿþÿÿÿþÿÿÿþÿÿÿþÿÿÿþÿÿÿþÿÿÿþÿÿÿþÿÿÿþÿÿÿþÿÿÿþÿÿÿþÿÿÿþÿÿÿþÿÿÿþÿÿÿþÿÿÿþÿÿÿþÿÿÿþÿÿÿþÿÿÿþÿÿÿþÿÿÿþÿÿÿþÿÿÿþÿÿÿþÿÿÿþÿÿÿþÿÿÿþÿÿÿþÿÿÿþÿÿÿþÿÿÿþÿÿÿþÿÿÿþÿÿÿþÿÿÿþÿÿÿþÿÿÿþÿÿÿþÿÿÿþÿÿÿþÿÿÿþÿÿÿþÿÿÿþÿÿÿþÿÿÿþÿÿÿþÿÿÿþÿÿÿþÿÿÿþÿÿÿþÿÿÿþÿÿÿþÿÿÿþÿÿÿþÿÿÿþÿÿÿþÿÿÿþÿÿÿþÿÿÿþÿÿÿþÿÿÿþÿÿÿþÿÿÿþÿÿÿþÿÿÿþÿÿÿþÿÿÿþÿÿÿþÿÿÿþÿÿÿþÿÿÿþÿÿÿþÿÿÿþÿÿÿþÿÿÿþÿÿÿþÿÿÿþÿÿÿþÿÿÿþÿÿÿþÿÿÿþÿÿÿþÿÿÿþÿÿÿþÿÿÿþÿÿÿþÿÿÿþÿÿÿþÿÿÿþÿÿÿþÿÿÿþÿÿÿþÿÿÿþÿÿÿþÿÿÿþÿÿÿþÿÿÿþÿÿÿþÿÿÿþÿÿÿþÿÿÿþÿÿÿþÿÿÿþÿÿÿþÿÿÿþÿÿÿþÿÿÿþÿÿÿþÿÿÿþÿÿÿþÿÿÿþÿÿÿþÿÿÿþÿÿÿþÿÿÿþÿÿÿþÿÿÿþÿÿÿþÿÿÿþÿÿÿþÿÿÿþÿÿÿþÿÿÿþÿÿÿþÿÿÿþÿÿÿþÿÿÿþÿÿÿþÿÿÿþÿÿÿþÿÿÿþÿÿÿþÿÿÿþÿÿÿþÿÿÿþÿÿÿþÿÿÿþÿÿÿþÿÿÿþÿÿÿþÿÿÿþÿÿÿþÿÿÿþÿÿÿþÿÿÿþÿÿÿþÿÿÿþÿÿÿþÿÿÿþÿÿÿþÿÿÿþÿÿÿþÿÿÿþÿÿÿþÿÿÿþÿÿÿþÿÿÿþÿÿÿþÿÿÿþÿÿÿþÿÿÿþÿÿÿþÿÿÿþÿÿÿþÿÿÿþÿÿÿþÿÿÿþÿÿÿþÿÿÿþÿÿÿþÿÿÿþÿÿÿþÿÿÿþÿÿÿþÿÿÿþÿÿÿþÿÿÿþÿÿÿþÿÿÿþÿÿÿþÿÿÿþÿÿÿþÿÿÿþÿÿÿþÿÿÿþÿÿÿþÿÿÿþÿÿÿþÿÿÿþÿÿÿþÿÿÿþÿÿÿþÿÿÿþÿÿÿþÿÿÿþÿÿÿþÿÿÿþÿÿÿþÿÿÿþÿÿÿþÿÿÿþÿÿÿþÿÿÿþÿÿÿþÿÿÿþÿÿÿþÿÿÿþÿÿÿþÿÿÿþÿÿÿþÿÿÿþÿÿÿþÿÿÿþÿÿÿþÿÿÿþÿÿÿþÿÿÿþÿÿÿþÿÿÿþÿÿÿþÿÿÿþÿÿÿþÿÿÿþÿÿÿþÿÿÿþÿÿÿþÿÿÿþÿÿÿþÿÿÿþÿÿÿþÿÿÿþÿÿÿþÿÿÿþÿÿÿþÿÿÿþÿÿÿþÿÿÿþÿÿÿþÿÿÿþÿÿÿþÿÿÿþÿÿÿþÿÿÿþÿÿÿþÿÿÿþÿÿÿþÿÿÿþÿÿÿþÿÿÿþÿÿÿþÿÿÿþÿÿÿþÿÿÿþÿÿÿþÿÿÿþÿÿÿþÿÿÿþÿÿÿþÿÿÿþÿÿÿþÿÿÿþÿÿÿþÿÿÿþÿÿÿþÿÿÿþÿÿÿþÿÿÿþÿÿÿþÿÿÿþÿÿÿþÿÿÿþÿÿÿþÿÿÿþÿÿÿþÿÿÿþÿÿÿþÿÿÿþÿÿÿþÿÿÿþÿÿÿþÿÿÿþÿÿÿþÿÿÿþÿÿÿþÿÿÿþÿÿÿþÿÿÿþÿÿÿþÿÿÿþÿÿÿþÿÿÿþÿÿÿþÿÿÿþÿÿÿþÿÿÿþÿÿÿþÿÿÿþÿÿÿþÿÿÿþÿÿÿþÿÿÿþÿÿÿþÿÿÿþÿÿÿþÿÿÿþÿÿÿþÿÿÿþÿÿÿþÿÿÿþÿÿÿþÿÿÿþÿÿÿþÿÿÿþÿÿÿþÿÿÿþÿÿÿþÿÿÿþÿÿÿþÿÿÿþÿÿÿþÿÿÿþÿÿÿþÿÿÿþÿÿÿþÿÿÿþÿÿÿþÿÿÿþÿÿÿþÿÿÿþÿÿÿþÿÿÿþÿÿÿþÿÿÿþÿÿÿþÿÿÿþÿÿÿþÿÿÿþÿÿÿþÿÿÿþÿÿÿþÿÿÿþÿÿÿþÿÿÿþÿÿÿþÿÿÿþÿÿÿþÿÿÿþÿÿÿþÿÿÿþÿÿÿþÿÿÿþÿÿÿþÿÿÿþÿÿÿþÿÿÿþÿÿÿþÿÿÿþÿÿÿþÿÿÿþÿÿÿþÿÿÿþÿÿÿþÿÿÿþÿÿÿþÿÿÿþÿÿÿþÿÿÿþÿÿÿþÿÿÿþÿÿÿþÿÿÿþÿÿÿþÿÿÿþÿÿÿþÿÿÿþÿÿÿþÿÿÿþÿÿÿþÿÿÿþÿÿÿþÿÿÿþÿÿÿþÿÿÿþÿÿÿþÿÿÿþÿÿÿþÿÿÿþÿÿÿþÿÿÿþÿÿÿþÿÿÿþÿÿÿþÿÿÿþÿÿÿþÿÿÿþÿÿÿþÿÿÿþÿÿÿþÿÿÿþÿÿÿþÿÿÿþÿÿÿþÿÿÿþÿÿÿþÿÿÿþÿÿÿþÿÿÿþÿÿÿþÿÿÿþÿÿÿþÿÿÿþÿÿÿþÿÿÿþÿÿÿþÿÿÿþÿÿÿþÿÿÿþÿÿÿþÿÿÿþÿÿÿþÿÿÿþÿÿÿþÿÿÿþÿÿÿþÿÿÿþÿÿÿþÿÿÿþÿÿÿþÿÿÿþÿÿÿþÿÿÿþÿÿÿþÿÿÿþÿÿÿþÿÿÿþÿÿÿþÿÿÿþÿÿÿþÿÿÿþÿÿÿþÿÿÿþÿÿÿþÿÿÿþÿÿÿþÿÿÿþÿÿÿþÿÿÿþÿÿÿþÿÿÿþÿÿÿþÿÿÿþÿÿÿþÿÿÿþÿÿÿþÿÿÿþÿÿÿþÿÿÿþÿÿÿþÿÿÿþÿÿÿþÿÿÿþÿÿÿþÿÿÿþÿÿÿþÿÿÿþÿÿÿþÿÿÿþÿÿÿþÿÿÿþÿÿÿþÿÿÿþÿÿÿþÿÿÿþÿÿÿþÿÿÿþÿÿÿþÿÿÿþÿÿÿþÿÿÿþÿÿÿþÿÿÿþÿÿÿþÿÿÿþÿÿÿþÿÿÿþÿÿÿþÿÿÿþÿÿÿþÿÿÿþÿÿÿþÿÿÿþÿÿÿþÿÿÿþÿÿÿþÿÿÿþÿÿÿþÿÿÿþÿÿÿþÿÿÿþÿÿÿþÿÿÿþÿÿÿþÿÿÿþÿÿÿþÿÿÿþÿÿÿþÿÿÿþÿÿÿþÿÿÿþÿÿÿþÿÿÿþÿÿÿþÿÿÿþÿÿÿþÿÿÿþÿÿÿþÿÿÿþÿÿÿþÿÿÿþÿÿÿþÿÿÿþÿÿÿþÿÿÿþÿÿÿþÿÿÿþÿÿÿþÿÿÿþÿÿÿþÿÿÿþÿÿÿþÿÿÿþÿÿÿþÿÿÿþÿÿÿþÿÿÿþÿÿÿþÿÿÿþÿÿÿþÿÿÿþÿÿÿþÿÿÿþÿÿÿþÿÿÿþÿÿÿþÿÿÿþÿÿÿþÿÿÿþÿÿÿþÿÿÿþÿÿÿþÿÿÿþÿÿÿþÿÿÿþÿÿÿþÿÿÿþÿÿÿþÿÿÿþÿÿÿþÿÿÿþÿÿÿþÿÿÿþÿÿÿþÿÿÿþÿÿÿþÿÿÿþÿÿÿþÿÿÿþÿÿÿþÿÿÿþÿÿÿþÿÿÿþÿÿÿþÿÿÿþÿÿÿþÿÿÿþÿÿÿþÿÿÿþÿÿÿþÿÿÿþÿÿÿþÿÿÿþÿÿÿþÿÿÿþÿÿÿþÿÿÿþÿÿÿþÿÿÿþÿÿÿþÿÿÿþÿÿÿþÿÿÿþÿÿÿþÿÿÿþÿÿÿþÿÿÿþÿÿÿþÿÿÿþÿÿÿþÿÿÿþÿÿÿþÿÿÿþÿÿÿþÿÿÿþÿÿÿþÿÿÿþÿÿÿþÿÿÿþÿÿÿþÿÿÿþÿÿÿþÿÿÿþÿÿÿþÿÿÿþÿÿÿþÿÿÿþÿÿÿþÿÿÿþÿÿÿþÿÿÿþÿÿÿþÿÿÿþÿÿÿþÿÿÿþÿÿÿþÿÿÿþÿÿÿþÿÿÿþÿÿÿþÿÿÿþÿÿÿþÿÿÿþÿÿÿþÿÿÿþÿÿÿþÿÿÿþÿÿÿþÿÿÿþÿÿÿþÿÿÿþÿÿÿþÿÿÿþÿÿÿþÿÿÿþÿÿÿþÿÿÿþÿÿÿþÿÿÿþÿÿÿþÿÿÿþÿÿÿþÿÿÿþÿÿÿþÿÿÿþÿÿÿþÿÿÿþÿÿÿþÿÿÿþÿÿÿþÿÿÿþÿÿÿþÿÿÿþÿÿÿþÿÿÿþÿÿÿþÿÿÿþÿÿÿþÿÿÿþÿÿÿþÿÿÿþÿÿÿþÿÿÿþÿÿÿþÿÿÿþÿÿÿþÿÿÿþÿÿÿþÿÿÿþÿÿÿþÿÿÿþÿÿÿþÿÿÿþÿÿÿþÿÿÿþÿÿÿþÿÿÿþÿÿÿþÿÿÿþÿÿÿþÿÿÿþÿÿÿþÿÿÿþÿÿÿþÿÿÿþÿÿÿþÿÿÿþÿÿÿþÿÿÿþÿÿÿþÿÿÿþÿÿÿþÿÿÿþÿÿÿþÿÿÿþÿÿÿþÿÿÿþÿÿÿþÿÿÿþÿÿÿþÿÿÿþÿÿÿþÿÿÿþÿÿÿþÿÿÿþÿÿÿþÿÿÿþÿÿÿþÿÿÿþÿÿÿþÿÿÿþÿÿÿþÿÿÿþÿÿÿþÿÿÿþÿÿÿþÿÿÿþÿÿÿþÿÿÿþÿÿÿþÿÿÿþÿÿÿþÿÿÿþÿÿÿþÿÿÿþÿÿÿþÿÿÿþÿÿÿþÿÿÿþÿÿÿþÿÿÿþÿÿÿþÿÿÿþÿÿÿþÿÿÿþÿÿÿþÿÿÿþÿÿÿþÿÿÿþÿÿÿþÿÿÿþÿÿÿþÿÿÿþÿÿÿþÿÿÿþÿÿÿþÿÿÿþÿÿÿþÿÿÿþÿÿÿþÿÿÿþÿÿÿþÿÿÿþÿÿÿþÿÿÿþÿÿÿþÿÿÿþÿÿÿþÿÿÿþÿÿÿþÿÿÿþÿÿÿþÿÿÿþÿÿÿþÿÿÿþÿÿÿþÿÿÿþÿÿÿþÿÿÿþÿÿÿþÿÿÿþÿÿÿþÿÿÿþÿÿÿþÿÿÿþÿÿÿþÿÿÿþÿÿÿþÿÿÿþÿÿÿþÿÿÿþÿÿÿþÿÿÿþÿÿÿþÿÿÿþÿÿÿþÿÿÿþÿÿÿþÿÿÿþÿÿÿþÿÿÿþÿÿÿþÿÿÿþÿÿÿþÿÿÿþÿÿÿþÿÿÿþÿÿÿþÿÿÿþÿÿÿþÿÿÿþÿÿÿþÿÿÿþÿÿÿþÿÿÿþÿÿÿþÿÿÿþÿÿÿþÿÿÿþÿÿÿþÿÿÿþÿÿÿþÿÿÿþÿÿÿþÿÿÿþÿÿÿþÿÿÿþÿÿÿþÿÿÿþÿÿÿþÿÿÿþÿÿÿþÿÿÿþÿÿÿþÿÿÿþÿÿÿþÿÿÿþÿÿÿþÿÿÿþÿÿÿþÿÿÿþÿÿÿþÿÿÿþÿÿÿþÿÿÿþÿÿÿþÿÿÿþÿÿÿþÿÿÿþÿÿÿþÿÿÿþÿÿÿþÿÿÿþÿÿÿþÿÿÿþÿÿÿþÿÿÿþÿÿÿþÿÿÿþÿÿÿþÿÿÿþÿÿÿþÿÿÿþÿÿÿþÿÿÿþÿÿÿþÿÿÿþÿÿÿþÿÿÿþÿÿÿþÿÿÿþÿÿÿþÿÿÿþÿÿÿþÿÿÿþÿÿÿþÿÿÿþÿÿÿþÿÿÿþÿÿÿþÿÿÿþÿÿÿþÿÿÿþÿÿÿþÿÿÿþÿÿÿþÿÿÿþÿÿÿþÿÿÿþÿÿÿþÿÿÿþÿÿÿþÿÿÿþÿÿÿþÿÿÿþÿÿÿþÿÿÿþÿÿÿþÿÿÿþÿÿÿþÿÿÿþÿÿÿþÿÿÿþÿÿÿþÿÿÿþÿÿÿþÿÿÿþÿÿÿþÿÿÿþÿÿÿþÿÿÿþÿÿÿþÿÿÿþÿÿÿþÿÿÿþÿÿÿþÿÿÿþÿÿÿþÿÿÿþÿÿÿþÿÿÿþÿÿÿþÿÿÿþÿÿÿþÿÿÿþÿÿÿþÿÿÿþÿÿÿþÿÿÿþÿÿÿþÿÿÿþÿÿÿþÿÿÿþÿÿÿþÿÿÿþÿÿÿþÿÿÿþÿÿÿþÿÿÿþÿÿÿþÿÿÿþÿÿÿþÿÿÿþÿÿÿþÿÿÿþÿÿÿþÿÿÿþÿÿÿþÿÿÿþÿÿÿþÿÿÿþÿÿÿþÿÿÿþÿÿÿþÿÿÿþÿÿÿþÿÿÿþÿÿÿþÿÿÿþÿÿÿþÿÿÿþÿÿÿþÿÿÿþÿÿÿþÿÿÿþÿÿÿþÿÿÿþÿÿÿþÿÿÿþÿÿÿþÿÿÿþÿÿÿþÿÿÿþÿÿÿþÿÿÿþÿÿÿþÿÿÿþÿÿÿþÿÿÿþÿÿÿþÿÿÿþÿÿÿþÿÿÿþÿÿÿ73645626565,237333235
0,73645669765,237291580
0,73645712965,237255132
0,73645756165,237223240
0,73645799365,237195335
0,73645842565,237170918
0,73645885765,237149553
0,73645928965,237130858
0,73646458408,237114500
0,73648752806,237100187
0,73651047204,237212663
0,73653341602,237311080
0,73655636000,237272195
0,73657930398,237238170
0,73660224796,237333398
0,73662519194,237291723
0,73664813592,237255257
0,73667107990,237348349
0,73669402388,237304805
0,73671696786,237266704
0,73673991184,237233366
0,73676285582,237329195
0,73678579980,237288045
0,73680874378,237252039
0,73683168776,237345534
0,73685463174,237302342
0,73687757572,237264549
0,73690051970,237356480
0,73692346368,237436920
0,73694640766,237382305
0,73696935164,237334516
0,73699229562,237417701
0,73701523960,237365488
0,73703818358,237319802
0,73706112756,237404826
0,73708407154,237354222
0,73710701552,237309944
0,73712995950,237271201
0,73715290348,237362300
0,73717584746,237317012
0,73719879144,237277385
0,73722173542,237367711
0,73883280601,237571747
0,73883323801,237750278
0,73883367001,237906493
0,73883410201,238043181
0,73883453401,238162783
0,73883496601,238267435
0,73883539801,238234005
0,73883583001,238204754
0,73883626201,238179159
0,73883669401,238156764
0,73883712601,238137168
0,73883755801,238120022
0,73883799001,238105019
0,73883842201,238091891
0,73883885401,238080404
0,73883928601,238070353
0,73883971801,238061558
0,73884015001,238178863
0,73884058201,238281505
0,73884101401,238371316
0,73884144601,238449901
0,73884187801,238518663
0,73884231001,238578830
0,73884274201,238631476
0,73884317401,238677541
0,73884360601,238717848
0,73884403801,238753117
0,73884447001,238783977
0,73884490201,238810979
0,73886123643,238959606
0,73888418041,239089655
0,73890712439,239078448
0,73893006837,239193642
0,73895301235,239294436
0,73897595633,239382631
0,73899890031,239334802
0,73902184429,239417951
0,73904478827,239490707
0,73906773225,239429368
0,73909067623,239500697
0,73911362021,239563109
0,73913656419,239617720
0,73915950817,239540505
0,73918245215,239597941
0,73920539613,239648198
0,73922834011,239567173
0,73925128409,239621276
0,73927422807,239668616
0,73929717205,239585039
0,73932011603,239636909
0,73934306001,239682295
0,73936600399,239722008
0,73938894797,239631757
0,73941189195,239677787
0,73943483593,239718063
0,73945777991,239628305
0,73948072389,239674766
0,73950366787,239715420
0,73952661185,239750992
0,73954955583,239657118
0,73957249981,239699978
0,73959544379,239737480
0,74120651438,259520295
0,74120694638,256705258
0,74120737838,254242100
0,74120781038,252086837
0,74120824238,250200982
0,74120867438,248550859
0,74120910638,247107001
0,74120953838,245843625
0,74120997038,244738171
0,74121040238,243895899
0,74121083438,243158911
0,74121126638,242514047
0,74121169838,241949791
0,74121213038,241456067
0,74121256238,241024058
0,74121299438,240646050
0,74121342638,240315293
0,74121385838,240025881
0,74121429038,239647645
0,74121472238,239316689
0,74121515438,239027102
0,74121558638,238773714
0,74121601838,238551999
0,74121645038,238357999
0,74121688238,238188249
0,74121731438,238039717
0,74121774638,237909752
0,74121817838,237796033
0,74121861038,237696528
0,74123494480,237859462
0,74125788878,238002029
0,74128083276,238251775
0,74130377674,238470303
0,74132672072,238536515
0,74134966470,238594450
0,74137260868,238770143
0,74139555266,238923875
0,74141849664,238933390
0,74144144062,239066716
0,74146438460,239183376
0,74148732858,239160454
0,74151027256,239265397
0,74153321654,239357222
0,74155616052,239437569
0,74157910450,239382872
0,74160204848,239460013
0,74162499246,239527511
0,74164793644,239461572
0,74167088042,239528875
0,74169382440,239587765
0,74171676838,239514294
0,74173971236,239450007
0,74176265634,239518756
0,74178560032,239578911
0,74180854430,239506547
0,74183148828,239568228
0,74185443226,239622199
0,74187737624,239544424
0,74190032022,239601371
0,74192326420,239651199
0,74194620818,239694799
0,74196915216,239607949
0,74359169474,259656955
0,74359212674,257074835
0,74359255874,254815480
0,74359299074,252838545
0,74359342274,251108726
0,74359385474,249595135
0,74359428674,248270743
0,74359471874,247111900
0,74359515074,246097912
0,74359558274,245210673
0,74359601474,244309338
0,74359644674,243520670
0,74359687874,242830586
0,74359731074,242226762
0,74359774274,241698416
0,74359817474,241236114
0,74359860674,240831599
0,74359903874,240477649
0,74359947074,240167942
0,74359990274,239896949
0,74360033474,239784830
0,74360076674,239686726
0,74360119874,239600885
0,74360163074,239525774
0,74360206274,239460052
0,74360249474,239402545
0,74360292674,239352226
0,74360335874,239308197
0,74360379074,239269672
0,74360865317,239235963
0,74363159715,239331467
0,74365454113,239415033
0,74367748511,239363153
0,74370042909,239442758
0,74372337307,239512413
0,74374631705,239573361
0,74376926103,239501690
0,74379220501,239563978
0,74381514899,239618480
0,74383809297,239541170
0,74386103695,239598523
0,74388398093,239648707
0,74390692491,239567618
0,74392986889,239496665
0,74395281287,239559581
0,74397575685,239614633
0,74399870083,239537803
0,74402164481,239595577
0,74404458879,239646129
0,74406753277,239565362
0,74409047675,239619691
0,74411342073,239667229
0,74413636471,239708825
0,74415930869,239620221
0,74418225267,239667693
0,74420519665,239709231
0,74422814063,239620577
0,74425108461,239668004
0,74427402859,239709503
0,74429697257,239620815
0,74431991655,239543213
0,74434286053,239600311
0,74436580451,239650272
0,74598834709,239568988
0,74598877909,239497864
0,74598921109,239435631
0,74598964309,239381177
0,74599007509,239458529
0,74599050709,239526212
0,74599093909,239585435
0,74599137109,239637255
0,74599180309,239682598
0,74599223509,239722273
0,74599266709,239756988
0,74599309909,239787364
0,74599353109,239813943
0,74599396309,239837200
0,74599439509,239857550
0,74599482709,239875356
0,74599525909,239890936
0,74599569109,239904569
0,74599612309,239916497
0,74599655509,239926934
0,74599698709,239811067
0,74599741909,239709683
0,74599785109,239620972
0,74599828309,239543350
0,74599871509,239475431
0,74599914709,239416002
0,74599957909,239364001
0,74600001109,239443500
0,74600044309,239513062
0,74600530552,239573929
0,74602824950,239502187
0,74605119348,239564413
0,74607413746,239618861
0,74609708144,239541503
0,74612002542,239598815
0,74614296940,239648963
0,74616591338,239692842
0,74618885736,239606236
0,74621180134,239655456
0,74623474532,239698524
0,74625768930,239611208
0,74628063328,239659807
0,74630357726,239702331
0,74632652124,239739539
0,74634946522,239647096
0,74637240920,239691209
0,74639535318,239729807
0,74641829716,239638581
0,74644124114,239683758
0,74646418512,239723288
0,74648712910,239632877
0,74651007308,239678767
0,74653301706,239718921
0,74655596104,239754055
0,74657890502,239659798
0,74660184900,239702323
0,74662479298,239739532
0,74664773696,239647090
0,74667068094,239691203
0,74669362492,239729802
0,74671656890,239763576
0,74673951288,239668129
0,74676245686,239709612
0,74839647143,239870910
0,74839690343,240012046
0,74839733543,240135540
0,74839776743,240243597
0,74839819943,240213147
0,74839863143,240186503
0,74839906343,240163190
0,74839949543,240142791
0,74839992743,240124942
0,74840035943,240234324
0,74840079143,240330033
0,74840122343,240413778
0,74840165543,240487055
0,74840208743,240551173
0,74840251943,240607276
0,74840295143,240656366
0,74840338343,240699320
0,74840381543,240736905
0,74840424743,240769791
0,74840467943,240798567
0,74840511143,240823746
0,74840554343,240845777
0,74840597543,240865054
0,74840640743,240881922
0,74840683943,240896681
0,74840727143,240909595
0,74840770343,240920895
0,74840813543,240805783
0,74840856743,240705060
0,74840899943,240616927
0,74842490185,240539811
0,74844784583,240347334
0,74847078981,240303917
0,74849373379,240265927
0,74851667777,240107686
0,74853962175,240219225
0,74856256573,240441821
0,74858550971,240636593
0,74860845369,240807018
0,74863139767,240956140
0,74865434165,241086622
0,74867728563,241200794
0,74870022961,241300694
0,74872317359,241388107
0,74874611757,241464593
0,74876906155,241531518
0,74879200553,241590078
0,74881494951,241641318
0,74883789349,241686153
0,74886083747,241725383
0,74888378145,241759710
0,74890672543,241789746
0,74892966941,241691027
0,74895261339,241729648
0,74897555737,241763442
0,74899850135,241793011
0,74902144533,241818884
0,74904438931,241841523
0,74906733329,241861332
0,74909027727,241878665
0,74911322125,241893831
0,74913616523,241907102
0,74915910921,241918714
0,75079312378,262053874
0,75079355578,259297139
0,75079398778,256884996
0,75079441978,254774371
0,75079485178,252927574
0,75079528378,251311627
0,75079571578,249897673
0,75079614778,248660463
0,75079657978,247577905
0,75079701178,246630666
0,75079744378,245676832
0,75079787578,244842228
0,75079830778,244111949
0,75079873978,243472955
0,75079917178,242913835
0,75079960378,242424605
0,75080003578,242121529
0,75080046778,241856337
0,75080089978,241624294
0,75080133178,241421257
0,75080176378,241243599
0,75080219578,241088149
0,75080262778,240952130
0,75080305978,240833113
0,75080349178,240728973
0,75080392378,240637851
0,75080435578,240558119
0,75080478778,240488354
0,75080521978,240427309
0,75080565178,240373895
0,75082155420,240577158
0,75084449818,240755013
0,75086744216,240910636
0,75089038614,241046806
0,75091333012,241165955
0,75093627410,241270210
0,75095921808,241361433
0,75098216206,241441253
0,75100510604,241511096
0,75102805002,241572209
0,75105099400,241625682
0,75107393798,241672471
0,75109688196,241713412
0,75111982594,241624235
0,75114276992,241671205
0,75116571390,241712304
0,75118865788,241748266
0,75121160186,241779732
0,75123454584,241807265
0,75125748982,241831356
0,75128043380,241852436
0,75130337778,241870881
0,75132632176,241887020
0,75134926574,241901142
0,75137220972,241913499
0,75139515370,241924311
0,75141809768,241933772
0,75144104166,241942050
0,75146398564,241949293
0,75148692962,241955631
0,75150987360,241836177
0,75153281758,241856654
0,75155576156,241874572
0,75320124812,262265250
0,75320168012,259607093
0,75320211212,257281206
0,75320254412,255246055
0,75320297612,253465298
0,75320340812,251907135
0,75320384012,250543743
0,75320427212,249350775
0,75320470412,248306928
0,75320513612,247393562
0,75320556812,246594366
0,75320600012,245895070
0,75320643212,245283186
0,75320686412,244747787
0,75320729612,244279313
0,75320772812,243869398
0,75320816012,243510723
0,75320859212,243071882
0,75320902412,242687896
0,75320945612,242351909
0,75320988812,242057920
0,75321032012,241925680
0,75321075212,241809970
0,75321118412,241708723
0,75321161612,241620132
0,75321204812,241542615
0,75321248012,241474788
0,75321291212,241415439
0,75321334412,241363509
0,75321377612,241318070
0,75321820655,241278311
0,75324115053,241368522
0,75326409451,241447456
0,75328703849,241516524
0,75330998247,241451958
0,75333292645,241520463
0,75335587043,241580405
0,75337881441,241632854
0,75340175839,241678747
0,75342470237,241718903
0,75344764635,241754040
0,75347059033,241784785
0,75349353431,241811686
0,75351647829,241835225
0,75353942227,241855821
0,75356236625,241873843
0,75358531023,241889612
0,75360825421,241903410
0,75363119819,241915483
0,75365414217,241926047
0,75367708615,241935291
0,75370003013,241943379
0,75372297411,241950456
0,75374591809,241956649
0,75376886207,241962067
0,75379180605,241966808
0,75381475003,241970957
0,75383769401,241974587
0,75386063799,241977763
0,75388358197,241980542
0,75390652595,241982974
0,75392946993,241985102
0,75395241391,241986964
0,75397535789,241988593
0,75562084445,241990018
0,75562127645,241991265
0,75562170845,241992356
0,75562214045,241993311
0,75562257245,241994147
0,75562300445,241994878
0,75562343645,241995518
0,75562386845,241996078
0,75562430045,241996568
0,75562473245,241996997
0,75562516445,241997372
0,75562559645,241997700
0,75562602845,241997987
0,75562646045,241998238
0,75562689245,241998458
0,75562732445,241998650
0,75562775645,241998818
0,75562818845,241998965
0,75562862045,241999094
0,75562905245,241999207
0,75562948445,241999306
0,75562991645,241874392
0,75563034845,241890093
0,75563078045,241903831
0,75563121245,241915852
0,75563164445,241926370
0,75563207645,241935573
0,75563250845,241943626
0,75563294045,241950672
0,75563337245,241956838
0,75563780288,241962233
0,75566074686,241966953
0,75568369084,241971083
0,75570663482,241974697
0,75572957880,241977859
0,75575252278,241980626
0,75577546676,241983047
0,75579841074,241985166
0,75582135472,241987020
0,75584429870,241988642
0,75586724268,241990061
0,75589018666,241991303
0,75591313064,241992390
0,75593607462,241993341
0,75595901860,241994173
0,75598196258,241994901
0,75600490656,241995538
0,75602785054,241996095
0,75605079452,241996583
0,75607373850,241997010
0,75609668248,241997383
0,75611962646,241872710
0,75614257044,241888621
0,75616551442,241902543
0,75618845840,241914725
0,75621140238,241925384
0,75623434636,241934711
0,75625729034,241942872
0,75628023432,241950013
0,75630317830,241956261
0,75632612228,241961728
0,75634906626,241966512
0,75637201024,241970698
0,75639495422,241974360
0,75805191277,242102565
0,75805234477,242214744
0,75805277677,242312901
0,75805320877,242398788
0,75805364077,242473939
0,75805407277,242539696
0,75805450477,242597234
0,75805493677,242647579
0,75805536877,242691631
0,75805580077,242730177
0,75805623277,242763904
0,75805666477,242793416
0,75805709677,242819239
0,75805752877,242841834
0,75805796077,242861604
0,75805839277,242878903
0,75805882477,242894040
0,75805925677,242907285
0,75805968877,242918874
0,75806012077,243054014
0,75806055277,243172262
0,75806098477,243275729
0,75806141677,243241262
0,75806184877,243211104
0,75806228077,243184716
0,75806271277,243161626
0,75806314477,243141422
0,75806357677,243123744
0,75806400877,243108276
0,75806444077,243094741
0,75806487277,243082898
0,75808034319,242947535
0,75810328717,242829093
0,75812623115,242725456
0,75814917513,242634774
0,75817211911,242555427
0,75819506309,242485998
0,75821800707,242425248
0,75824095105,242372092
0,75826389503,242325580
0,75828683901,242284882
0,75830978299,242124271
0,75833272697,242108737
0,75835567095,242095144
0,75837861493,242083251
0,75840155891,242072844
0,75842450289,242063738
0,75844744687,242055770
0,75847039085,242048798
0,75849333483,242042698
0,75851627881,242037360
0,75853922279,242032690
0,75856216677,242028603
0,75858511075,242025027
0,75860805473,242021898
0,75863099871,242019160
0,75865394269,242016765
0,75867688667,242014669
0,75869983065,242262835
0,75872277463,242479980
0,75874571861,242669982
0,75876866259,242836234
0,75879160657,243106704
0,75881455055,243218366
0,76047150910,263816070
0,76047194110,261089061
0,76047237310,258702928
0,76047280510,256615062
0,76047323710,254788179
0,76047366910,253189656
0,76047410110,251790949
0,76047453310,250567080
0,76047496510,249496195
0,76047539710,248559170
0,76047582910,247739273
0,76047626110,247021863
0,76047669310,246394130
0,76047712510,245844863
0,76047755710,245364255
0,76047798910,244943723
0,76047842110,244575757
0,76047885310,244253787
0,76047928510,243972063
0,76047971710,243725555
0,76048014910,243509860
0,76048058110,243321127
0,76048101310,243155986
0,76048144510,243011487
0,76048187710,242885051
0,76048230910,242774419
0,76048274110,242677616
0,76048317310,242592914
0,76048360510,242518799
0,76048403710,242453949
0,76048446910,242397205
0,76049993952,242472554
0,76052288350,242663484
0,76054582748,242830548
0,76056877146,242976729
0,76059171544,243229637
0,76061465942,243325932
0,76063760340,243410190
0,76066054738,243608916
0,76068349136,243657801
0,76070643534,243700575
0,76072937932,243738003
0,76075232330,243895752
0,76077526728,243908783
0,76079821126,243920185
0,76082115524,244055161
0,76084409922,244048265
0,76086704320,244042231
0,76088998718,244036952
0,76091293116,244032333
0,76093587514,244028291
0,76095881912,244024754
0,76098176310,244146659
0,76100470708,244128326
0,76102765106,244112285
0,76105059504,244223249
0,76107353902,244195342
0,76109648300,244170924
0,76111942698,244149558
0,76114237096,244255863
0,76116531494,244223880
0,76118825892,244195895
0,76121120290,244296408
0,76123414688,244259357
0,76289110543,264726937
0,76289153743,261886069
0,76289196943,259400310
0,76289240143,257225271
0,76289283343,255322112
0,76289326543,253656848
0,76289369743,252199742
0,76289412943,250924774
0,76289456143,249809177
0,76289499343,248833029
0,76289542543,247978900
0,76289585743,247231537
0,76289628943,246577594
0,76289672143,246005394
0,76289715343,245504719
0,76289758543,245066629
0,76289801743,244683300
0,76289844943,244347887
0,76289888143,244054401
0,76289931343,243797600
0,76289974543,243572900
0,76290017743,243376287
0,76290060943,243204251
0,76290104143,243053719
0,76290147343,242922004
0,76290190543,242806753
0,76290233743,242705908
0,76290276943,242617669
0,76290320143,242540460
0,76290363343,242472902
0,76290406543,242413789
0,76291953585,242487065
0,76294247983,242801181
0,76296542381,242951033
0,76298836779,243082153
0,76301131177,243321883
0,76303425575,243406647
0,76305719973,243480816
0,76308014371,243670714
0,76310308769,243711874
0,76312603167,243747889
0,76314897565,243779402
0,76317191963,243931976
0,76319486361,243940479
0,76321780759,243947919
0,76324075157,244079429
0,76326369555,244069500
0,76328663953,244060812
0,76330958351,244053210
0,76333252749,244171558
0,76335547147,244150113
0,76337841545,244131348
0,76340135943,244239929
0,76342430341,244209937
0,76344724739,244183694
0,76347019137,244285732
0,76349313535,244250015
0,76351607933,244218763
0,76353902331,244191417
0,76356196729,244292489
0,76358491127,244255927
0,76360785525,244223936
0,76363079923,244320944
0,76365374321,244280826
0,76532217375,264870722
0,76532260575,262136881
0,76532303775,259744770
0,76532346975,257651673
0,76532390175,255820213
0,76532433375,254217686
0,76532476575,252815475
0,76532519775,251588540
0,76532562975,250514972
0,76532606175,249575600
0,76532649375,248753650
0,76532692575,248034443
0,76532735775,247405137
0,76532778975,246854494
0,76532822175,246372682
0,76532865375,245951096
0,76532908575,245582209
0,76532951775,245259432
0,76532994975,244977003
0,76533038175,244854877
0,76533081375,244748017
0,76533124575,244654514
0,76533167775,244447699
0,76533210975,244266736
0,76533254175,244108394
0,76533297375,243969844
0,76533340575,243848613
0,76533383775,243742536
0,76533426975,243649719
0,76533470175,243568504
0,76533513375,243497441
0,76533913218,243435260
0,76536207616,243630852
0,76538502014,243676995
0,76540796412,243717370
0,76543090810,243877698
0,76545385208,243892985
0,76547679606,243906361
0,76549974004,243918065
0,76552268402,243928306
0,76554562800,243937267
0,76556857198,243945108
0,76559151596,244076969
0,76561445994,244067347
0,76563740392,244058928
0,76566034790,244176562
0,76568329188,244154491
0,76570623586,244135179
0,76572917984,244118281
0,76575212382,244228495
0,76577506780,244199933
0,76579801178,244174941
0,76582095576,244278073
0,76584389974,244243313
0,76586684372,244212898
0,76588978770,244186285
0,76591273168,244162999
0,76593567566,244142624
0,76595861964,244124796
0,76598156362,244234196
0,76600450760,244204921
0,76602745158,244179305
0,76605039556,244281891
0,76607333954,244246654
0,76609628352,244215822
0,76776471406,244188844
0,76776514606,244165238
0,76776557806,244144583
0,76776601006,244126510
0,76776644206,244110696
0,76776687406,244096859
0,76776730606,244084751
0,76776773806,244074157
0,76776817006,244064887
0,76776860206,244056776
0,76776903406,244049679
0,76776946606,244043469
0,76776989806,244038035
0,76777033006,244158280
0,76777076206,244263495
0,76777119406,244355558
0,76777162606,244436113
0,76777205806,244506598
0,76777249006,244568273
0,76777292206,244497238
0,76777335406,244435083
0,76777378606,244380697
0,76777421806,244333109
0,76777465006,244291470
0,76777508206,244255036
0,76777551406,244223156
0,76777594606,244195261
0,76777637806,244170853
0,76777681006,244149496
0,76777724206,244130809
0,76777767406,244114457
0,76778167249,244225149
0,76780461647,244197005
0,76782756045,244172379
0,76785050443,244275831
0,76787344841,244241352
0,76789639239,244211183
0,76791933637,244184785
0,76794228035,244286686
0,76796522433,244250850
0,76798816831,244219493
0,76801111229,244317056
0,76803405627,244277424
0,76805700025,244242746
0,76807994423,244212402
0,76810288821,244185851
0,76812583219,244162619
0,76814877617,244142291
0,76817172015,244249504
0,76819466413,244218316
0,76821760811,244191026
0,76824055209,244292147
0,76826349607,244255628
0,76828644005,244223674
0,76830938403,244195714
0,76833232801,244296249
0,76835527199,244259217
0,76837821597,244226814
0,76840115995,244323462
0,76842410393,244283029
0,76844704791,244247650
0,76846999189,244216693
0,76849293587,244189606
0,76851587985,244165905
0,76853882383,244145166
0,77021872636,244252020
0,77021915836,244345517
0,77021959036,244427327
0,77022002236,244623911
0,77022045436,244795922
0,77022088636,244946431
0,77022131836,245078127
0,77022175036,245193361
0,77022218236,245294190
0,77022261436,245382416
0,77022304636,245459614
0,77022347836,245527162
0,77022391036,245586266
0,77022434236,245637982
0,77022477436,245558234
0,77022520636,245488454
0,77022563836,245427397
0,77022607036,245373972
0,77022650236,245327225
0,77022693436,245286321
0,77022736636,245250530
0,77022779836,245219213
0,77022823036,245191811
0,77022866236,245167834
0,77022909436,245146854
0,77022952636,245128497
0,77022995836,245112434
0,77023039036,245223379
0,77023082236,245320456
0,77023125436,245405399
0,77023168636,245479724
0,77023211836,245544758
0,77024715678,245601663
0,77027010076,245776455
0,77029304474,245929398
0,77031598872,245938223
0,77033893270,245945945
0,77036187668,246077701
0,77038482066,246192988
0,77040776464,246168864
0,77043070862,246272756
0,77045365260,246363661
0,77047659658,246318203
0,77049954056,246278427
0,77052248454,246368623
0,77054542852,246447545
0,77056837250,246391601
0,77059131648,246467650
0,77061426046,246534193
0,77063720444,246467418
0,77066014842,246533990
0,77068309240,246592241
0,77070603638,246518210
0,77072898036,246453433
0,77075192434,246521753
0,77077486832,246581533
0,77079781230,246508841
0,77082075628,246570235
0,77084370026,246623955
0,77086664424,246545960
0,77088958822,246477715
0,77091253220,246543000
0,77093547618,246600125
0,77095842016,246525109
0,77098136414,246584470
0,77266126667,267386411
0,77266169867,264588109
0,77266213067,262139595
0,77266256267,259997145
0,77266299467,257997501
0,77266342667,256247813
0,77266385867,254716836
0,77266429067,253377231
0,77266472267,252205077
0,77266515467,251179442
0,77266558667,250282011
0,77266601867,249496759
0,77266645067,248809664
0,77266688267,248208456
0,77266731467,247682399
0,77266774667,247222099
0,77266817867,246819336
0,77266861067,246466919
0,77266904267,246158554
0,77266947467,245888734
0,77266990667,245652642
0,77267033867,245571061
0,77267077067,245499678
0,77267120267,245437218
0,77267163467,245382565
0,77267206667,245334744
0,77267249867,245292901
0,77267293067,245256288
0,77267336267,245099252
0,77267379467,244961845
0,77267422667,244841614
0,77267465867,244736412
0,77268969709,244769360
0,77271264107,245048190
0,77273558505,245167166
0,77275852903,245271270
0,77278147301,245487361
0,77280441699,245676440
0,77282736097,245716885
0,77285030495,245877274
0,77287324893,246017614
0,77289619291,246015412
0,77291913689,246013485
0,77294208087,246136799
0,77296502485,246244699
0,77298796883,246214111
0,77301091281,246312347
0,77303385679,246398303
0,77305680077,246348515
0,77307974475,246304950
0,77310268873,246391831
0,77312563271,246342852
0,77314857669,246299995
0,77317152067,246387495
0,77319446465,246464058
0,77321740863,246406050
0,77324035261,246480293
0,77326329659,246545256
0,77328624057,246477099
0,77330918455,246417461
0,77333212853,246490278
0,77335507251,246553993
0,77337801649,246484743
0,77340096047,246549150
0,77342390445,246605506
0,77511527897,267404817
0,77511571097,264604214
0,77511614297,262153687
0,77511657497,260009476
0,77511700697,258133291
0,77511743897,256491629
0,77511787097,255055175
0,77511830297,253798278
0,77511873497,252698493
0,77511916697,251736181
0,77511959897,250894158
0,77512003097,250282388
0,77512046297,249747089
0,77512089497,249278702
0,77512132697,248868864
0,77512175897,248510256
0,77512219097,248196474
0,77512262297,247921914
0,77512305497,247681674
0,77512348697,247471464
0,77512391897,247287531
0,77512435097,247126589
0,77512478297,246860765
0,77512521497,246628169
0,77512564697,246424647
0,77512607897,246246566
0,77512651097,246090745
0,77512694297,245954401
0,77512737497,245835100
0,77512780697,245730712
0,77512823897,245639373
0,77512867097,245559451
0,77513223740,245614519
0,77515518138,245787704
0,77517812536,245814241
0,77520106934,245962460
0,77522401332,246092152
0,77524695730,246080633
0,77526990128,246070553
0,77529284526,246186733
0,77531578924,246163391
0,77533873322,246142967
0,77536167720,246250096
0,77538462118,246343834
0,77540756516,246300854
0,77543050914,246388247
0,77545345312,246464716
0,77547639710,246406626
0,77549934108,246355797
0,77552228506,246436322
0,77554522904,246506781
0,77556817302,246443433
0,77559111700,246513003
0,77561406098,246573877
0,77563700496,246502142
0,77565994894,246439374
0,77568289292,246509452
0,77570583690,246445770
0,77572878088,246390048
0,77575172486,246466292
0,77577466884,246533005
0,77579761282,246466379
0,77582055680,246533081
0,77584350078,246591445
0,77586644476,246517514
0,77588938874,246452824
0,77758076326,246521221
0,77758119526,246581068
0,77758162726,246633434
0,77758205926,246679254
0,77758249126,246719347
0,77758292326,246754428
0,77758335526,246785124
0,77758378726,246811983
0,77758421926,246835485
0,77758465126,246856049
0,77758508326,246874042
0,77758551526,246764786
0,77758594726,246669187
0,77758637926,246585538
0,77758681126,246512345
0,77758724326,246448301
0,77758767526,246392263
0,77758810726,246343230
0,77758853926,246300326
0,77758897126,246262785
0,77758940326,246229936
0,77758983526,246201194
0,77759026726,246301044
0,77759069926,246388413
0,77759113126,246464861
0,77759156326,246531753
0,77759199526,246590283
0,77759242726,246641497
0,77759285926,246686309
0,77759329126,246725520
0,77759372326,246759830
0,77759415526,246789851
0,77759772169,246691119
0,77762066567,246729729
0,77764360965,246763512
0,77766655363,246668073
0,77768949761,246584563
0,77771244159,246636492
0,77773538557,246681930
0,77775832955,246596688
0,77778127353,246647102
0,77780421751,246691214
0,77782716149,246604812
0,77785010547,246654210
0,77787304945,246697433
0,77789599343,246610253
0,77791893741,246533971
0,77794188139,246592224
0,77796482537,246643196
0,77798776935,246562796
0,77801071333,246617446
0,77803365731,246665265
0,77805660129,246582106
0,77807954527,246509342
0,77810248925,246570674
0,77812543323,246624339
0,77814837721,246546296
0,77817132119,246603009
0,77819426517,246652632
0,77821720915,246571053
0,77824015313,246624671
0,77826309711,246671587
0,77828604109,246587638
0,77830898507,246514183
0,77833192905,246574910
0,77835487303,246628046
0,78005771954,246674540
0,78005815154,246715222
0,78005858354,246750819
0,78005901554,246781966
0,78005944754,246809220
0,78005987954,246833067
0,78006031154,246978933
0,78006074354,247106566
0,78006117554,247218245
0,78006160754,247315964
0,78006203954,247401468
0,78006247154,247476284
0,78006290354,247541748
0,78006333554,247599029
0,78006376754,247649150
0,78006419954,247693006
0,78006463154,247731380
0,78006506354,247764957
0,78006549554,247794337
0,78006592754,247820044
0,78006635954,247842538
0,78006679154,247862220
0,78006722354,247754442
0,78006765554,247660136
0,78006808754,247577619
0,78006851954,247505416
0,78006895154,247442239
0,78006938354,247386959
0,78006981554,247338589
0,78007024754,247421265
0,78007067954,247493606
0,78007111154,247556905
0,78007154354,247612291
0,78008614996,247785754
0,78010909394,247812534
0,78013203792,247960967
0,78015498190,248090846
0,78017792588,248204490
0,78020086986,248303928
0,78022381384,248390937
0,78024675782,248467069
0,78026970180,248408685
0,78029264578,248482599
0,78031558976,248547274
0,78033853374,248478864
0,78036147772,248544006
0,78038442170,248601005
0,78040736568,248650879
0,78043030966,248694519
0,78045325364,248732704
0,78047619762,248766116
0,78049914160,248670351
0,78052208558,248711557
0,78054502956,248747612
0,78056797354,248779160
0,78059091752,248806765
0,78061386150,248830919
0,78063680548,248852054
0,78065974946,248745547
0,78068269344,248777353
0,78070563742,248805183
0,78072858140,248704535
0,78075152538,248741468
0,78077446936,248773784
0,78079741334,248802061
0,78082035732,248826803
0,78252320383,269848452
0,78252363583,266992395
0,78252406783,264493345
0,78252449983,262306676
0,78252493183,260393341
0,78252536383,258719173
0,78252579583,257254276
0,78252622783,255847491
0,78252665983,254616554
0,78252709183,253539484
0,78252752383,252597048
0,78252795583,251772417
0,78252838783,251050864
0,78252881983,250419506
0,78252925183,249867067
0,78252968383,249383683
0,78253011583,249085722
0,78253054783,248825006
0,78253097983,248596880
0,78253141183,248397270
0,78253184383,248222611
0,78253227583,248069784
0,78253270783,247936061
0,78253313983,247819053
0,78253357183,247716671
0,78253400383,247627087
0,78253443583,247548701
0,78253486783,247480113
0,78253529983,247420098
0,78253573183,247367585
0,78253616383,247196636
0,78253659583,247047056
0,78253702783,246916174
0,78255163425,247051652
0,78257457823,247295195
0,78259752221,247508295
0,78262046619,247694758
0,78264341017,247857913
0,78266635415,248000673
0,78268929813,248000588
0,78271224211,248125514
0,78273518609,248234824
0,78275813007,248330471
0,78278107405,248414162
0,78280401803,248487391
0,78282696201,248551467
0,78284990599,248482533
0,78287284997,248547216
0,78289579395,248603814
0,78291873793,248528337
0,78294168191,248587294
0,78296462589,248638882
0,78298756987,248684021
0,78301051385,248723518
0,78303345783,248758078
0,78305640181,248788318
0,78307934579,248689778
0,78310228977,248728555
0,78312523375,248762485
0,78314817773,248792174
0,78317112171,248818152
0,78319406569,248840883
0,78321700967,248860772
0,78323995365,248753175
0,78326289763,248784028
0,78328584161,248811024
0,78500016011,269959646
0,78500059211,267214690
0,78500102411,264812853
0,78500145611,262711246
0,78500188811,260872340
0,78500232011,259263297
0,78500275211,257855384
0,78500318411,256623461
0,78500361611,255545528
0,78500404811,254602337
0,78500448011,253777044
0,78500491211,253054913
0,78500534411,252423048
0,78500577611,251870167
0,78500620811,251386396
0,78500664011,250963096
0,78500707211,250592709
0,78500750411,250143620
0,78500793611,249750667
0,78500836811,249406833
0,78500880011,249105978
0,78500923211,248842730
0,78500966411,248612388
0,78501009611,248535839
0,78501052811,248468859
0,78501096011,248410251
0,78501139211,248358969
0,78501182411,248314097
0,78501225611,248274834
0,78501268811,248240479
0,78501312011,248210419
0,78501355211,248184116
0,78501398411,248161101
0,78501711854,248140963
0,78504006252,248248342
0,78506300650,248342299
0,78508595048,248424511
0,78510889446,248371447
0,78513183844,248450016
0,78515478242,248518764
0,78517772640,248578918
0,78520067038,248631553
0,78522361436,248677608
0,78524655834,248717907
0,78526950232,248628168
0,78529244630,248674647
0,78531539028,248715316
0,78533833426,248750901
0,78536127824,248782038
0,78538422222,248809283
0,78540716620,248833122
0,78543011018,248853981
0,78545305416,248872233
0,78547599814,248888203
0,78549894212,248777177
0,78552188610,248805029
0,78554483008,248829400
0,78556777406,248850725
0,78559071804,248869384
0,78561366202,248885711
0,78563660600,248899997
0,78565954998,248787497
0,78568249396,248814059
0,78570543794,248837301
0,78572838192,248857638
0,78575132590,248875433
0,78577426988,248891003
0,78748858838,248779627
0,78748902038,248682173
0,78748945238,248596901
0,78748988438,248522288
0,78749031638,248582002
0,78749074838,248634251
0,78749118038,248679969
0,78749161238,248719972
0,78749204438,248754975
0,78749247638,248785603
0,78749290838,248812402
0,78749334038,248835851
0,78749377238,248856369
0,78749420438,248874322
0,78749463638,248890031
0,78749506838,248903777
0,78749550038,248915804
0,78749593238,248926328
0,78749636438,248935537
0,78749679638,248943594
0,78749722838,248950644
0,78749766038,248956813
0,78749809238,248962211
0,78749852438,248841934
0,78749895638,248736692
0,78749938838,248644605
0,78749982038,248564029
0,78750025238,248618525
0,78750068438,248666209
0,78750111638,248707932
0,78750154838,248744440
0,78750198038,248776385
0,78750241238,248804336
0,78750554681,248828794
0,78752849079,248725194
0,78755143477,248759544
0,78757437875,248789601
0,78759732273,248815900
0,78762026671,248838912
0,78764321069,248859048
0,78766615467,248876667
0,78768909865,248767083
0,78771204263,248796197
0,78773498661,248821672
0,78775793059,248843963
0,78778087457,248863467
0,78780381855,248880533
0,78782676253,248895466
0,78784970651,248783532
0,78787265049,248810590
0,78789559447,248834266
0,78791853845,248729982
0,78794148243,248763734
0,78796442641,248793267
0,78798737039,248819108
0,78801031437,248841719
0,78803325835,248861504
0,78805620233,248878816
0,78807914631,248768964
0,78810209029,248797843
0,78812503427,248823112
0,78814797825,248845223
0,78817092223,248864570
0,78819386621,248881498
0,78821681019,248896310
0,78823975417,248784271
0,78826269815,248811237
0,78998848864,248959832
0,78998892064,249089853
0,78998935264,249203621
0,78998978464,249303168
0,78999021664,249390272
0,78999064864,249466488
0,78999108064,249533177
0,78999151264,249591529
0,78999194464,249642587
0,78999237664,249687263
0,78999280864,249726355
0,78999324064,249760560
0,78999367264,249790490
0,78999410464,249816678
0,78999453664,249839593
0,78999496864,249859643
0,78999540064,249877187
0,78999583264,249892538
0,78999626464,249905970
0,78999669664,249917723
0,78999712864,249928007
0,78999756064,249937006
0,78999799264,249944880
0,78999842464,249951770
0,78999885664,249957798
0,78999928864,249963073
0,78999972064,249967688
0,79000015264,249971727
0,79000058464,249975261
0,79000101664,249978353
0,79000144864,249981058
0,79000188064,249983425
0,79000231264,249985496
0,79000274464,249987309
0,79001691906,249863895
0,79003986304,249630908
0,79006280702,249552044
0,79008575100,249483038
0,79010869498,249297658
0,79013163896,249510450
0,79015458294,249696643
0,79017752692,249859562
0,79020047090,250127116
0,79022341488,250236226
0,79024635886,250331697
0,79026930284,250415234
0,79029224682,250488329
0,79031519080,250552287
0,79033813478,250608251
0,79036107876,250782219
0,79038402274,250809441
0,79040696672,250833260
0,79042991070,250854102
0,79045285468,250872339
0,79047579866,250888296
0,79049874264,250902259
0,79052168662,250914476
0,79054463060,250925166
0,79056757458,250934520
0,79059051856,251067705
0,79061346254,251059241
0,79063640652,251051835
0,79065935050,251045355
0,79068229448,251039685
0,79070523846,251034724
0,79072818244,251030383
0,79075112642,251151585
0,79247691691,272382636
0,79247734891,269459806
0,79247778091,266902330
0,79247821291,264664538
0,79247864491,262706470
0,79247907691,260868161
0,79247950891,259259640
0,79247994091,257852185
0,79248037291,256745661
0,79248080491,255777453
0,79248123691,254930271
0,79248166891,254188987
0,79248210091,253540363
0,79248253291,252972817
0,79248296491,252476214
0,79248339691,252041687
0,79248382891,251661476
0,79248426091,251328791
0,79248469291,251037692
0,79248512491,250782980
0,79248555691,250560107
0,79248598891,250365093
0,79248642091,250194456
0,79248685291,250045149
0,79248728491,249914505
0,79248771691,249800191
0,79248814891,249700167
0,79248858091,249612646
0,79248901291,249411065
0,79248944491,249234681
0,79248987691,249080345
0,79249030891,249070301
0,79249074091,249061513
0,79249117291,249053823
0,79250534733,249172095
0,79252829131,249400583
0,79255123529,249725510
0,79257417927,249884821
0,79259712325,250024218
0,79262006723,250271190
0,79264301121,250362291
0,79266595519,250442004
0,79268889917,250511753
0,79271184315,250572783
0,79273478713,250626185
0,79275773111,250672911
0,79278067509,250838797
0,79280361907,250858947
0,79282656305,250876578
0,79284950703,250892005
0,79287245101,250905504
0,79289539499,250917316
0,79291833897,250927651
0,79294128295,251061694
0,79296422693,251053982
0,79298717091,251047234
0,79301011489,251166329
0,79303305887,251145537
0,79305600285,251127344
0,79307894683,251111426
0,79310189081,251097497
0,79312483479,251085309
0,79314777877,251074645
0,79317072275,251190314
0,79319366673,251166524
0,79321661071,251145708
0,79323955469,251127494
0,79497681717,272486557
0,79497724917,269675737
0,79497768117,267216269
0,79497811317,265064235
0,79497854517,263181205
0,79497897717,261533554
0,79497940917,260091859
0,79497984117,258830376
0,79498027317,257851579
0,79498070517,256870131
0,79498113717,256011364
0,79498156917,255259943
0,79498200117,254602450
0,79498243317,254027143
0,79498286517,253523750
0,79498329717,253083281
0,79498372917,252697870
0,79498416117,252360636
0,79498459317,252065556
0,79498502517,251807361
0,79498545717,251581440
0,79498588917,251383760
0,79498632117,251210790
0,79498675317,251059441
0,79498718517,250927010
0,79498761717,250811133
0,79498804917,250709741
0,79498848117,250621023
0,79498891317,250543395
0,79498934517,250475470
0,79498977717,250416036
0,79499020917,250489031
0,79499064117,250427902
0,79499107317,250374414
0,79499377560,250327612
0,79501671958,250411660
0,79503966356,250485202
0,79506260754,250549551
0,79508555152,250605857
0,79510849550,250655124
0,79513143948,250698233
0,79515438346,250735953
0,79517732744,250768958
0,79520027142,250922838
0,79522321540,250932483
0,79524615938,250940922
0,79526910336,250948306
0,79529204734,250954767
0,79531499132,250960421
0,79533793530,250965368
0,79536087928,251094697
0,79538382326,251082859
0,79540676724,251072501
0,79542971122,251063438
0,79545265520,251055508
0,79547559918,251048569
0,79549854316,251042497
0,79552148714,251037184
0,79554443112,251032536
0,79556737510,251028469
0,79559031908,251149910
0,79561326306,251131171
0,79563620704,251114774
0,79565915102,251100427
0,79568209500,251087873
0,79570503898,251076888
0,79572798296,251067277
0,79575092694,251183867
0,79748818942,251160883
0,79748862142,251140772
0,79748905342,251123175
0,79748948542,251107778
0,79748991742,251094305
0,79749034942,251207516
0,79749078142,251306576
0,79749121342,251393254
0,79749164542,251344097
0,79749207742,251301084
0,79749250942,251263448
0,79749294142,251230517
0,79749337342,251201702
0,79749380542,251176489
0,79749423742,251154427
0,79749466942,251135123
0,79749510142,251118232
0,79749553342,251103453
0,79749596542,251090521
0,79749639742,251079205
0,79749682942,251069304
0,79749726142,251060641
0,79749769342,251053060
0,79749812542,251046427
0,79749855742,251040623
0,79749898942,251035545
0,79749942142,251031101
0,79749985342,251027213
0,79750028542,251148811
0,79750071742,251255209
0,79750114942,251348307
0,79750158142,251304768
0,79750201342,251266672
0,79750244542,251233338
0,79750514785,251204170
0,79752809183,251178648
0,79755103581,251281317
0,79757397979,251246152
0,79759692377,251215383
0,79761986775,251188460
0,79764281173,251164902
0,79766575571,251144289
0,79768869969,251126252
0,79771164367,251110470
0,79773458765,251096661
0,79775753163,251084578
0,79778047561,251199005
0,79780341959,251174129
0,79782636357,251152362
0,79784930755,251133316
0,79787225153,251116651
0,79789519551,251102069
0,79791813949,251089310
0,79794108347,251203146
0,79796402745,251177752
0,79798697143,251155533
0,79800991541,251136091
0,79803285939,251119079
0,79805580337,251104194
0,79807874735,251091169
0,79810169133,251079772
0,79812463531,251069800
0,79814757929,251061075
0,79817052327,251178440
0,79819346725,251156135
0,79821641123,251136618
0,79823935521,251119540
0,79826229919,251104597
0,80001103366,251341522
0,80001146566,251548831
0,80001189766,251730227
0,80001232966,251888948
0,80001276166,252027829
0,80001319366,252024350
0,80001362566,252021306
0,80001405766,252018642
0,80001448966,252016311
0,80001492166,252014272
0,80001535366,252012488
0,80001578566,252010927
0,80001621766,252009561
0,80001664966,252008365
0,80001708166,252007319
0,80001751366,252006404
0,80001794566,252005603
0,80001837766,252004902
0,80001880966,252004289
0,80001924166,252003752
0,80001967366,252003283
0,80002010566,252127872
0,80002053766,252236888
0,80002096966,252332277
0,80002140166,252415742
0,80002183366,252488774
0,80002226566,252552677
0,80002269766,252608592
0,80002312966,252532518
0,80002356166,252465953
0,80002399366,252407708
0,80002442566,252356744
0,80002485766,252312151
0,80002528966,252273132
0,80002572166,252238990
0,80003946408,252084116
0,80006240806,251948601
0,80008535204,251830025
0,80010829602,251726271
0,80013124000,251760487
0,80015418398,251665426
0,80017712796,251582247
0,80020007194,251634466
0,80022301592,251555157
0,80024595990,251485762
0,80026890388,251425041
0,80029184786,251746910
0,80031479184,251903546
0,80033773582,252040602
0,80036067980,252285526
0,80038362378,252499835
0,80040656776,252562355
0,80042951174,252617060
0,80045245572,252789927
0,80047539970,252816186
0,80049834368,252839162
0,80052128766,252984266
0,80054423164,253111232
0,80056717562,253097328
0,80059011960,253210162
0,80061306358,253308891
0,80063600756,253270279
0,80065895154,253236494
0,80068189552,253331932
0,80070483950,253290440
0,80072778348,253254135
0,80075072746,253347368
0,80077367144,253428947
0,80252240591,275000328
0,80252283791,272000287
0,80252326991,269375251
0,80252370191,267078344
0,80252413391,265068551
0,80252456591,263309982
0,80252499791,261771234
0,80252542991,260424829
0,80252586191,259246725
0,80252629391,258215884
0,80252672591,257313898
0,80252715791,256524660
0,80252758991,255834077
0,80252802191,255229817
0,80252845391,254701089
0,80252888591,254238452
0,80252931791,253833645
0,80252974991,253479439
0,80253018191,253294509
0,80253061391,253132695
0,80253104591,252991108
0,80253147791,252867219
0,80253190991,252633816
0,80253234191,252429589
0,80253277391,252250890
0,80253320591,252094528
0,80253363791,251957712
0,80253406991,251837998
0,80253450191,251733248
0,80253493391,251641592
0,80253536591,251561393
0,80253579791,251491218
0,80253622991,251429815
0,80253666191,251376088
0,80253709391,251329077
0,80255083633,251537942
0,80257378031,251845699
0,80259672429,251989986
0,80261966827,252116237
0,80264261225,252351707
0,80266555623,252432743
0,80268850021,252503650
0,80271144419,252690693
0,80273438817,252729356
0,80275733215,252763186
0,80278027613,252917787
0,80280322011,253053063
0,80282616409,253046430
0,80284910807,253040626
0,80287205205,253160547
0,80289499603,253140478
0,80291794001,253122918
0,80294088399,253232553
0,80296382797,253328483
0,80298677195,253287422
0,80300971593,253251494
0,80303265991,253345057
0,80305560389,253301924
0,80307854787,253264183
0,80310149185,253356160
0,80312443583,253311640
0,80314737981,253272685
0,80317032379,253363599
0,80319326777,253443149
0,80321621175,253387755
0,80323915573,253339285
0,80326209971,253421874
0,80328504369,253369139
0,80504525015,275072996
0,80504568215,272188871
0,80504611415,269665262
0,80504654615,267457104
0,80504697815,265524966
0,80504741015,263834345
0,80504784215,262355051
0,80504827415,261060669
0,80504870615,259928085
0,80504913815,258937074
0,80504957015,258069939
0,80505000215,257436196
0,80505043415,256881671
0,80505086615,256396462
0,80505129815,255971904
0,80505173015,255600416
0,80505216215,255275364
0,80505259415,254990943
0,80505302615,254742075
0,80505345815,254399315
0,80505389015,254099400
0,80505432215,253836975
0,80505475415,253607353
0,80505518615,253406433
0,80505561815,253230628
0,80505605015,253076799
0,80505648215,252942199
0,80505691415,252824424
0,80505734615,252721371
0,80505777815,252631199
0,80505821015,252552299
0,80505864215,252483261
0,80505907415,252422853
0,80505950615,252369996
0,80505993815,252323746
0,80506220858,252408277
0,80508515256,252482242
0,80510809654,252546961
0,80513104052,252728590
0,80515398450,252887516
0,80517692848,252901576
0,80519987246,252913879
0,80522281644,253049644
0,80524576042,253043438
0,80526870440,253038008
0,80529164838,253158257
0,80531459236,253138474
0,80533753634,253121164
0,80536048032,253231018
0,80538342430,253327140
0,80540636828,253286247
0,80542931226,253250466
0,80545225624,253344157
0,80547520022,253301137
0,80549814420,253263494
0,80552108818,253355557
0,80554403216,253436112
0,80556697614,253381598
0,80558992012,253333898
0,80561286410,253417160
0,80563580808,253365015
0,80565875206,253319388
0,80568169604,253404464
0,80570464002,253353906
0,80572758400,253309667
0,80575052798,253395958
0,80577347196,253471463
0,80579641594,253412530
0,80581935992,253360963
0,80757956638,253315842
0,80757999838,253276361
0,80758043038,253366815
0,80758086238,253445963
0,80758129438,253515217
0,80758172638,253575814
0,80758215838,253628837
0,80758259038,253675232
0,80758302238,253715828
0,80758345438,253751349
0,80758388638,253782430
0,80758431838,253684626
0,80758475038,253599047
0,80758518238,253524166
0,80758561438,253458645
0,80758604638,253401314
0,80758647838,253351149
0,80758691038,253307255
0,80758734238,253268848
0,80758777438,253235242
0,80758820638,253205836
0,80758863838,253180106
0,80758907038,253157592
0,80758950238,253137893
0,80758993438,253120656
0,80759036638,253230574
0,80759079838,253326752
0,80759123038,253410908
0,80759166238,253484544
0,80759209438,253548976
0,80759252638,253605354
0,80759295838,253654684
0,80759339038,253697848
0,80759382238,253735617
0,80759425438,253768664
0,80759652481,253672581
0,80761946879,253588508
0,80764241277,253639944
0,80766535675,253559951
0,80768830073,253489957
0,80771124471,253553712
0,80773418869,253609498
0,80775713267,253533310
0,80778007665,253591646
0,80780302063,253642690
0,80782596461,253562353
0,80784890859,253492058
0,80787185257,253555550
0,80789479655,253486106
0,80791774053,253425342
0,80794068451,253497174
0,80796362849,253560027
0,80798657247,253490023
0,80800951645,253428770
0,80803246043,253500173
0,80805540441,253437651
0,80807834839,253382944
0,80810129237,253460076
0,80812423635,253527566
0,80814718033,253461620
0,80817012431,253528917
0,80819306829,253587802
0,80821601227,253514326
0,80823895625,253450035
0,80826190023,253518780
0,80828484421,253453932
0,80830778819,253397190
0,80833073217,253472541
0,80835367615,253538473
0,81012535460,253721163
0,81012578660,253881017
0,81012621860,253895889
0,81012665060,253908902
0,81012708260,253920289
0,81012751460,253930252
0,81012794660,253938970
0,81012837860,253946598
0,81012881060,253953273
0,81012924260,253959113
0,81012967460,253964223
0,81013010660,254093695
0,81013053860,254206983
0,81013097060,254306110
0,81013140260,254392846
0,81013183460,254468740
0,81013226660,254535147
0,81013269860,254593253
0,81013313060,254644096
0,81013356260,254688584
0,81013399460,254727511
0,81013442660,254761572
0,81013485860,254791375
0,81013529060,254817453
0,81013572260,254840271
0,81013615460,254735237
0,81013658660,254643332
0,81013701860,254562915
0,81013745060,254492550
0,81013788260,254430981
0,81013831460,254377108
0,81013874660,254329969
0,81013917860,254288722
0,81013961060,254252631
0,81014004260,254346052
0,81014047460,254427795
0,81015378502,254374320
0,81017672900,254202530
0,81019967298,254052213
0,81022261696,254045686
0,81024556094,253914975
0,81026850492,253800603
0,81029144890,253825527
0,81031439288,253722336
0,81033733686,253632044
0,81036028084,253678038
0,81038322482,253718283
0,81040616880,253628497
0,81042911278,253549934
0,81045205676,253606192
0,81047500074,253530418
0,81049794472,253464115
0,81052088870,253531100
0,81054383268,253589712
0,81056677666,253515998
0,81058972064,253451498
0,81061266462,253520060
0,81063560860,253455052
0,81065855258,253398170
0,81068149656,253473398
0,81070444054,253414223
0,81072738452,253362445
0,81075032850,253442139
0,81077327248,253511871
0,81079621646,253822887
0,81081916044,253970026
0,81084210442,254223772
0,81086504840,254445800
0,81088799238,254515075
0,81265967083,276450690
0,81266010283,273644353
0,81266053483,271188808
0,81266096683,269040207
0,81266139883,267160181
0,81266183083,265515158
0,81266226283,264075763
0,81266269483,262816292
0,81266312683,261714255
0,81266355883,260749973
0,81266399083,259906226
0,81266442283,259167947
0,81266485483,258396953
0,81266528683,257722333
0,81266571883,257132041
0,81266615083,256615535
0,81266658283,256163593
0,81266701483,255768143
0,81266744683,255422125
0,81266787883,255119359
0,81266831083,254854439
0,81266874283,254622634
0,81266917483,254419804
0,81266960683,254242328
0,81267003883,254212037
0,81267047083,254185532
0,81267090283,254162340
0,81267133483,254142047
0,81267176683,254124291
0,81267219883,254108754
0,81267263083,254095159
0,81267306283,254083264
0,81267349483,254072856
0,81267392683,254063749
0,81267435883,254055780
0,81267479083,253923807
0,81268810125,253933331
0,81271104523,254191664
0,81273398921,254417706
0,81275693319,254615492
0,81277987717,254663555
0,81280282115,254830610
0,81282576513,254976783
0,81284870911,254979685
0,81287165309,255107224
0,81289459707,255218821
0,81291754105,255191468
0,81294048503,255292534
0,81296342901,255380967
0,81298637299,255458346
0,81300931697,255401052
0,81303226095,255475920
0,81305520493,255541430
0,81307814891,255473751
0,81310109289,255539532
0,81312403687,255597090
0,81314698085,255647453
0,81316992483,255566521
0,81319286881,255620705
0,81321581279,255668116
0,81323875677,255584601
0,81326170075,255636525
0,81328464473,255681959
0,81330758871,255596714
0,81333053269,255647124
0,81335347667,255691233
0,81337642065,255729828
0,81339936463,255638599
0,81342230861,255683774
0,81519398706,277598302
0,81519441906,274648514
0,81519485106,271942449
0,81519528306,269574642
0,81519571506,267502811
0,81519614706,265689959
0,81519657906,264103714
0,81519701106,262715749
0,81519744306,261501280
0,81519787506,260438620
0,81519830706,259508792
0,81519873906,258695193
0,81519917106,257983293
0,81519960306,257360381
0,81520003506,256940333
0,81520046706,256572791
0,81520089906,256251192
0,81520133106,255969793
0,81520176306,255723568
0,81520219506,255508122
0,81520262706,255319606
0,81520305906,255154655
0,81520349106,255010323
0,81520392306,254884032
0,81520435506,254773528
0,81520478706,254551837
0,81520521906,254357857
0,81520565106,254188124
0,81520608306,254039608
0,81520651506,253909657
0,81520694706,253795949
0,81520737906,253696455
0,81520781106,253609398
0,81520824306,253533223
0,81520867506,253466570
0,81520910706,253408248
0,81522241748,253607217
0,81524536146,253906314
0,81526830544,254043024
0,81529124942,254287646
0,81531419340,254501690
0,81533713738,254688978
0,81536008136,254852855
0,81538302534,254996248
0,81540596932,255121717
0,81542891330,255106502
0,81545185728,255218189
0,81547480126,255315915
0,81549774524,255276425
0,81552068922,255366871
0,81554363320,255446012
0,81556657718,255515260
0,81558952116,255450852
0,81561246514,255519495
0,81563540912,255579558
0,81565835310,255507113
0,81568129708,255568723
0,81570424106,255622632
0,81572718504,255669803
0,81575012902,255711077
0,81577307300,255747192
0,81579601698,255778793
0,81581896096,255681443
0,81584190494,255721262
0,81586484892,255756104
0,81588779290,255661591
0,81591073688,255703892
0,81593368086,255740905
0,81595662484,255773291
0,81773977528,277676629
0,81774020728,274842050
0,81774063928,272361793
0,81774107128,270191568
0,81774150328,268292622
0,81774193528,266631044
0,81774236728,265177163
0,81774279928,263905017
0,81774323128,262791889
0,81774366328,261817902
0,81774409528,260965664
0,81774452728,260219956
0,81774495928,259567461
0,81774539128,258996528
0,81774582328,258496962
0,81774625528,257934841
0,81774668728,257442985
0,81774711928,257012611
0,81774755128,256636034
0,81774798328,256306529
0,81774841528,256018212
0,81774884728,255765935
0,81774927928,255545193
0,81774971128,255352043
0,81775014328,255308037
0,81775057528,255269532
0,81775100728,255235840
0,81775143928,255206360
0,81775187128,255180565
0,81775230328,255157994
0,81775273528,255138244
0,81775316728,255120963
0,81775359928,255105842
0,81775403128,255092611
0,81775446328,255081034
0,81775489528,255070904
0,81775673371,255062041
0,81777967769,255054285
0,81780262167,255172499
0,81782556565,255275936
0,81784850963,255241444
0,81787145361,255336263
0,81789439759,255419230
0,81791734157,255366826
0,81794028555,255445972
0,81796322953,255515225
0,81798617351,255575821
0,81800911749,255503843
0,81803206147,255565862
0,81805500545,255620129
0,81807794943,255542612
0,81810089341,255599785
0,81812383739,255649811
0,81814678137,255693584
0,81816972535,255606886
0,81819266933,255656025
0,81821561331,255699021
0,81823855729,255611643
0,81826150127,255660187
0,81828444525,255702663
0,81830738923,255614830
0,81833033321,255662976
0,81835327719,255705104
0,81837622117,255741966
0,81839916515,255649220
0,81842210913,255693067
0,81844505311,255731433
0,81846799709,255640003
0,81849094107,255685002
0,81851388505,255724376
0,82029703549,255758829
0,82029746749,255663975
0,82029789949,255580978
0,82029833149,255508355
0,82029876349,255444810
0,82029919549,255389208
0,82029962749,255340557
0,82030005949,255422987
0,82030049149,255495113
0,82030092349,255558223
0,82030135549,255613445
0,82030178749,255661764
0,82030221949,255704043
0,82030265149,255741037
0,82030308349,255773407
0,82030351549,255801731
0,82030394749,255826514
0,82030437949,255848199
0,82030481149,255867174
0,82030524349,255883777
0,82030567549,255898304
0,82030610749,255911016
0,82030653949,255922139
0,82030697149,255931871
0,82030740349,255815387
0,82030783549,255713463
0,82030826749,255624280
0,82030869949,255546245
0,82030913149,255477964
0,82030956349,255418218
0,82030999549,255365940
0,82031042749,255445197
0,82031085949,255514547
0,82031129149,255575228
0,82031172349,255628324
0,82031215549,255674783
0,82031399392,255715435
0,82033693790,255751005
0,82035988188,255657129
0,82038282586,255699987
0,82040576984,255737488
0,82042871382,255645302
0,82045165780,255689639
0,82047460178,255728434
0,82049754576,255637379
0,82052048974,255682706
0,82054343372,255722367
0,82056637770,255757071
0,82058932168,255662437
0,82061226566,255704632
0,82063520964,255741553
0,82065815362,255648858
0,82068109760,255692750
0,82070404158,255731156
0,82072698556,255764761
0,82074992954,255669165
0,82077287352,255710519
0,82079581750,255746704
0,82081876148,255653366
0,82084170546,255696695
0,82086464944,255734608
0,82088759342,255642782
0,82091053740,255687434
0,82093348138,255726504
0,82095642536,255760691
0,82097936934,255665604
0,82100231332,255707403
0,82102525730,255743977
0,82104820128,255650979
0,82107114526,255694606
0,82286576769,255857780
0,82286619969,256000557
0,82286663169,256125487
0,82286706369,256234801
0,82286749569,256330450
0,82286792769,256414143
0,82286835969,256487375
0,82286879169,256426453
0,82286922369,256373146
0,82286965569,256326502
0,82287008769,256410689
0,82287051969,256484352
0,82287095169,256548808
0,82287138369,256605207
0,82287181569,256654556
0,82287224769,256697736
0,82287267969,256735519
0,82287311169,256768579
0,82287354369,256797506
0,82287397569,256822817
0,82287440769,256844964
0,82287483969,256864343
0,82287527169,256881300
0,82287570369,256896137
0,82287613569,256909119
0,82287656769,256920479
0,82287699969,256930419
0,82287743169,256939116
0,82287786369,256946726
0,82287829569,256953385
0,82287872769,256959211
0,82287915969,256964309
0,82287959169,256843770
0,82288002369,256863298
0,82288045569,256880385
0,82288088769,256895336
0,82288131969,256908419
0,82289419811,257044866
0,82291714209,257164257
0,82294008607,257393724
0,82296303005,257469508
0,82298597403,257535819
0,82300891801,257593841
0,82303186199,257644610
0,82305480597,257689033
0,82307774995,257727903
0,82310069393,257761915
0,82312363791,257791675
0,82314658189,257817715
0,82316952587,257840500
0,82319246985,257860437
0,82321541383,257877882
0,82323835781,257893146
0,82326130179,257906502
0,82328424577,257918189
0,82330718975,257928415
0,82333013373,258062363
0,82335307771,258054567
0,82337602169,258047746
0,82339896567,258041777
0,82342190965,258036554
0,82344485363,258031984
0,82346779761,258027986
0,82349074159,258024487
0,82351368557,258021426
0,82353662955,258018747
0,82355957353,258016403
0,82358251751,258014352
0,82360546149,258012558
0,82362840547,258010988
0,82542302790,280134614
0,82542345990,277117787
0,82542389190,274478063
0,82542432390,272168305
0,82542475590,270147266
0,82542518790,268378857
0,82542561990,266831499
0,82542605190,265477561
0,82542648390,264292865
0,82542691590,263256256
0,82542734790,262349224
0,82542777990,261430571
0,82542821190,260626749
0,82542864390,259923405
0,82542907590,259307979
0,82542950790,258769481
0,82542993990,258298295
0,82543037190,258011008
0,82543080390,257759632
0,82543123590,257539678
0,82543166790,257347218
0,82543209990,257178815
0,82543253190,257031463
0,82543296390,256902530
0,82543339590,256789713
0,82543382790,256690998
0,82543425990,256604623
0,82543469190,256529045
0,82543512390,256462914
0,82543555590,256405049
0,82543598790,256354417
0,82543641990,256310114
0,82543685190,256271349
0,82543728390,256237430
0,82543771590,256082751
0,82543814790,255947407
0,82543857990,255828981
0,82545145832,255975358
0,82547440230,256228438
0,82549734628,256449883
0,82552029026,256643647
0,82554323424,256813191
0,82556617822,256961542
0,82558912220,257091349
0,82561206618,257204930
0,82563501016,257304313
0,82565795414,257391273
0,82568089812,257467363
0,82570384210,257533942
0,82572678608,257592199
0,82574973006,257643174
0,82577267404,257687777
0,82579561802,257726804
0,82581856200,257760953
0,82584150598,257790833
0,82586444996,257816978
0,82588739394,257839855
0,82591033792,257859873
0,82593328190,257877388
0,82595622588,257892714
0,82597916986,257906124
0,82600211384,257917858
0,82602505782,257928125
0,82604800180,257937109
0,82607094578,257944970
0,82609388976,257951848
0,82611683374,257957867
0,82613977772,257963133
0,82616272170,257967741
0,82618566568,257971773
0,82799176010,280350301
0,82799219210,277431513
0,82799262410,274877573
0,82799305610,272642876
0,82799348810,270687516
0,82799392010,268976576
0,82799435210,267479504
0,82799478410,266169566
0,82799521610,265023370
0,82799564810,264020448
0,82799608010,263142892
0,82799651210,262375030
0,82799694410,261703151
0,82799737610,261115257
0,82799780810,260600849
0,82799824010,260150742
0,82799867210,259756899
0,82799910410,259412286
0,82799953610,258985750
0,82799996810,258612531
0,82800040010,258410964
0,82800083210,258234593
0,82800126410,258080268
0,82800169610,257945234
0,82800212810,257827079
0,82800256010,257723694
0,82800299210,257633232
0,82800342410,257554078
0,82800385610,257484818
0,82800428810,257424215
0,82800472010,257371188
0,82800515210,257324789
0,82800558410,257284190
0,82800601610,257248666
0,82800644810,257217582
0,82800688010,257190384
0,82800731210,257166586
0,82800871853,257145762
0,82803166251,257252541
0,82805460649,257345973
0,82807755047,257427726
0,82810049445,257499260
0,82812343843,257561852
0,82814638241,257616620
0,82816932639,257664542
0,82819227037,257706474
0,82821521435,257743164
0,82823815833,257775268
0,82826110231,257803359
0,82828404629,257827939
0,82830699027,257849446
0,82832993425,257868265
0,82835287823,257884731
0,82837582221,257899139
0,82839876619,257911746
0,82842171017,257922777
0,82844465415,257932429
0,82846759813,257940875
0,82849054211,257948265
0,82851348609,257954731
0,82853643007,257960389
0,82855937405,257965340
0,82858231803,257969672
0,82860526201,257973463
0,82862820599,257976780
0,82865114997,257979682
0,82867409395,257982221
0,82869703793,257984443
0,82871998191,257986387
0,82874292589,257988088
0,82876586987,257989577
0,83057196429,257990879
0,83057239629,257992019
0,83057282829,257993016
0,83057326029,257993889
0,83057369229,257994652
0,83057412429,257995320
0,83057455629,257995905
0,83057498829,257996416
0,83057542029,257996864
0,83057585229,257997256
0,83057628429,257997599
0,83057671629,257997899
0,83057714829,257998161
0,83057758029,257998390
0,83057801229,257998591
0,83057844429,257998767
0,83057887629,257998921
0,83057930829,257999055
0,83057974029,257999173
0,83058017229,258124276
0,83058060429,258108741
0,83058103629,258095148
0,83058146829,258083254
0,83058190029,258072847
0,83058233229,258063741
0,83058276429,258055773
0,83058319629,258048801
0,83058362829,258042700
0,83058406029,258037362
0,83058449229,258032691
0,83058492429,258028604
0,83058535629,258025028
0,83058578829,258021899
0,83058622029,258019161
0,83058665229,258016765
0,83058708429,258014669
0,83058751629,258012835
0,83058892272,258011230
0,83061186670,258009826
0,83063481068,258008597
0,83065775466,258007522
0,83068069864,258006581
0,83070364262,258005758
0,83072658660,258005038
0,83074953058,258004408
0,83077247456,258003857
0,83079541854,258003374
0,83081836252,258002952
0,83084130650,258002583
0,83086425048,258002260
0,83088719446,258001977
0,83091013844,258126729
0,83093308242,258110887
0,83095602640,258097026
0,83097897038,258084897
0,83100191436,258074284
0,83102485834,258064998
0,83104780232,258056873
0,83107074630,258049763
0,83109369028,258043542
0,83111663426,258038099
0,83113957824,258033336
0,83116252222,258029169
0,83118546620,258025522
0,83120841018,258022331
0,83123135416,258019539
0,83125429814,258017096
0,83127724212,258014959
0,83130018610,258138089
0,83132313008,258120827
0,83134607406,258105723
0,83316364047,258217507
0,83316407247,258315318
0,83316450447,258400903
0,83316493647,258475790
0,83316536847,258541316
0,83316580047,258598651
0,83316623247,258648819
0,83316666447,258692716
0,83316709647,258731126
0,83316752847,258764735
0,83316796047,258794143
0,83316839247,258819875
0,83316882447,258842390
0,83316925647,258862091
0,83316968847,258879329
0,83317012047,259019412
0,83317055247,259141985
0,83317098447,259249236
0,83317141647,259343081
0,83317184847,259300195
0,83317228047,259262670
0,83317271247,259229836
0,83317314447,259201106
0,83317357647,259175967
0,83317400847,259153971
0,83317444047,259134724
0,83317487247,259117883
0,83317530447,259103147
0,83317573647,259090253
0,83317616847,259078971
0,83317660047,259069099
0,83317703247,259060461
0,83317746447,259052903
0,83317789647,259046290
0,83317832847,259040503
0,83317876047,259035440
0,83317919247,259031010
0,83317962447,259027133
0,83319207089,258898741
0,83321501487,258786398
0,83323795885,258688098
0,83326090283,258602085
0,83328384681,258526824
0,83330679079,258460971
0,83332973477,258403349
0,83335267875,258352930
0,83337562273,258308813
0,83339856671,258270211
0,83342151069,258236434
0,83344445467,258206879
0,83346739865,258181019
0,83349034263,258533391
0,83351328661,258716717
0,83353623059,258877127
0,83355917457,259017486
0,83358211855,259265300
0,83360506253,259357137
0,83362800651,259437494
0,83365095049,259632807
0,83367389447,259678706
0,83369683845,259718867
0,83371978243,259754008
0,83374272641,259909757
0,83376567039,259921037
0,83378861437,259930907
0,83381155835,260064543
0,83383450233,260056475
0,83385744631,260049415
0,83388039029,260168238
0,83390333427,260147208
0,83392627825,260128807
0,83574384466,282612706
0,83574427666,279536117
0,83574470866,276844102
0,83574514066,274488589
0,83574557266,272427515
0,83574600466,270624075
0,83574643666,269046065
0,83574686866,267665306
0,83574730066,266457142
0,83574773266,265399999
0,83574816466,264474999
0,83574859666,263665624
0,83574902866,262957421
0,83574946066,262337743
0,83574989266,261795525
0,83575032466,261446084
0,83575075666,261015323
0,83575118866,260638407
0,83575162066,260308606
0,83575205266,260020030
0,83575248466,259767526
0,83575291666,259546585
0,83575334866,259353261
0,83575378066,259184103
0,83575421266,259036090
0,83575464466,258906578
0,83575507666,258793255
0,83575550866,258694098
0,83575594066,258607335
0,83575637266,258531418
0,83575680466,258464990
0,83575723666,258406866
0,83575766866,258356007
0,83575810066,258311506
0,83575853266,258272567
0,83575896466,258238496
0,83575939666,258208684
0,83575982866,258182598
0,83577227508,258409773
0,83579521906,258608551
0,83581816304,258782482
0,83584110702,259059671
0,83586405100,259177212
0,83588699498,259280060
0,83590993896,259370052
0,83593288294,259573795
0,83595582692,259627070
0,83597877090,259673686
0,83600171488,259839475
0,83602465886,259859540
0,83604760284,259877097
0,83607054682,260017459
0,83609349080,260015276
0,83611643478,260013366
0,83613937876,260011695
0,83616232274,260135233
0,83618526672,260118328
0,83620821070,260103537
0,83623115468,260215594
0,83625409866,260188644
0,83627704264,260165063
0,83629998662,260144430
0,83632293060,260251376
0,83634587458,260219954
0,83636881856,260192459
0,83639176254,260293401
0,83641470652,260256725
0,83643765050,260224634
0,83646059448,260321554
0,83648353846,260281359
0,83650648244,260246189
0,83833552084,282840415
0,83833595284,279860363
0,83833638484,277252817
0,83833681684,274971214
0,83833724884,272974812
0,83833768084,271227960
0,83833811284,269699465
0,83833854484,268362031
0,83833897684,267191777
0,83833940884,266167804
0,83833984084,265271828
0,83834027284,264612849
0,83834070484,264036242
0,83834113684,263531711
0,83834156884,263090247
0,83834200084,262703966
0,83834243284,262240970
0,83834286484,261835848
0,83834329684,261481367
0,83834372884,261171196
0,83834416084,260899796
0,83834459284,260662321
0,83834502484,260454530
0,83834545684,260272713
0,83834588884,260113623
0,83834632084,259974420
0,83834675284,259852617
0,83834718484,259746039
0,83834761684,259652784
0,83834804884,259571186
0,83834848084,259499787
0,83834891284,259437313
0,83834934484,259382648
0,83834977684,259334817
0,83835020884,259417964
0,83835064084,259490718
0,83835107284,259554378
0,83835150484,259610080
0,83835247927,259658820
0,83837542325,259701467
0,83839836723,259738783
0,83842131121,259896435
0,83844425519,259909380
0,83846719917,259920707
0,83849014315,260055618
0,83851308713,260173665
0,83853603111,260151956
0,83855897509,260132961
0,83858191907,260241340
0,83860486305,260211172
0,83862780703,260184775
0,83865075101,260286678
0,83867369499,260250843
0,83869663897,260219487
0,83871958295,260192051
0,83874252693,260293044
0,83876547091,260256413
0,83878841489,260224361
0,83881135887,260321315
0,83883430285,260281150
0,83885724683,260246006
0,83888019081,260340255
0,83890313479,260422723
0,83892607877,260369882
0,83894902275,260323646
0,83897196673,260408190
0,83899491071,260357166
0,83901785469,260312520
0,83904079867,260398455
0,83906374265,260348648
0,83908668663,260305067
0,83910963061,260266933
0,84093866901,260233566
0,84093910101,260204370
0,84093953301,260178823
0,84093996501,260156470
0,84094039701,260261911
0,84094082901,260354172
0,84094126101,260434900
0,84094169301,260505537
0,84094212501,260567344
0,84094255701,260621426
0,84094298901,260668747
0,84094342101,260585153
0,84094385301,260512008
0,84094428501,260448007
0,84094471701,260392006
0,84094514901,260343005
0,84094558101,260300129
0,84094601301,260262612
0,84094644501,260229785
0,84094687701,260201061
0,84094730901,260175928
0,84094774101,260153937
0,84094817301,260134694
0,84094860501,260117857
0,84094903701,260103124
0,84094946901,260090233
0,84094990101,260078953
0,84095033301,260194083
0,84095076501,260294822
0,84095119701,260382969
0,84095162901,260460097
0,84095206101,260527584
0,84095249301,260586636
0,84095292501,260638306
0,84095335701,260558517
0,84095378901,260488702
0,84095422101,260427614
0,84095465301,260374162
0,84095562744,260327391
0,84097857142,260286467
0,84100151540,260375658
0,84102445938,260328700
0,84104740336,260287612
0,84107034734,260376660
0,84109329132,260329577
0,84111623530,260288379
0,84113917928,260252331
0,84116212326,260345789
0,84118506724,260302565
0,84120801122,260264744
0,84123095520,260356651
0,84125389918,260312069
0,84127684316,260273060
0,84129978714,260238927
0,84132273112,260334061
0,84134567510,260292303
0,84136861908,260255765
0,84139156306,260348794
0,84141450704,260305194
0,84143745102,260267044
0,84146039500,260358663
0,84148333898,260313830
0,84150628296,260274601
0,84152922694,260240275
0,84155217092,260335240
0,84157511490,260293335
0,84159805888,260256668
0,84162100286,260349584
0,84164394684,260305886
0,84166689082,260267650
0,84168983480,260234193
0,84171277878,260329918
0,84355328917,260538678
0,84355372117,260721343
0,84355415317,260881175
0,84355458517,261021028
0,84355501717,261018399
0,84355544917,261016099
0,84355588117,261014086
0,84355631317,261012325
0,84355674517,261010784
0,84355717717,261009436
0,84355760917,261008256
0,84355804117,261007224
0,84355847317,261006321
0,84355890517,261005530
0,84355933717,261004838
0,84355976917,261004233
0,84356020117,261128703
0,84356063317,261237615
0,84356106517,261332913
0,84356149717,261416298
0,84356192917,261489260
0,84356236117,261553102
0,84356279317,261608964
0,84356322517,261657843
0,84356365717,261700612
0,84356408917,261738035
0,84356452117,261770780
0,84356495317,261674432
0,84356538517,261590128
0,84356581717,261516362
0,84356624917,261451816
0,84356668117,261395339
0,84356711317,261345921
0,84356754517,261302680
0,84356797717,261264845
0,84356840917,261231739
0,84356884117,261202771
0,84356927317,261177424
0,84356970517,261155246
0,84358171959,261135840
0,84360466357,260993860
0,84362760755,260869627
0,84365055153,260885923
0,84367349551,260775182
0,84369643949,260678284
0,84371938347,260593498
0,84374232745,260644310
0,84376527143,260563771
0,84378821541,260493299
0,84381115939,260556636
0,84383410337,260487056
0,84385704735,260426174
0,84387999133,260372902
0,84390293531,260451289
0,84392587929,260394877
0,84394882327,260345517
0,84397176725,260427327
0,84399471123,260373911
0,84401765521,260327172
0,84404059919,260411275
0,84406354317,260359865
0,84408648715,260314881
0,84410943113,260275520
0,84413237511,260366080
0,84415531909,260320320
0,84417826307,260280280
0,84420120705,260370245
0,84422415103,260323964
0,84424709501,260283468
0,84427003899,260373034
0,84429298297,260451404
0,84431592695,260394978
0,84615643734,283345605
0,84615686934,280427404
0,84615730134,277873978
0,84615773334,275639730
0,84615816534,273684763
0,84615859734,271974167
0,84615902934,270477396
0,84615946134,269167721
0,84615989334,268021755
0,84616032534,267144035
0,84616075734,266376030
0,84616118934,265704026
0,84616162134,265116022
0,84616205334,264601519
0,84616248534,264151329
0,84616291734,263757412
0,84616334934,263412735
0,84616378134,262986143
0,84616421334,262612875
0,84616464534,262286265
0,84616507734,262000481
0,84616550934,261750420
0,84616594134,261531617
0,84616637334,261340164
0,84616680534,261172643
0,84616723734,261026062
0,84616766934,260897804
0,84616810134,260785578
0,84616853334,260687380
0,84616896534,260601457
0,84616939734,260526274
0,84616982934,260460489
0,84617026134,260527927
0,84617069334,260586936
0,84617112534,260638569
0,84617155734,260683747
0,84617198934,260723278
0,84617242134,260757868
0,84617285334,260788134
0,84618486776,260939617
0,84620781174,261072164
0,84623075572,261313143
0,84625369970,261524000
0,84627664368,261583500
0,84629958766,261635562
0,84632253164,261806116
0,84634547562,261955351
0,84636841960,261960932
0,84639136358,262090815
0,84641430756,262204463
0,84643725154,262178905
0,84646019552,262281541
0,84648313950,262371348
0,84650608348,262449929
0,84652902746,262393687
0,84655197144,262469476
0,84657491542,262535791
0,84659785940,262468817
0,84662080338,262535214
0,84664374736,262593312
0,84666669134,262519148
0,84668963532,262454254
0,84671257930,262522472
0,84673552328,262582163
0,84675846726,262509392
0,84678141124,262570718
0,84680435522,262624378
0,84682729920,262546330
0,84685024318,262603038
0,84687318716,262652658
0,84689613114,262571075
0,84691907512,262499690
0,84875958551,285187228
0,84876001751,282163824
0,84876044951,279518346
0,84876088151,277203552
0,84876131351,275178108
0,84876174551,273405844
0,84876217751,271855113
0,84876260951,270498223
0,84876304151,269310945
0,84876347351,268272076
0,84876390551,267238066
0,84876433751,266333307
0,84876476951,265541643
0,84876520151,264848937
0,84876563351,264242819
0,84876606551,263712466
0,84876649751,263248407
0,84876692951,262842356
0,84876736151,262487061
0,84876779351,262176178
0,84876822551,261904155
0,84876865751,261666135
0,84876908951,261457868
0,84876952151,261275634
0,84876995351,261116179
0,84877038551,261101656
0,84877081751,261088949
0,84877124951,261077830
0,84877168151,261068101
0,84877211351,261059588
0,84877254551,261052139
0,84877297751,261045621
0,84877340951,261039918
0,84877384151,260909928
0,84877427351,260796187
0,84877470551,260696663
0,84877513751,260609580
0,84877556951,260533382
0,84877600151,260466709
0,84878801593,260533370
0,84881095991,260841698
0,84883390389,261111485
0,84885684787,261222549
0,84887979185,261319730
0,84890273583,261529763
0,84892567981,261713542
0,84894862379,261749349
0,84897156777,261905680
0,84899451175,262042470
0,84901745573,262037161
0,84904039971,262157515
0,84906334369,262262825
0,84908628767,262229971
0,84910923165,262201224
0,84913217563,262301071
0,84915511961,262388437
0,84917806359,262339882
0,84920100757,262422396
0,84922395155,262494596
0,84924689553,262432771
0,84926983951,262378674
0,84929278349,262456339
0,84931572747,262524296
0,84933867145,262458759
0,84936161543,262526414
0,84938455941,262585612
0,84940750339,262512410
0,84943044737,262573358
0,84945339135,262626688
0,84947633533,262548352
0,84949927931,262479808
0,84952222329,262544832
0,85137420567,285476728
0,85137463767,282542137
0,85137506967,279849369
0,85137550167,277493197
0,85137593367,275431547
0,85137636567,273627603
0,85137679767,272049152
0,85137722967,270668008
0,85137766167,269459507
0,85137809367,268402068
0,85137852567,267476809
0,85137895767,266667207
0,85137938967,265958806
0,85137982167,265338955
0,85138025367,264921585
0,85138068567,264556386
0,85138111767,264236837
0,85138154967,263957232
0,85138198167,263712578
0,85138241367,263498505
0,85138284567,263311191
0,85138327767,263147292
0,85138370967,263003880
0,85138414167,262878395
0,85138457367,262768595
0,85138500567,262672520
0,85138543767,262463455
0,85138586967,262280523
0,85138630167,262120457
0,85138673367,261980399
0,85138716567,261857849
0,85138759767,261750617
0,85138802967,261656789
0,85138846167,261574690
0,85138889367,261502853
0,85138932567,261439996
0,85138975767,261384996
0,85139018967,261461871
0,85139062167,261529137
0,85139116410,261587994
0,85141410808,261764494
0,85143705206,261793932
0,85145999604,261819690
0,85148294002,261967228
0,85150588400,262096324
0,85152882798,262084283
0,85155177196,262198747
0,85157471594,262298903
0,85159765992,262261540
0,85162060390,262353847
0,85164354788,262434616
0,85166649186,262380289
0,85168943584,262332752
0,85171237982,262416158
0,85173532380,262489138
0,85175826778,262427995
0,85178121176,262499495
0,85180415574,262562058
0,85182709972,262491800
0,85185004370,262555325
0,85187298768,262610909
0,85189593166,262659545
0,85191887564,262577101
0,85194181962,262629963
0,85196476360,262676217
0,85198770758,262591689
0,85201065156,262642727
0,85203359554,262687386
0,85205653952,262601462
0,85207948350,262526279
0,85210242748,262585494
0,85212537146,262637307
0,85214831544,262557643
0,85400029782,262612937
0,85400072982,262661319
0,85400116182,262703654
0,85400159382,262740697
0,85400202582,262773109
0,85400245782,262801470
0,85400288982,262826286
0,85400332182,262848000
0,85400375382,262867000
0,85400418582,262883625
0,85400461782,262898171
0,85400504982,262910899
0,85400548182,262922036
0,85400591382,262931781
0,85400634582,262815308
0,85400677782,262713394
0,85400720982,262624219
0,85400764182,262546191
0,85400807382,262477917
0,85400850582,262418177
0,85400893782,262365904
0,85400936982,262320166
0,85400980182,262280145
0,85401023382,262370126
0,85401066582,262448860
0,85401109782,262517752
0,85401152982,262578033
0,85401196182,262630778
0,85401239382,262676930
0,85401282582,262717313
0,85401325782,262752648
0,85401368982,262783567
0,85401412182,262810621
0,85401455382,262834293
0,85401498582,262855006
0,85401541782,262873130
0,85401584982,262888988
0,85401628182,262777864
0,85401671382,262680631
0,85401725625,262595552
0,85404020023,262646108
0,85406314421,262690344
0,85408608819,262729051
0,85410903217,262637919
0,85413197615,262683179
0,85415492013,262722781
0,85417786411,262632433
0,85420080809,262678378
0,85422375207,262718580
0,85424669605,262628757
0,85426964003,262550162
0,85429258401,262606391
0,85431552799,262655592
0,85433847197,262573643
0,85436141595,262626937
0,85438435993,262673569
0,85440730391,262589372
0,85443024789,262640700
0,85445319187,262685612
0,85447613585,262599910
0,85449907983,262524921
0,85452202381,262584305
0,85454496779,262636266
0,85456791177,262556732
0,85459085575,262612140
0,85461379973,262660622
0,85463674371,262578044
0,85465968769,262505788
0,85468263167,262567564
0,85470557565,262621618
0,85472851963,262543915
0,85475146361,262600925
0,85477440759,262650809
0,85663786196,262694457
0,85663829396,262732649
0,85663872596,262766067
0,85663915796,262795308
0,85663958996,262820894
0,85664002196,262968282
0,85664045396,263097246
0,85664088596,263210090
0,85664131796,263308828
0,85664174996,263395224
0,85664218196,263470821
0,85664261396,263536968
0,85664304596,263594847
0,85664347796,263645491
0,85664390996,263689804
0,85664434196,263728578
0,85664477396,263762505
0,85664520596,263792191
0,85664563796,263818167
0,85664606996,263840896
0,85664650196,263860784
0,85664693396,263878186
0,85664736596,263893412
0,85664779796,263906735
0,85664822996,263793393
0,85664866196,263694218
0,85664909396,263607440
0,85664952596,263531510
0,85664995796,263465071
0,85665038996,263531937
0,85665082196,263590444
0,85665125396,263641638
0,85665168596,263686433
0,85665211796,263725628
0,85665254996,263759924
0,85665298196,263789933
0,85665341396,263816191
0,85665384596,263839167
0,85665427796,263859271
0,85665470996,263876862
0,85666629238,264017254
0,85668923636,264015097
0,85671218034,264138209
0,85673512432,264245932
0,85675806830,264340190
0,85678101228,264422666
0,85680395626,264494832
0,85682690024,264557978
0,85684984422,264488230
0,85687278820,264552201
0,85689573218,264608175
0,85691867616,264657153
0,85694162014,264700008
0,85696456412,264737507
0,85698750810,264770318
0,85701045208,264799028
0,85703339606,264824149
0,85705634004,264846130
0,85707928402,264740363
0,85710222800,264772817
0,85712517198,264801214
0,85714811596,264826062
0,85717105994,264847804
0,85719400392,264866828
0,85721694790,264883474
0,85723989188,264773039
0,85726283586,264801409
0,85728577984,264826232
0,85730872382,264847953
0,85733166780,264866958
0,85735461178,264883588
0,85737755576,264898139
0,85740049974,264910871
0,85926395411,287922012
0,85926438611,284806760
0,85926481811,282080915
0,85926525011,279695800
0,85926568211,277608825
0,85926611411,275782721
0,85926654611,274059880
0,85926697811,272552395
0,85926741011,271233345
0,85926784211,270079176
0,85926827411,269069279
0,85926870611,268185619
0,85926913811,267412416
0,85926957011,266735864
0,85927000211,266268881
0,85927043411,265860270
0,85927086611,265502736
0,85927129811,265189894
0,85927173011,264916157
0,85927216211,264676637
0,85927259411,264467057
0,85927302611,264283674
0,85927345811,264123214
0,85927389011,263982812
0,85927432211,263859960
0,85927475411,263752465
0,85927518611,263658406
0,85927561811,263576105
0,85927605011,263504091
0,85927648211,263441079
0,85927691411,263260944
0,85927734611,263103326
0,85927777811,262965410
0,85927821011,262844733
0,85927864211,262739141
0,85927907411,262646748
0,85927950611,262565904
0,85927993811,262495166
0,85928037011,262558270
0,85928080211,262613486
0,85929238453,262786800
0,85931532851,263063450
0,85933827249,263305518
0,85936121647,263517328
0,85938416045,263702662
0,85940710443,263864829
0,85943004841,264006725
0,85945299239,264130884
0,85947593637,264239523
0,85949888035,264334582
0,85952182433,264417759
0,85954476831,264490539
0,85956771229,264554221
0,85959065627,264609943
0,85961360025,264658700
0,85963654423,264701362
0,85965948821,264613691
0,85968243219,264661979
0,85970537617,264704231
0,85972832015,264741202
0,85975126413,264773551
0,85977420811,264801857
0,85979715209,264826624
0,85982009607,264848296
0,85984304005,264867259
0,85986598403,264883851
0,85988892801,264898369
0,85991187199,264911072
0,85993481597,264922188
0,85995775995,264931914
0,85998070393,264940424
0,86000364791,264947871
0,86002659189,264954387
0,86190151825,288085088
0,86190195025,285074452
0,86190238225,282440145
0,86190281425,280135126
0,86190324625,278118235
0,86190367825,276353455
0,86190411025,274809273
0,86190454225,273458113
0,86190497425,272275848
0,86190540625,271241367
0,86190583825,270336196
0,86190627025,269544171
0,86190670225,268851149
0,86190713425,268244755
0,86190756625,267714160
0,86190799825,267124890
0,86190843025,266609278
0,86190886225,266158118
0,86190929425,265763353
0,86190972625,265417933
0,86191015825,265240691
0,86191059025,265085604
0,86191102225,264949903
0,86191145425,264831165
0,86191188625,264727269
0,86191231825,264636360
0,86191275025,264556815
0,86191318225,264487213
0,86191361425,264426311
0,86191404625,264373022
0,86191447825,264326394
0,86191491025,264285594
0,86191534225,264249894
0,86191577425,264218657
0,86191620625,264191324
0,86191663825,264167408
0,86191707025,264146482
0,86191750225,264128171
0,86191793425,264112149
0,86191836625,263973130
0,86191879825,263851488
0,86194142066,263995052
0,86196436464,264120670
0,86198730862,264230586
0,86201025260,264326762
0,86203319658,264410916
0,86205614056,264484551
0,86207908454,264423982
0,86210202852,264495984
0,86212497250,264558986
0,86214791648,264614112
0,86217086046,264662348
0,86219380444,264704554
0,86221674842,264741484
0,86223969240,264648798
0,86226263638,264692698
0,86228558036,264731110
0,86230852434,264764721
0,86233146832,264794130
0,86235441230,264819863
0,86237735628,264842380
0,86240030026,264862082
0,86242324424,264879321
0,86244618822,264894405
0,86246913220,264782604
0,86249207618,264809778
0,86251502016,264833555
0,86253796414,264854360
0,86256090812,264872565
0,86258385210,264888494
0,86260679608,264902432
0,86262974006,264789628
0,86265268404,264815924
0,86267562802,264838933
0,86455055438,264859066
0,86455098638,264876682
0,86455141838,264892096
0,86455185038,264905584
0,86455228238,264917386
0,86455271438,264927712
0,86455314638,264936748
0,86455357838,264944654
0,86455401038,264951572
0,86455444238,264957625
0,86455487438,264962921
0,86455530638,264967555
0,86455573838,264971610
0,86455617038,264975158
0,86455660238,264978263
0,86455703438,264980980
0,86455746638,264983357
0,86455789838,264985437
0,86455833038,264987257
0,86455876238,264988849
0,86455919438,264865242
0,86455962638,264757086
0,86456005838,264787450
0,86456049038,264814018
0,86456092238,264837265
0,86456135438,264857606
0,86456178638,264875405
0,86456221838,264890979
0,86456265038,264904606
0,86456308238,264916530
0,86456351438,264926963
0,86456394638,264936092
0,86456437838,264944080
0,86456481038,264951070
0,86456524238,264957186
0,86456567438,264962537
0,86456610638,264967219
0,86456653838,264971316
0,86456697038,264974901
0,86456740238,264978038
0,86456783438,264980783
0,86459045679,264983185
0,86461340077,264985286
0,86463634475,264987125
0,86465928873,264863734
0,86468223271,264880767
0,86470517669,264895671
0,86472812067,264908712
0,86475106465,264920123
0,86477400863,264930107
0,86479695261,264938843
0,86481989659,264821487
0,86484284057,264843801
0,86486578455,264863325
0,86488872853,264880409
0,86491167251,264895357
0,86493461649,264908437
0,86495756047,264919882
0,86498050445,264929896
0,86500344843,264938659
0,86502639241,264946326
0,86504933639,264828035
0,86507228037,264849530
0,86509522435,264868338
0,86511816833,264884795
0,86514111231,264899195
0,86516405629,264911795
0,86518700027,264922820
0,86520994425,264807467
0,86523288823,264831533
0,86525583221,264852591
0,86527877619,264871017
0,86530172017,264887139
0,86532466415,264901246
0,86721106250,265038590
0,86721149450,265158766
0,86721192650,265263920
0,86721235850,265355930
0,86721279050,265436438
0,86721322250,265506883
0,86721365450,265568522
0,86721408650,265622456
0,86721451850,265669649
0,86721495050,265710942
0,86721538250,265747074
0,86721581450,265778689
0,86721624650,265806352
0,86721667850,265830558
0,86721711050,265851738
0,86721754250,265870270
0,86721797450,265886486
0,86721840650,265900675
0,86721883850,265913090
0,86721927050,265923953
0,86721970250,265933458
0,86722013450,266066775
0,86722056650,266058428
0,86722099850,266051124
0,86722143050,266044733
0,86722186250,266039141
0,86722229450,266034248
0,86722272650,266029967
0,86722315850,266026221
0,86722359050,266022943
0,86722402250,266020075
0,86722445450,266017565
0,86722488650,266015369
0,86722531850,266013447
0,86722575050,266011766
0,86722618250,266010295
0,86722661450,266009008
0,86722704650,266007882
0,86722747850,266006896
0,86722791050,266006034
0,86722834250,266005279
0,86723949292,266129619
0,86726243690,266238416
0,86728538088,266333614
0,86730832486,266416912
0,86733126884,266614798
0,86735421282,266662948
0,86737715680,266705079
0,86740010078,266866944
0,86742304476,266883576
0,86744598874,266898129
0,86746893272,266910862
0,86749187670,267047004
0,86751482068,267041128
0,86753776466,267035987
0,86756070864,267156488
0,86758365262,267136927
0,86760659660,267119811
0,86762954058,267104834
0,86765248456,267091729
0,86767542854,267080262
0,86769837252,267070229
0,86772131650,267186450
0,86774426048,267163143
0,86776720446,267142750
0,86779014844,267249906
0,86781309242,267218667
0,86783603640,267191333
0,86785898038,267167416
0,86788192436,267271489
0,86790486834,267237552
0,86792781232,267207858
0,86795075630,267306875
0,86797370028,267268515
0,86986009863,290609950
0,86986053063,287408706
0,86986096263,284607617
0,86986139463,282156664
0,86986182663,280012081
0,86986225863,278135570
0,86986269063,276493623
0,86986312263,275056920
0,86986355463,273799805
0,86986398663,272699829
0,86986441863,271737350
0,86986485063,270895181
0,86986528263,270158283
0,86986571463,269513497
0,86986614663,268949309
0,86986657863,268455645
0,86986701063,268023689
0,86986744263,267645727
0,86986787463,267315011
0,86986830663,267025634
0,86986873863,266772429
0,86986917063,266550875
0,86986960263,266232015
0,86987003463,266078013
0,86987046663,265943261
0,86987089863,265825353
0,86987133063,265722183
0,86987176263,265631910
0,86987219463,265552921
0,86987262663,265483805
0,86987305863,265423329
0,86987349063,265370412
0,86987392263,265324110
0,86987435463,265283596
0,86987478663,265248146
0,86987521863,265217127
0,86987565063,265189986
0,86987608263,265166237
0,86987651463,265145457
0,86987694663,265127274
0,86987737863,265111364
0,86988852905,265222443
0,86991147303,265569637
0,86993441701,265748432
0,86995736099,265904878
0,86998030497,266166768
0,87000324895,266270922
0,87002619293,266362056
0,87004913691,266441799
0,87007208089,266511574
0,87009502487,266572627
0,87011796885,266626048
0,87014091283,266797792
0,87016385681,266823068
0,87018680079,266845184
0,87020974477,266864536
0,87023268875,266881469
0,87025563273,266896285
0,87027857671,266909249
0,87030152069,267045592
0,87032446467,267039893
0,87034740865,267034906
0,87037035263,267155542
0,87039329661,267136099
0,87041624059,267119086
0,87043918457,267104200
0,87046212855,267091175
0,87048507253,267079778
0,87050801651,267069805
0,87053096049,267186079
0,87055390447,267162819
0,87057684845,267142466
0,87059979243,267124657
0,87062273641,267109074
0,87252060675,290595439
0,87252103875,287521009
0,87252147075,284830882
0,87252190275,282477021
0,87252233475,280417393
0,87252276675,278615218
0,87252319875,277038315
0,87252363075,275658525
0,87252406275,274451209
0,87252449475,273394807
0,87252492675,272470456
0,87252535875,271661649
0,87252579075,270953942
0,87252622275,270334699
0,87252665475,269792861
0,87252708675,269318753
0,87252751875,268903908
0,87252795075,268540919
0,87252838275,268223304
0,87252881475,267945391
0,87252924675,267702217
0,87252967875,267489439
0,87253011075,267428259
0,87253054275,267374726
0,87253097475,267202885
0,87253140675,267052524
0,87253183875,266920958
0,87253227075,266805838
0,87253270275,266705108
0,87253313475,266616969
0,87253356675,266539847
0,87253399875,266472366
0,87253443075,266413320
0,87253486275,266361655
0,87253529475,266316448
0,87253572675,266276892
0,87253615875,266242280
0,87253659075,266211995
0,87253702275,266185495
0,87253745475,266162308
0,87253788675,266142019
0,87253831875,266124266
0,87256050916,266358732
0,87258345314,266438890
0,87260639712,266509028
0,87262934110,266570399
0,87265228508,266624099
0,87267522906,266671086
0,87269817304,266712200
0,87272111702,266873175
0,87274406100,266889028
0,87276700498,266902899
0,87278994896,266915036
0,87281289294,266925656
0,87283583692,266934949
0,87285878090,266943080
0,87288172488,267075195
0,87290466886,267065795
0,87292761284,267057570
0,87295055682,267175373
0,87297350080,267153451
0,87299644478,267134269
0,87301938876,267117485
0,87304233274,267102799
0,87306527672,267089949
0,87308822070,267078705
0,87311116468,267193866
0,87313410866,267169632
0,87315705264,267148428
0,87317999662,267129874
0,87320294060,267113639
0,87322588458,267099434
0,87324882856,267087004
0,87327177254,267201128
0,87329471652,267175987
0,87519258686,267153988
0,87519301886,267134739
0,87519345086,267117896
0,87519388286,267103159
0,87519431486,267090264
0,87519474686,267078981
0,87519517886,267069108
0,87519561086,267060469
0,87519604286,267052910
0,87519647486,267046296
0,87519690686,267040509
0,87519733886,267035445
0,87519777086,267031014
0,87519820286,267027137
0,87519863486,267023744
0,87519906686,267020776
0,87519949886,267018179
0,87519993086,267015906
0,87520036286,267138917
0,87520079486,267246552
0,87520122686,267340733
0,87520165886,267423141
0,87520209086,267370248
0,87520252286,267323967
0,87520295486,267283471
0,87520338686,267248037
0,87520381886,267217032
0,87520425086,267189903
0,87520468286,267166165
0,87520511486,267145394
0,87520554686,267127219
0,87520597886,267111316
0,87520641086,267097401
0,87520684286,267085225
0,87520727486,267074571
0,87520770686,267065249
0,87520813886,267057092
0,87520857086,267049955
0,87520900286,267043710
0,87520943486,267038246
0,87520986686,267033465
0,87521029886,267154281
0,87523248927,267134995
0,87525543325,267118120
0,87527837723,267103355
0,87530132121,267215435
0,87532426519,267188505
0,87534720917,267164941
0,87537015315,267269323
0,87539309713,267235657
0,87541604111,267206199
0,87543898509,267180424
0,87546192907,267282871
0,87548487305,267247512
0,87550781703,267216573
0,87553076101,267314501
0,87555370499,267275188
0,87557664897,267240789
0,87559959295,267210690
0,87562253693,267184353
0,87564548091,267161308
0,87566842489,267141144
0,87569136887,267248501
0,87571431285,267217438
0,87573725683,267190258
0,87576020081,267291475
0,87578314479,267255040
0,87580608877,267223160
0,87582903275,267195265
0,87585197673,267295856
0,87587492071,267258874
0,87589786469,267226514
0,87592080867,267323199
0,87594375265,267282799
0,87596669663,267247449
0,87787603896,267341517
0,87787647096,267423827
0,87787690296,267495848
0,87787733496,267558867
0,87787776696,267614008
0,87787819896,267662257
0,87787863096,267704474
0,87787906296,267741414
0,87787949496,267773737
0,87787992696,267802019
0,87788035896,267951766
0,87788079096,268082795
0,87788122296,268197445
0,87788165496,268297764
0,87788208696,268385543
0,87788251896,268462350
0,87788295096,268529556
0,87788338296,268588361
0,87788381496,268514815
0,87788424696,268450463
0,87788467896,268394155
0,87788511096,268344885
0,87788554296,268301774
0,87788597496,268264052
0,87788640696,268231045
0,87788683896,268202164
0,87788727096,268176893
0,87788770296,268154781
0,87788813496,268135433
0,87788856696,268118503
0,87788899896,268103690
0,87788943096,268090728
0,87788986296,268079387
0,87789029496,268194463
0,87789072696,268295155
0,87789115896,268383260
0,87789159096,268460352
0,87789202296,268527808
0,87789245496,268586832
0,87789288696,268638478
0,87789331896,268683668
0,87789375096,268723209
0,87790446938,268757807
0,87792741336,268788081
0,87795035734,268939570
0,87797330132,269072123
0,87799624530,269063107
0,87801918928,269055218
0,87804213326,269173315
0,87806507724,269151650
0,87808802122,269132693
0,87811096520,269241106
0,87813390918,269335967
0,87815685316,269293971
0,87817979714,269257224
0,87820274112,269350071
0,87822568510,269306312
0,87824862908,269268023
0,87827157306,269359520
0,87829451704,269439580
0,87831746102,269384632
0,87834040500,269461553
0,87836334898,269528858
0,87838629296,269462750
0,87840923694,269404906
0,87843218092,269479292
0,87845512490,269419380
0,87847806888,269366957
0,87850101286,269446087
0,87852395684,269515326
0,87854690082,269450910
0,87856984480,269394546
0,87859278878,269470227
0,87861573276,269411448
0,87863867674,269360017
0,88054801907,292940014
0,88054845107,289697512
0,88054888307,286860323
0,88054931507,284377782
0,88054974707,282205559
0,88055017907,280429864
0,88055061107,278876131
0,88055104307,277516614
0,88055147507,276327037
0,88055190707,275286157
0,88055233907,274375387
0,88055277107,273453463
0,88055320307,272646780
0,88055363507,271940932
0,88055406707,271323315
0,88055449907,270782900
0,88055493107,270310037
0,88055536307,269896282
0,88055579507,269534246
0,88055622707,269217465
0,88055665907,268940281
0,88055709107,268697745
0,88055752307,268485526
0,88055795507,268299835
0,88055838707,268137355
0,88055881907,267995185
0,88055925107,267870786
0,88055968307,267761937
0,88056011507,267791694
0,88056054707,267817732
0,88056097907,267840515
0,88056141107,267860450
0,88056184307,267877893
0,88056227507,267893156
0,88056270707,267781511
0,88056313907,267683822
0,88056357107,267598344
0,88056400307,267523551
0,88056443507,267458107
0,88056486707,267400843
0,88056529907,267350737
0,88056573107,267306894
0,88057644949,267393532
0,88059939347,267594340
0,88062233745,267895047
0,88064528143,268033166
0,88066822541,268154020
0,88069116939,268384767
0,88071411337,268586671
0,88073705735,268638337
0,88076000133,268808544
0,88078294531,268957476
0,88080588929,268962791
0,88082883327,268967442
0,88085177725,269096511
0,88087472123,269209447
0,88089766521,269183266
0,88092060919,269285357
0,88094355317,269374687
0,88096649715,269327851
0,88098944113,269286869
0,88101238511,269376010
0,88103532909,269329008
0,88105827307,269287882
0,88108121705,269376896
0,88110416103,269454784
0,88112710501,269397936
0,88115004899,269473194
0,88117299297,269539044
0,88119593695,269471663
0,88121888093,269412705
0,88124182491,269486116
0,88126476889,269550351
0,88128771287,269481557
0,88131065685,269546362
0,88323147117,293353066
0,88323190317,290308932
0,88323233517,287645315
0,88323276717,285314650
0,88323319917,283275318
0,88323363117,281490903
0,88323406317,279804540
0,88323449517,278328972
0,88323492717,277037850
0,88323535917,275908118
0,88323579117,274919603
0,88323622317,274054652
0,88323665517,273297820
0,88323708717,272635592
0,88323751917,272056143
0,88323795117,271549125
0,88323838317,271105484
0,88323881517,270717298
0,88323924717,270377635
0,88323967917,270080430
0,88324011117,269945376
0,88324054317,269827204
0,88324097517,269723803
0,88324140717,269633327
0,88324183917,269554161
0,88324227117,269484890
0,88324270317,269424278
0,88324313517,269371243
0,88324356717,269324837
0,88324399917,269159232
0,88324443117,269014328
0,88324486317,268887537
0,88324529517,268776594
0,88324572717,268679519
0,88324615917,268594579
0,88324659117,268520256
0,88324702317,268455224
0,88324745517,268398321
0,88324788717,268348530
0,88324831917,268304963
0,88324875117,268266842
0,88324918317,268233486
0,88324961517,268204300
0,88327137358,268428762
0,88329431756,268625166
0,88331726154,268672020
0,88334020552,268838017
0,88336314950,268983264
0,88338609348,268985356
0,88340903746,268987186
0,88343198144,269113787
0,88345492542,269099563
0,88347786940,269087117
0,88350081338,269201227
0,88352375736,269301073
0,88354670134,269263438
0,88356964532,269230508
0,88359258930,269326694
0,88361553328,269285857
0,88363847726,269250124
0,88366142124,269343858
0,88368436522,269425875
0,88370730920,269372640
0,88373025318,269451060
0,88375319716,269519677
0,88377614114,269454717
0,88379908512,269397877
0,88382202910,269473142
0,88384497308,269413999
0,88386791706,269362249
0,88389086104,269441967
0,88391380502,269511721
0,88393674900,269447755
0,88395969298,269391785
0,88398263696,269467811
0,88400558094,269409334
0,88592639526,269358167
0,88592682726,269313396
0,88592725926,269274221
0,88592769126,269239943
0,88592812326,269209950
0,88592855526,269183706
0,88592898726,269160742
0,88592941926,269140649
0,88592985126,269123067
0,88593028326,269232683
0,88593071526,269328597
0,88593114726,269412522
0,88593157926,269485956
0,88593201126,269550211
0,88593244326,269606434
0,88593287526,269655629
0,88593330726,269698675
0,88593373926,269736340
0,88593417126,269769297
0,88593460326,269798134
0,88593503526,269698367
0,88593546726,269611071
0,88593589926,269534687
0,88593633126,269467851
0,88593676326,269409369
0,88593719526,269358197
0,88593762726,269313422
0,88593805926,269274244
0,88593849126,269239963
0,88593892326,269209967
0,88593935526,269183721
0,88593978726,269160755
0,88594021926,269265660
0,88594065126,269357452
0,88594108326,269437770
0,88594151526,269508048
0,88594194726,269569542
0,88594237926,269623349
0,88594281126,269670430
0,88594324326,269711626
0,88594367526,269747672
0,88594410726,269779213
0,88594453926,269806811
0,88596629767,269705959
0,88598924165,269617714
0,88601218563,269665499
0,88603512961,269582311
0,88605807359,269509522
0,88608101757,269570831
0,88610396155,269624477
0,88612690553,269546417
0,88614984951,269478114
0,88617279349,269543349
0,88619573747,269475430
0,88621868145,269416001
0,88624162543,269489000
0,88626456941,269552875
0,88628751339,269483765
0,88631045737,269548294
0,88633340135,269604757
0,88635634533,269529162
0,88637928931,269463016
0,88640223329,269530139
0,88642517727,269463871
0,88644812125,269405887
0,88647106523,269480151
0,88649400921,269545132
0,88651695319,269476990
0,88653989717,269417366
0,88656284115,269490195
0,88658578513,269428920
0,88660872911,269375305
0,88663167309,269453391
0,88665461707,269521717
0,88667756105,269456502
0,88670050503,269524439
0,88863279134,269708884
0,88863322334,269870273
0,88863365534,270011488
0,88863408734,270135052
0,88863451934,270243170
0,88863495134,270337773
0,88863538334,270420551
0,88863581534,270492982
0,88863624734,270556359
0,88863667934,270486814
0,88863711134,270425962
0,88863754334,270372716
0,88863797534,270326126
0,88863840734,270285360
0,88863883934,270249690
0,88863927134,270218478
0,88863970334,270191168
0,88864013534,270292272
0,88864056734,270380738
0,88864099934,270458145
0,88864143134,270525876
0,88864186334,270585141
0,88864229534,270636998
0,88864272734,270682373
0,88864315934,270722076
0,88864359134,270756816
0,88864402334,270787214
0,88864445534,270813812
0,88864488734,270837085
0,88864531934,270857449
0,88864575134,270875267
0,88864618334,270890858
0,88864661534,270779500
0,88864704734,270682062
0,88864747934,270596804
0,88864791134,270522203
0,88864834334,270456927
0,88864877534,270399811
0,88864920734,270349834
0,88864963934,270306104
0,88865007134,270392841
0,88865050334,270468735
0,88865093534,270535143
0,88866122176,270468250
0,88868416574,270409718
0,88870710972,270233503
0,88873005370,270204315
0,88875299768,270428775
0,88877594166,270625178
0,88879888564,270672030
0,88882182962,270838026
0,88884477360,270983272
0,88886771758,271110363
0,88889066156,271221567
0,88891360554,271318871
0,88893654952,271404012
0,88895949350,271353510
0,88898243748,271434321
0,88900538146,271505030
0,88902832544,271441901
0,88905126942,271511663
0,88907421340,271572705
0,88909715738,271626116
0,88912010136,271672851
0,88914304534,271713744
0,88916598932,271749526
0,88918893330,271655835
0,88921187728,271698855
0,88923482126,271736498
0,88925776524,271769435
0,88928070922,271798255
0,88930365320,271823473
0,88932659718,271845538
0,88934954116,271739845
0,88937248514,271772364
0,88939542912,271800818
0,89132771543,295575715
0,89132814743,292253750
0,89132857943,289347031
0,89132901143,286803652
0,89132944343,284578195
0,89132987543,282630920
0,89133030743,281052055
0,89133073943,279670548
0,89133117143,278461729
0,89133160343,277404012
0,89133203543,276478510
0,89133246743,275668696
0,89133289943,274960109
0,89133333143,274340095
0,89133376343,273797583
0,89133419543,273322885
0,89133462743,272907524
0,89133505943,272544083
0,89133549143,272101072
0,89133592343,271713438
0,89133635543,271374258
0,89133678743,271077475
0,89133721943,270817790
0,89133765143,270590566
0,89133808343,270391745
0,89133851543,270217776
0,89133894743,270065554
0,89133937943,269932359
0,89133981143,269815814
0,89134024343,269838837
0,89134067543,269858982
0,89134110743,269876609
0,89134153943,269892032
0,89134197143,269905528
0,89134240343,269917337
0,89134283543,269927669
0,89134326743,269936710
0,89134369943,269944621
0,89134413143,269951543
0,89134456343,269957600
0,89134499543,269962900
0,89134542743,269842537
0,89134585943,269737219
0,89135614585,269770066
0,89137908983,269923807
0,89140203381,270183331
0,89142497779,270410414
0,89144792177,270484112
0,89147086575,270673598
0,89149380973,270839398
0,89151675371,270984473
0,89153969769,270986413
0,89156264167,271113111
0,89158558565,271223972
0,89160852963,271195975
0,89163147361,271296478
0,89165441759,271384418
0,89167736157,271461365
0,89170030555,271528694
0,89172324953,271587607
0,89174619351,271639156
0,89176913749,271559261
0,89179208147,271614353
0,89181502545,271662558
0,89183796943,271579738
0,89186091341,271632270
0,89188385739,271678236
0,89190680137,271718456
0,89192974535,271628649
0,89195268933,271675067
0,89197563331,271715683
0,89199857729,271626222
0,89202152127,271672944
0,89204446525,271713826
0,89206740923,271749597
0,89209035321,271780897
0,89403411151,295808284
0,89403454351,292707248
0,89403497551,289993842
0,89403540751,287619611
0,89403583951,285542159
0,89403627151,283724389
0,89403670351,282133840
0,89403713551,280617110
0,89403756751,279289971
0,89403799951,278128724
0,89403843151,277112633
0,89403886351,276223553
0,89403929551,275445608
0,89403972751,274764907
0,89404015951,274294293
0,89404059151,273882506
0,89404102351,273522192
0,89404145551,273206918
0,89404188751,272931053
0,89404231951,272689671
0,89404275151,272478462
0,89404318351,272293654
0,89404361551,272131947
0,89404404751,271990453
0,89404447951,271866646
0,89404491151,271758315
0,89404534351,271663525
0,89404577551,271580584
0,89404620751,271508011
0,89404663951,271444509
0,89404707151,271263945
0,89404750351,271105951
0,89404793551,270967707
0,89404836751,270846743
0,89404879951,270740900
0,89404923151,270648287
0,89404966351,270567251
0,89405009551,270621344
0,89405052751,270668676
0,89405095951,270710091
0,89405139151,270746329
0,89405182351,270778037
0,89405225551,270805782
0,89405268751,270830059
0,89407401392,270976301
0,89409695790,271104263
0,89411990188,271091230
0,89414284586,271204826
0,89416578984,271304222
0,89418873382,271266194
0,89421167780,271357919
0,89423462178,271438179
0,89425756576,271508406
0,89428050974,271569855
0,89430345372,271623623
0,89432639770,271670670
0,89434934168,271586836
0,89437228566,271638481
0,89439522964,271683670
0,89441817362,271598211
0,89444111760,271648434
0,89446406158,271692379
0,89448700556,271730831
0,89450994954,271639477
0,89453289352,271684542
0,89455583750,271723974
0,89457878148,271633477
0,89460172546,271679292
0,89462466944,271719380
0,89464761342,271754457
0,89467055740,271785149
0,89469350138,271812005
0,89471644536,271835504
0,89473938934,271731066
0,89476233332,271764682
0,89478527730,271794096
0,89480822128,271694834
0,89675197958,271732979
0,89675241158,271766356
0,89675284358,271795561
0,89675327558,271821115
0,89675370758,271843475
0,89675413958,271863040
0,89675457158,271880160
0,89675500358,271895140
0,89675543558,271908247
0,89675586758,271919716
0,89675629958,271929751
0,89675673158,271938532
0,89675716358,271946215
0,89675759558,271952938
0,89675802758,271833820
0,89675845958,271729592
0,89675889158,271638393
0,89675932358,271558593
0,89675975558,271488768
0,89676018758,271552672
0,89676061958,271608588
0,89676105158,271657514
0,89676148358,271700324
0,89676191558,271737783
0,89676234758,271770560
0,89676277958,271799240
0,89676321158,271824335
0,89676364358,271846293
0,89676407558,271865506
0,89676450758,271882317
0,89676493958,271897027
0,89676537158,271909898
0,89676580358,271921160
0,89676623558,271931015
0,89676666758,271939638
0,89676709958,271947183
0,89676753158,271953785
0,89676796358,271834561
0,89676839558,271730240
0,89676882758,271638960
0,89676925958,271559090
0,89676969158,271489203
0,89677012358,271553052
0,89677055558,271608920
0,89679188199,271657805
0,89681482597,271700579
0,89683776995,271738006
0,89686071393,271770755
0,89688365791,271799410
0,89690660189,271824483
0,89692954587,271721422
0,89695248985,271756244
0,89697543383,271786713
0,89699837781,271688373
0,89702132179,271727326
0,89704426577,271761410
0,89706720975,271791233
0,89709015373,271817328
0,89711309771,271840162
0,89713604169,271860141
0,89715898567,271752623
0,89718192965,271783545
0,89720487363,271810601
0,89722781761,271834275
0,89725076159,271854990
0,89727370557,271873116
0,89729664955,271888976
0,89731959353,271777854
0,89734253751,271805622
0,89736548149,271829919
0,89738842547,271726179
0,89741136945,271760406
0,89743431343,271790355
0,89745725741,271816560
0,89748020139,271839490
0,89750314537,271859553
0,89752608935,271877108
0,89946984765,271767469
0,89947027965,271796535
0,89947071165,271821968
0,89947114365,271844222
0,89947157565,271863694
0,89947200765,271880732
0,89947243965,271895640
0,89947287165,271908685
0,89947330365,271920099
0,89947373565,271930086
0,89947416765,271938825
0,89947459965,271946471
0,89947503165,271953162
0,89947546365,271959016
0,89947589565,271964139
0,89947632765,271968621
0,89947675965,271972543
0,89947719165,271975975
0,89947762365,271978978
0,89947805565,271856605
0,89947848765,271749529
0,89947891965,271655837
0,89947935165,271573857
0,89947978365,271502124
0,89948021565,271564358
0,89948064765,271618813
0,89948107965,271666461
0,89948151165,271708153
0,89948194365,271744633
0,89948237565,271776553
0,89948280765,271804483
0,89948323965,271828922
0,89948367165,271850306
0,89948410365,271869017
0,89948453565,271885389
0,89948496765,271899715
0,89948539965,271912250
0,89948583165,271923218
0,89948626365,271932815
0,89948669565,271941213
0,89948712765,271948561
0,89948755965,271954990
0,89948799165,271835616
0,89948842365,271731164
0,89950975006,271639768
0,89953269404,271684797
0,89955563802,271724197
0,89957858200,271633672
0,89960152598,271679463
0,89962446996,271719530
0,89964741394,271754588
0,89967035792,271785264
0,89969330190,271812106
0,89971624588,271835592
0,89973918986,271731143
0,89976213384,271764750
0,89978507782,271794156
0,89980802180,271694886
0,89983096578,271733025
0,89985390976,271766396
0,89987685374,271795596
0,89989979772,271696146
0,89992274170,271734127
0,89994568568,271767361
0,89996862966,271671440
0,89999157364,271712510
0,90001451762,271748446
0,90003746160,271779890
0,90006040558,271807403
0,90008334956,271831477
0,90010629354,271852542
0,90012923752,271745974
0,90015218150,271777727
0,90017512548,271805511
0,90019806946,271704822
0,90022101344,271741719
0,90024395742,271774004
0,90219918771,271927253
0,90219961971,271936346
0,90220005171,272069302
0,90220048371,272185639
0,90220091571,272287434
0,90220134771,272376504
0,90220177971,272454441
0,90220221171,272522635
0,90220264371,272582305
0,90220307571,272634516
0,90220350771,272680201
0,90220393971,272720175
0,90220437171,272755153
0,90220480371,272785758
0,90220523571,272812538
0,90220566771,272835970
0,90220609971,272856473
0,90220653171,272874413
0,90220696371,272890111
0,90220739571,272903847
0,90220782771,272915866
0,90220825971,272926382
0,90220869171,272935584
0,90220912371,272943636
0,90220955571,272950681
0,90220998771,272831845
0,90221041971,272852864
0,90221085171,272871256
0,90221128371,272887349
0,90221171571,272901430
0,90221214771,272913751
0,90221257971,272924532
0,90221301171,272933965
0,90221344371,272942219
0,90221387571,272949441
0,90221430771,272955760
0,90221473971,272961290
0,90221517171,272966128
0,90221560371,272970362
0,90221603571,272974066
0,90221646771,272977307
0,90221689971,272980143
0,90221733171,272982625
0,90221776371,272984796
0,90222761813,273111696
0,90225056211,273347734
0,90227350609,273429267
0,90229645007,273500608
0,90231939405,273563032
0,90234233803,273617653
0,90236528201,273665446
0,90238822599,273707265
0,90241116997,273743856
0,90243411395,273775874
0,90245705793,273803889
0,90248000191,273953402
0,90250294589,273959226
0,90252588987,273964322
0,90254883385,273968781
0,90257177783,273972683
0,90259472181,273976097
0,90261766579,273979084
0,90264060977,274106698
0,90266355375,274093360
0,90268649773,274081690
0,90270944171,274071478
0,90273238569,274062543
0,90275532967,274054725
0,90277827365,274047884
0,90280121763,274041898
0,90282416161,274036660
0,90284710559,274032077
0,90287004957,274153067
0,90289299355,274133933
0,90291593753,274117191
0,90293888151,274102542
0,90296182549,274089724
0,90491705578,298203508
0,90491748778,294928069
0,90491791978,292062060
0,90491835178,289429302
0,90491878378,287125639
0,90491921578,285109934
0,90491964778,283346192
0,90492007978,281927918
0,90492051178,280686928
0,90492094378,279601062
0,90492137578,278650929
0,90492180778,277819562
0,90492223978,277092116
0,90492267178,276455601
0,90492310378,275898650
0,90492353578,275411318
0,90492396778,274984903
0,90492439978,274611790
0,90492483178,274285316
0,90492526378,273999651
0,90492569578,273749694
0,90492612778,273530982
0,90492655978,273339609
0,90492699178,273172157
0,90492742378,273025637
0,90492785578,272897432
0,90492828778,272785253
0,90492871978,272562096
0,90492915178,272366834
0,90492958378,272195979
0,90493001578,272171481
0,90493044778,272150045
0,90493087978,272131289
0,90493131178,272114877
0,90493174378,272100517
0,90493217578,272087952
0,90493260778,272076958
0,90493303978,272067338
0,90493347178,272058920
0,90493390378,272051555
0,90493433578,272045110
0,90493476778,272039471
0,90493519978,272034537
0,90493563178,272030219
0,90494548620,272151441
0,90496843018,272382510
0,90499137416,272584696
0,90501431814,272761609
0,90503726212,272916407
0,90506020610,273176856
0,90508315008,273279749
0,90510609406,273369780
0,90512903804,273448557
0,90515198202,273517487
0,90517492600,273577801
0,90519786998,273630575
0,90522081396,273676753
0,90524375794,273717158
0,90526670192,273752513
0,90528964590,273783448
0,90531258988,273810517
0,90533553386,273834202
0,90535847784,273854926
0,90538142182,273873060
0,90540436580,273888927
0,90542730978,273902811
0,90545025376,274039959
0,90547319774,274034964
0,90549614172,274030593
0,90551908570,274026768
0,90554202968,274023422
0,90556497366,274020494
0,90558791764,274017932
0,90561086162,274015690
0,90563380560,274013728
0,90565674958,274012012
0,90567969356,274010510
0,90764639584,298259196
0,90764682784,295101796
0,90764725984,292339071
0,90764769184,289921687
0,90764812384,287806476
0,90764855584,285955666
0,90764898784,284336207
0,90764941984,282919181
0,90764985184,281554283
0,90765028384,280484997
0,90765071584,279549372
0,90765114784,278730700
0,90765157984,278014362
0,90765201184,277387566
0,90765244384,276839120
0,90765287584,276359230
0,90765330784,275939326
0,90765373984,275571910
0,90765417184,275250421
0,90765460384,274969118
0,90765503584,274722978
0,90765546784,274507605
0,90765589984,274319154
0,90765633184,274154259
0,90765676384,274009976
0,90765719584,273883729
0,90765762784,273773262
0,90765805984,273676604
0,90765849184,273592028
0,90765892384,273518024
0,90765935584,273453271
0,90765978784,273271612
0,90766021984,273237660
0,90766065184,273207952
0,90766108384,273181958
0,90766151584,273159213
0,90766194784,273139311
0,90766237984,273121897
0,90766281184,273106659
0,90766324384,273093326
0,90766367584,273081660
0,90766410784,273071452
0,90766453984,273062520
0,90766497184,273054705
0,90766540384,273047866
0,90768629825,273166882
0,90770924223,273271021
0,90773218621,273362143
0,90775513019,273441875
0,90777807417,273511640
0,90780101815,273572685
0,90782396213,273626099
0,90784690611,273672836
0,90786985009,273713731
0,90789279407,273749514
0,90791573805,273780824
0,90793868203,273808221
0,90796162601,273832193
0,90798456999,273853168
0,90800751397,273871522
0,90803045795,274012581
0,90805340193,274011008
0,90807634591,274009632
0,90809928989,274008428
0,90812223387,274007374
0,90814517785,274006452
0,90816812183,274005645
0,90819106581,274004939
0,90821400979,274004321
0,90823695377,274003780
0,90825989775,274003307
0,90828284173,274002893
0,90830578571,274002531
0,90832872969,274002214
0,90835167367,274001937
0,90837461765,274001694
0,90839756163,274001482
0,90842050561,274126296
0,91038720789,274110509
0,91038763989,274096695
0,91038807189,274084608
0,91038850389,274074032
0,91038893589,274064778
0,91038936789,274056680
0,91038979989,274049595
0,91039023189,274168395
0,91039066389,274272345
0,91039109589,274238301
0,91039152789,274208513
0,91039195989,274182448
0,91039239189,274159642
0,91039282389,274139686
0,91039325589,274122225
0,91039368789,274106946
0,91039411989,274093577
0,91039455189,274081879
0,91039498389,274071644
0,91039541589,274062688
0,91039584789,274054852
0,91039627989,274047995
0,91039671189,274041995
0,91039714389,274036745
0,91039757589,274032151
0,91039800789,274028132
0,91039843989,274024615
0,91039887189,274021538
0,91039930389,274018845
0,91039973589,274016489
0,91040016789,274139427
0,91040059989,274246998
0,91040103189,274216123
0,91040146389,274189107
0,91040189589,274165468
0,91040232789,274144784
0,91040275989,274126686
0,91040319189,274110850
0,91040362389,274096993
0,91040405589,274084868
0,91040448789,274074259
0,91040491989,274064976
0,91040535189,274056854
0,91040578389,274049747
0,91040621589,274043528
0,91042711030,274038087
0,91045005428,274158326
0,91047299826,274138535
0,91049594224,274121218
0,91051888622,274106065
0,91054183020,274092806
0,91056477418,274081205
0,91058771816,274071054
0,91061066214,274187172
0,91063360612,274163775
0,91065655010,274143303
0,91067949408,274125390
0,91070243806,274109716
0,91072538204,274096001
0,91074832602,274084000
0,91077127000,274073500
0,91079421398,274064312
0,91081715796,274056273
0,91084010194,274174238
0,91086304592,274152458
0,91088598990,274133400
0,91090893388,274116725
0,91093187786,274102134
0,91095482184,274089367
0,91097776582,274078196
0,91100070980,274193421
0,91102365378,274169243
0,91104659776,274148087
0,91106954174,274129576
0,91109248572,274113379
0,91111542970,274099206
0,91113837368,274086805
0,91116131766,274075954
0,91313949193,274191459
0,91313992393,274292526
0,91314035593,274505960
0,91314078793,274692715
0,91314121993,274856125
0,91314165193,274999109
0,91314208393,275124220
0,91314251593,275108692
0,91314294793,275095105
0,91314337993,275083216
0,91314381193,275072814
0,91314424393,275063712
0,91314467593,275055748
0,91314510793,275048779
0,91314553993,275042681
0,91314597193,275037345
0,91314640393,275032676
0,91314683593,275028591
0,91314726793,275025017
0,91314769993,275021889
0,91314813193,275019152
0,91314856393,275016758
0,91314899593,275014663
0,91314942793,275012830
0,91314985993,275011226
0,91315029193,275134822
0,91315072393,275242969
0,91315115593,275337597
0,91315158793,275420397
0,91315201993,275492847
0,91315245193,275431241
0,91315288393,275377335
0,91315331593,275330168
0,91315374793,275288897
0,91315417993,275252784
0,91315461193,275221186
0,91315504393,275193537
0,91315547593,275169344
0,91315590793,275148176
0,91315633993,275129654
0,91315677193,275113447
0,91315720393,275099266
0,91315763593,275086857
0,91315806793,275075999
0,91315849993,275066499
0,91316792235,275183186
0,91319086633,275410287
0,91321381031,275484001
0,91323675429,275548500
0,91325969827,275604937
0,91328264225,275779319
0,91330558623,275806904
0,91332853021,275831041
0,91335147419,275977160
0,91337441817,275980015
0,91339736215,275982513
0,91342030613,276109698
0,91344325011,276220985
0,91346619409,276193361
0,91348913807,276169190
0,91351208205,276273041
0,91353502603,276238910
0,91355797001,276209046
0,91358091399,276307915
0,91360385797,276269425
0,91362680195,276235746
0,91364974593,276206277
0,91367268991,276305492
0,91369563389,276267305
0,91371857787,276233891
0,91374152185,276329654
0,91376446583,276288447
0,91378740981,276252391
0,91381035379,276345842
0,91383329777,276427611
0,91385624175,276374159
0,91387918573,276327389
0,91390212971,276411465
0,91588030398,300860031
0,91588073598,297627527
0,91588116798,294799086
0,91588159998,292199200
0,91588203198,289924300
0,91588246398,287933762
0,91588289598,286192041
0,91588332798,284668035
0,91588375998,283334530
0,91588419198,282167713
0,91588462398,281146748
0,91588505598,280253404
0,91588548798,279471728
0,91588591998,278787762
0,91588635198,278189291
0,91588678398,277665629
0,91588721598,277207425
0,91588764798,276806496
0,91588807998,276455684
0,91588851198,276148723
0,91588894398,275880132
0,91588937598,275645115
0,91588980798,275439475
0,91589023998,275384540
0,91589067198,275336472
0,91589110398,275294413
0,91589153598,275132611
0,91589196798,274991034
0,91589239998,274867154
0,91589283198,274758759
0,91589326398,274663914
0,91589369598,274580924
0,91589412798,274508308
0,91589455998,274444769
0,91589499198,274389172
0,91589542398,274340525
0,91589585598,274297959
0,91589628798,274260714
0,91589671998,274228124
0,91589715198,274199608
0,91589758398,274174657
0,91589801598,274152824
0,91589844798,274133721
0,91589887998,274117005
0,91589931198,274102379
0,91590873440,274214581
0,91593167838,274562758
0,91595462236,274742413
0,91597756634,274899611
0,91600051032,275162159
0,91602345430,275391889
0,91604639828,275467902
0,91606934226,275534414
0,91609228624,275717612
0,91611523022,275752910
0,91613817420,275783796
0,91616111818,275935821
0,91618406216,275943843
0,91620700614,275950862
0,91622995012,275957004
0,91625289410,276087378
0,91627583808,276076455
0,91629878206,276066898
0,91632172604,276183535
0,91634467002,276160593
0,91636761400,276140518
0,91639055798,276247953
0,91641350196,276341958
0,91643644594,276299213
0,91645938992,276261811
0,91648233390,276354084
0,91650527788,276309823
0,91652822186,276271095
0,91655116584,276362208
0,91657410982,276316932
0,91659705380,276277315
0,91661999778,276242650
0,91664294176,276337318
0,91863258802,300920153
0,91863302002,297680133
0,91863345202,294845116
0,91863388402,292364476
0,91863431602,290193916
0,91863474802,288294676
0,91863518002,286632841
0,91863561202,285178735
0,91863604402,283906393
0,91863647602,282793093
0,91863690802,281818956
0,91863734002,280966586
0,91863777202,280220762
0,91863820402,279568166
0,91863863602,278997145
0,91863906802,278497501
0,91863950002,278060313
0,91863993202,277677773
0,91864036402,277468051
0,91864079602,277284544
0,91864122802,277123976
0,91864166002,276983479
0,91864209202,276860544
0,91864252402,276752976
0,91864295602,276533854
0,91864338802,276342122
0,91864382002,276174356
0,91864425202,276027561
0,91864468402,275899115
0,91864511602,275786725
0,91864554802,275688384
0,91864598002,275602336
0,91864641202,275527044
0,91864684402,275461163
0,91864727602,275403517
0,91864770802,275353077
0,91864814002,275308942
0,91864857202,275270324
0,91864900402,275236533
0,91864943602,275206966
0,91864986802,275181095
0,91865030002,275283458
0,91865073202,275373025
0,91865116402,275451396
0,91865159602,275519971
0,91865202802,275579974
0,91867249043,275757477
0,91869543441,275787792
0,91871837839,275814318
0,91874132237,275962528
0,91876426635,275967212
0,91878721033,275971310
0,91881015431,276099896
0,91883309829,276212409
0,91885604227,276185857
0,91887898625,276162624
0,91890193023,276267296
0,91892487421,276233884
0,91894781819,276204648
0,91897076217,276304067
0,91899370615,276391058
0,91901665013,276342175
0,91903959411,276299403
0,91906253809,276386977
0,91908548207,276338604
0,91910842605,276296278
0,91913137003,276384243
0,91915431401,276336212
0,91917725799,276294185
0,91920020197,276382411
0,91922314595,276459609
0,91924608993,276402157
0,91926903391,276351887
0,91929197789,276432901
0,91931492187,276378788
0,91933786585,276331439
0,91936080983,276415009
0,91938375381,276488132
0,91940669779,276427115
0,92139634405,276373725
0,92139677605,276327009
0,92139720805,276286132
0,92139764005,276250365
0,92139807205,276219069
0,92139850405,276191685
0,92139893605,276167724
0,92139936805,276146758
0,92139980005,276128413
0,92140023205,276237361
0,92140066405,276332690
0,92140109605,276416103
0,92140152805,276489090
0,92140196005,276552953
0,92140239205,276608833
0,92140282405,276657728
0,92140325605,276700512
0,92140368805,276737948
0,92140412005,276645704
0,92140455205,276564991
0,92140498405,276494367
0,92140541605,276432571
0,92140584805,276378499
0,92140628005,276331186
0,92140671205,276289787
0,92140714405,276253563
0,92140757605,276221867
0,92140800805,276194133
0,92140844005,276169866
0,92140887205,276148632
0,92140930405,276130053
0,92140973605,276113796
0,92141016805,276224571
0,92141060005,276321499
0,92141103205,276406311
0,92141146405,276480522
0,92141189605,276545456
0,92141232805,276602274
0,92141276005,276651989
0,92141319205,276695490
0,92141362405,276733553
0,92141405605,276641858
0,92141448805,276561625
0,92141492005,276491421
0,92141535205,276429993
0,92141578405,276376243
0,92143624646,276329212
0,92145919044,276288060
0,92148213442,276377052
0,92150507840,276329920
0,92152802238,276288680
0,92155096636,276377595
0,92157391034,276330395
0,92159685432,276289095
0,92161979830,276252958
0,92164274228,276346338
0,92166568626,276303045
0,92168863024,276265164
0,92171157422,276357018
0,92173451820,276312390
0,92175746218,276273341
0,92178040616,276364173
0,92180335014,276443651
0,92182629412,276388194
0,92184923810,276339669
0,92187218208,276422210
0,92189512606,276369433
0,92191807004,276323253
0,92194101402,276407846
0,92196395800,276356865
0,92198690198,276312256
0,92200984596,276273224
0,92203278994,276364071
0,92205573392,276318562
0,92207867790,276278741
0,92210162188,276368898
0,92212456586,276322785
0,92214750984,276282436
0,92217045382,276372131
0,92417157207,276575614
0,92417200407,276753662
0,92417243607,276909454
0,92417286807,277045772
0,92417330007,277165050
0,92417373207,277269418
0,92417416407,277360740
0,92417459607,277440647
0,92417502807,277510566
0,92417546007,277446745
0,92417589207,277390901
0,92417632407,277342038
0,92417675607,277299283
0,92417718807,277261872
0,92417762007,277229138
0,92417805207,277200495
0,92417848407,277175433
0,92417891607,277153503
0,92417934807,277134315
0,92417978007,277117525
0,92418021207,277227834
0,92418064407,277324354
0,92418107607,277408809
0,92418150807,277482707
0,92418194007,277547368
0,92418237207,277603947
0,92418280407,277653453
0,92418323607,277696771
0,92418366807,277734674
0,92418410007,277767839
0,92418453207,277796859
0,92418496407,277822251
0,92418539607,277719469
0,92418582807,277629535
0,92418626007,277550843
0,92418669207,277481987
0,92418712407,277421738
0,92418755607,277369020
0,92418798807,277322892
0,92418842007,277282530
0,92418885207,277247213
0,92418928407,277216311
0,92418971607,277189272
0,92419014807,277290613
0,92419058007,277379286
0,92419101207,277456875
0,92420000249,277399765
0,92422294647,277349794
0,92424589045,277181069
0,92426883443,277033435
0,92429177841,277029255
0,92431472239,276900598
0,92433766637,276788023
0,92436061035,276814520
0,92438355433,276837705
0,92440649831,276732991
0,92442944229,276641367
0,92445238627,276686196
0,92447533025,276600421
0,92449827423,276525368
0,92452121821,276584697
0,92454416219,276511609
0,92456710617,276447657
0,92459005015,276516699
0,92461299413,276577111
0,92463593811,276504972
0,92465888209,276441850
0,92468182607,276511618
0,92470477005,276447665
0,92472771403,276391706
0,92475065801,276467742
0,92477360199,276534274
0,92479654597,276842489
0,92481948995,276987177
0,92484243393,277238779
0,92486537791,277458931
0,92488832189,277526564
0,92491126587,277710743
0,92493420985,277871900
0,92693532810,302637912
0,92693576010,299308173
0,92693619210,296394651
0,92693662410,293845319
0,92693705610,291614654
0,92693748810,289662822
0,92693792010,287954969
0,92693835210,286460597
0,92693878410,285153022
0,92693921610,284008894
0,92693964810,283007782
0,92694008010,282256809
0,92694051210,281599707
0,92694094410,281024743
0,92694137610,280521650
0,92694180810,280081443
0,92694224010,279696262
0,92694267210,279359229
0,92694310410,279064325
0,92694353610,278806284
0,92694396810,278580498
0,92694440010,278257935
0,92694483210,277975693
0,92694526410,277728731
0,92694569610,277512639
0,92694612810,277323559
0,92694656010,277158114
0,92694699210,277013349
0,92694742410,276886680
0,92694785610,276775845
0,92694828810,276678864
0,92694872010,276594006
0,92694915210,276519755
0,92694958410,276454785
0,92695001610,276522936
0,92695044810,276582569
0,92695088010,276634747
0,92695131210,276680403
0,92695174410,276720352
0,92695217610,276755308
0,92695260810,276785894
0,92695304010,276812657
0,92695347210,276836074
0,92695390410,276856564
0,92695433610,276749493
0,92695476810,276655806
0,92696375852,276698830
0,92698670250,276861476
0,92700964648,277003791
0,92703259046,277253317
0,92705553444,277471652
0,92707847842,277537695
0,92710142240,277720483
0,92712436638,277880422
0,92714731036,277895369
0,92717025434,278033447
0,92719319832,278154266
0,92721614230,278259982
0,92723908628,278227484
0,92726203026,278324048
0,92728497424,278408542
0,92730791822,278357474
0,92733086220,278437789
0,92735380618,278508065
0,92737675016,278444556
0,92739969414,278388986
0,92742263812,278465362
0,92744558210,278532191
0,92746852608,278465667
0,92749147006,278532458
0,92751441404,278590900
0,92753735802,278517037
0,92756030200,278577407
0,92758324598,278630231
0,92760618996,278676452
0,92762913394,278591895
0,92765207792,278642908
0,92767502190,278687544
0,92769796588,278601601
0,92969908413,303276400
0,92969951613,299866850
0,92969994813,296883493
0,92970038013,294398056
0,92970081213,292223299
0,92970124413,290320386
0,92970167613,288655337
0,92970210813,287198419
0,92970254013,285923616
0,92970297213,284808164
0,92970340413,283832143
0,92970383613,282978125
0,92970426813,282105859
0,92970470013,281342626
0,92970513213,280674797
0,92970556413,280090447
0,92970599613,279579141
0,92970642813,279131748
0,92970686013,278740279
0,92970729213,278397744
0,92970772413,278098026
0,92970815613,277835772
0,92970858813,277606300
0,92970902013,277405512
0,92970945213,277229823
0,92970988413,277076095
0,92971031613,277066583
0,92971074813,277058260
0,92971118013,277050977
0,92971161213,277044604
0,92971204413,277039028
0,92971247613,277034149
0,92971290813,277029880
0,92971334013,277026145
0,92971377213,277022876
0,92971420413,276895016
0,92971463613,276783139
0,92971506813,276685246
0,92971550013,276599590
0,92971593213,276524641
0,92971636413,276459060
0,92971679613,276401677
0,92971722813,276351467
0,92971766013,276307533
0,92971809213,276269091
0,92971852413,276235454
0,92972751455,276331022
0,92975045853,276664644
0,92977340251,276956563
0,92979634649,277211992
0,92981929047,277310493
0,92984223445,277521681
0,92986517843,277706470
0,92988812241,277743161
0,92991106639,277900265
0,92993401037,278037731
0,92995695435,278033014
0,92997989833,278028887
0,93000284231,278150276
0,93002578629,278256491
0,93004873027,278224429
0,93007167425,278321375
0,93009461823,278406203
0,93011756221,278355427
0,93014050619,278435998
0,93016345017,278506498
0,93018639415,278568185
0,93020933813,278497161
0,93023228211,278560015
0,93025522609,278615013
0,93027817007,278538136
0,93030111405,278595869
0,93032405803,278646385
0,93034700201,278565586
0,93036994599,278494887
0,93039288997,278558026
0,93041583395,278613272
0,93043877793,278536613
0,93046172191,278594536
0,93247431215,303520219
0,93247474415,300330191
0,93247517615,297538917
0,93247560815,295096552
0,93247604015,292834483
0,93247647215,290855172
0,93247690415,289123275
0,93247733615,287607865
0,93247776815,286281881
0,93247820015,285121645
0,93247863215,284106439
0,93247906415,283218134
0,93247949615,282440867
0,93247992815,281760758
0,93248036015,281290663
0,93248079215,280879330
0,93248122415,280519413
0,93248165615,280204486
0,93248208815,279928925
0,93248252015,279687809
0,93248295215,279476832
0,93248338415,279292228
0,93248381615,279130699
0,93248424815,278989361
0,93248468015,278865690
0,93248511215,278757478
0,93248554415,278662793
0,93248597615,278454943
0,93248640815,278273075
0,93248684015,278113940
0,93248727215,277974697
0,93248770415,277852859
0,93248813615,277746251
0,93248856815,277652969
0,93248900015,277571347
0,93248943215,277499928
0,93248986415,277437437
0,93249029615,277507757
0,93249072815,277569287
0,93249116015,277623126
0,93249159215,277670235
0,93249202415,277711455
0,93249245615,277747523
0,93249288815,277779082
0,93249332015,277806696
0,93249375215,277830859
0,93249418415,277852001
0,93251421456,277995500
0,93253715854,277996062
0,93256010252,278121554
0,93258304650,278231359
0,93260599048,278327439
0,93262893446,278286509
0,93265187844,278375695
0,93267482242,278453733
0,93269776640,278397016
0,93272071038,278472389
0,93274365436,278538340
0,93276659834,278596047
0,93278954232,278521541
0,93281248630,278581348
0,93283543028,278633679
0,93285837426,278554469
0,93288131824,278610160
0,93290426222,278658890
0,93292720620,278576528
0,93295015018,278629462
0,93297309416,278675779
0,93299603814,278716306
0,93301898212,278626767
0,93304192610,278673421
0,93306487008,278714243
0,93308781406,278624962
0,93311075804,278671841
0,93313370202,278712860
0,93315664600,278748752
0,93317958998,278655158
0,93320253396,278698263
0,93322547794,278735980
0,93324842192,278643982
0,93526101216,278688484
0,93526144416,278727423
0,93526187616,278761495
0,93526230816,278791308
0,93526274016,278817394
0,93526317216,278840219
0,93526360416,278860191
0,93526403616,278877667
0,93526446816,278892958
0,93526490016,278906338
0,93526533216,278918045
0,93526576416,278928289
0,93526619616,278937252
0,93526662816,278945095
0,93526706016,278826958
0,93526749216,278723588
0,93526792416,278633139
0,93526835616,278553996
0,93526878816,278484746
0,93526922016,278424152
0,93526965216,278371133
0,93527008416,278449741
0,93527051616,278518523
0,93527094816,278578707
0,93527138016,278631368
0,93527181216,278677447
0,93527224416,278717766
0,93527267616,278753045
0,93527310816,278783914
0,93527354016,278810924
0,93527397216,278834558
0,93527440416,278855238
0,93527483616,278873333
0,93527526816,278889166
0,93527570016,278903020
0,93527613216,278915142
0,93527656416,278925749
0,93527699616,278810030
0,93527742816,278708776
0,93527786016,278620179
0,93527829216,278542656
0,93527872416,278474824
0,93527915616,278415471
0,93527958816,278363537
0,93528002016,278443094
0,93528045216,278512707
0,93528088416,278573618
0,93530091457,278626915
0,93532385855,278673550
0,93534680253,278589356
0,93536974651,278515686
0,93539269049,278576225
0,93541563447,278629196
0,93543857845,278550546
0,93546152243,278606727
0,93548446641,278655886
0,93550741039,278573900
0,93553035437,278627162
0,93555329835,278673766
0,93557624233,278714545
0,93559918631,278625226
0,93562213029,278672072
0,93564507427,278713063
0,93566801825,278623930
0,93569096223,278670938
0,93571390621,278712070
0,93573685019,278623061
0,93575979417,278545178
0,93578273815,278602030
0,93580568213,278651776
0,93582862611,278570304
0,93585157009,278624016
0,93587451407,278671014
0,93589745805,278587137
0,93592040203,278638744
0,93594334601,278683901
0,93596628999,278723413
0,93598923397,278632986
0,93601217795,278678862
0,93603512193,278719004
0,93805918416,278754128
0,93805961616,278784862
0,93806004816,278936754
0,93806048016,279069659
0,93806091216,279185951
0,93806134416,279287707
0,93806177616,279376743
0,93806220816,279454650
0,93806264016,279522818
0,93806307216,279582465
0,93806350416,279634656
0,93806393616,279680324
0,93806436816,279720283
0,93806480016,279755247
0,93806523216,279785841
0,93806566416,279812610
0,93806609616,279836033
0,93806652816,279856528
0,93806696016,279874462
0,93806739216,279890154
0,93806782416,279903884
0,93806825616,279915898
0,93806868816,279801410
0,93806912016,279701233
0,93806955216,279613578
0,93806998416,279536880
0,93807041616,279594770
0,93807084816,279645423
0,93807128016,279689745
0,93807171216,279728526
0,93807214416,279762460
0,93807257616,279792152
0,93807300816,279818133
0,93807344016,279840866
0,93807387216,279860757
0,93807430416,279878162
0,93807473616,279893391
0,93807516816,279906717
0,93807560016,279918377
0,93807603216,279928579
0,93807646416,279937506
0,93807689616,279945317
0,93807732816,279952152
0,93807776016,279958133
0,93807819216,279963366
0,93807862416,279842945
0,93807905616,279737576
0,93808761458,279770379
0,93811055856,279924081
0,93813350254,280058570
0,93815644652,280176248
0,93817939050,280279217
0,93820233448,280369314
0,93822527846,280448149
0,93824822244,280517130
0,93827116642,280577488
0,93829411040,280630302
0,93831705438,280676514
0,93833999836,280591949
0,93836294234,280642955
0,93838588632,280687585
0,93840883030,280726636
0,93843177428,280760806
0,93845471826,280790705
0,93847766224,280816866
0,93850060622,280839757
0,93852355020,280859787
0,93854649418,280877313
0,93856943816,280892648
0,93859238214,280906067
0,93861532612,280917808
0,93863827010,280928082
0,93866121408,280937071
0,93868415806,280944937
0,93870710204,280951819
0,93873004602,280957841
0,93875299000,280963110
0,93877593398,280967721
0,93879887796,280971755
0,93882182194,280975285
0,94084588417,305978374
0,94084631617,302606077
0,94084674817,299655317
0,94084718017,296948402
0,94084761217,294579851
0,94084804417,292507369
0,94084847617,290693947
0,94084890817,289107203
0,94084934017,287718802
0,94084977217,286503951
0,94085020417,285565957
0,94085063617,284745212
0,94085106817,284027060
0,94085150017,283398677
0,94085193217,282848842
0,94085236417,282367736
0,94085279617,281946769
0,94085322817,281578422
0,94085366017,281256119
0,94085409217,280974104
0,94085452417,280727341
0,94085495617,280511423
0,94085538817,280322495
0,94085582017,280157183
0,94085625217,280012535
0,94085668417,279885968
0,94085711617,279775222
0,94085754817,279553319
0,94085798017,279359154
0,94085841217,279189259
0,94085884417,279040601
0,94085927617,278910525
0,94085970817,278796709
0,94086014017,278822120
0,94086057217,278844355
0,94086100417,278863810
0,94086143617,278880833
0,94086186817,278895728
0,94086230017,278908762
0,94086273217,278920166
0,94086316417,278930145
0,94086359617,278938876
0,94086402817,278946516
0,94086446017,278953201
0,94086489217,278959050
0,94086532417,278964168
0,94086575617,278968647
0,94087431459,279097566
0,94089725857,279335370
0,94092020255,279543448
0,94094314653,279725517
0,94096609051,279884827
0,94098903449,280024223
0,94101197847,280146195
0,94103492245,280252920
0,94105786643,280346305
0,94108081041,280428016
0,94110375439,280499514
0,94112669837,280562074
0,94114964235,280616814
0,94117258633,280664712
0,94119553031,280706623
0,94121847429,280743295
0,94124141827,280775383
0,94126436225,280803460
0,94128730623,280828027
0,94131025021,280849523
0,94133319419,280868332
0,94135613817,280884790
0,94137908215,280899191
0,94140202613,280911792
0,94142497011,280922818
0,94144791409,280932465
0,94147085807,280940906
0,94149380205,280948292
0,94151674603,280954755
0,94153969001,280835410
0,94156263399,280855983
0,94158557797,280873985
0,94160852195,280889736
0,94364405617,306028519
0,94364448817,302774954
0,94364492017,299928084
0,94364535217,297437073
0,94364578417,295257438
0,94364621617,293350258
0,94364664817,291681475
0,94364708017,290221290
0,94364751217,288943628
0,94364794417,287825674
0,94364837617,286847464
0,94364880817,285866531
0,94364924017,285008214
0,94364967217,284257187
0,94365010417,283725038
0,94365053617,283259408
0,94365096817,282851982
0,94365140017,282495484
0,94365183217,282183548
0,94365226417,281910604
0,94365269617,281671778
0,94365312817,281462805
0,94365356017,281279954
0,94365399217,281119959
0,94365442417,280979964
0,94365485617,280857468
0,94365528817,280750284
0,94365572017,280656498
0,94365615217,280574435
0,94365658417,280502630
0,94365701617,280439801
0,94365744817,280384825
0,94365788017,280336721
0,94365831217,280294630
0,94365874417,280132801
0,94365917617,279991200
0,94365960817,279867300
0,94366004017,279883887
0,94366047217,279898401
0,94366090417,279911100
0,94366133617,279922212
0,94366176817,279931935
0,94366220017,279940443
0,94366263217,279947887
0,94366306417,279954401
0,94366349617,279960100
0,94366392817,279965087
0,94366436017,279969451
0,94368395858,280098269
0,94370690256,280210985
0,94372984654,280184611
0,94375279052,280286534
0,94377573450,280375717
0,94379867848,280453752
0,94382162246,280522033
0,94384456644,280581778
0,94386751042,280634055
0,94389045440,280679798
0,94391339838,280719823
0,94393634236,280754845
0,94395928634,280785489
0,94398223032,280812302
0,94400517430,280835764
0,94402811828,280856293
0,94405106226,280874256
0,94407400624,280889974
0,94409695022,280903727
0,94411989420,280790761
0,94414283818,280816915
0,94416578216,280839800
0,94418872614,280859825
0,94421167012,280877346
0,94423461410,280892677
0,94425755808,280906092
0,94428050206,280917830
0,94430344604,280928101
0,94432639002,280937088
0,94434933400,280944952
0,94437227798,280951833
0,94439522196,280957853
0,94441816594,280963121
0,94645370016,280967730
0,94645413216,280971763
0,94645456416,280975292
0,94645499616,280978380
0,94645542816,280981082
0,94645586016,280983446
0,94645629216,280985515
0,94645672416,280987325
0,94645715616,280988909
0,94645758816,280990295
0,94645802016,280991508
0,94645845216,280992569
0,94645888416,280993497
0,94645931616,280994309
0,94645974816,280870020
0,94646018016,280886267
0,94646061216,280900483
0,94646104416,280912922
0,94646147616,280923806
0,94646190816,280933330
0,94646234016,280941663
0,94646277216,280948955
0,94646320416,280955335
0,94646363616,280960918
0,94646406816,280965803
0,94646450016,280970077
0,94646493216,280973817
0,94646536416,280977089
0,94646579616,280979952
0,94646622816,280982458
0,94646666016,280984650
0,94646709216,280986568
0,94646752416,280988247
0,94646795616,280989716
0,94646838816,280991001
0,94646882016,280992125
0,94646925216,280993109
0,94646968416,280868970
0,94647011616,280885348
0,94647054816,280899679
0,94647098016,280912219
0,94647141216,280923191
0,94647184416,280932792
0,94647227616,280941193
0,94647270816,280948543
0,94647314016,280954975
0,94647357216,280960603
0,94647400416,280965527
0,94649360257,280969836
0,94651654655,280973606
0,94653949053,280976905
0,94656243451,280979791
0,94658537849,280982317
0,94660832247,280984527
0,94663126645,280986461
0,94665421043,280988153
0,94667715441,280989633
0,94670009839,280990928
0,94672304237,280992062
0,94674598635,280993054
0,94676893033,280993922
0,94679187431,280994681
0,94681481829,280995345
0,94683776227,280995926
0,94686070625,280996435
0,94688365023,280996880
0,94690659421,280997270
0,94692953819,280997611
0,94695248217,280997909
0,94697542615,280998170
0,94699837013,280998398
0,94702131411,280998598
0,94704425809,280998773
0,94706720207,280998926
0,94709014605,280999060
0,94711309003,280999177
0,94713603401,280999279
0,94715897799,280999369
0,94718192197,280999447
0,94720486595,280999516
0,94722780993,280999576
0,94927481614,281124629
0,94927524814,281234050
0,94927568014,281329793
0,94927611214,281413568
0,94927654414,281486872
0,94927697614,281551013
0,94927740814,281607136
0,94927784014,281656244
0,94927827214,281699213
0,94927870414,281736811
0,94927913614,281769709
0,94927956814,281798495
0,94928000014,281948683
0,94928043214,282080097
0,94928086414,282195084
0,94928129614,282170698
0,94928172814,282149360
0,94928216014,282130690
0,94928259214,282114353
0,94928302414,282100058
0,94928345614,282087550
0,94928388814,282076606
0,94928432014,282067030
0,94928475214,282058651
0,94928518414,282051319
0,94928561614,282044904
0,94928604814,282039291
0,94928648014,282034379
0,94928691214,282030081
0,94928734414,282026320
0,94928777614,282023030
0,94928820814,282020151
0,94928864014,282017632
0,94928907214,282015428
0,94928950414,282013499
0,94928993614,282011811
0,94929036814,282135334
0,94929080014,282243417
0,94929123214,282212989
0,94929166414,282186365
0,94929209614,282163069
0,94929252814,282142685
0,94929296014,282124849
0,94929339214,282109242
0,94929382414,282095586
0,94929425614,282083637
0,94929468814,282073182
0,94929512014,282064034
0,94930324656,282181029
0,94932619054,282283400
0,94934913452,282372975
0,94937207850,282576353
0,94939502248,282629308
0,94941796646,282675644
0,94944091044,282841188
0,94946385442,282861039
0,94948679840,282878409
0,94950974238,282893607
0,94953268636,282906906
0,94955563034,282918542
0,94957857432,282928724
0,94960151830,283062633
0,94962446228,283054803
0,94964740626,283047952
0,94967035024,283166958
0,94969329422,283146088
0,94971623820,283127827
0,94973918218,283111848
0,94976212616,283222867
0,94978507014,283195008
0,94980801412,283170632
0,94983095810,283274303
0,94985390208,283240015
0,94987684606,283210013
0,94989979004,283183761
0,94992273402,283160790
0,94994567800,283140691
0,94996862198,283123104
0,94999156596,283232716
0,95001450994,283203626
0,95003745392,283178172
0,95208446013,308530900
0,95208489213,305089537
0,95208532413,302078344
0,95208575613,299443551
0,95208618813,297138107
0,95208662013,295120843
0,95208705213,293355737
0,95208748413,291811269
0,95208791613,290459860
0,95208834813,289277377
0,95208878013,288242704
0,95208921213,287337366
0,95208964413,286545195
0,95209007613,285852045
0,95209050813,285245539
0,95209094013,284714846
0,95209137213,284250490
0,95209180413,283844178
0,95209223613,283488655
0,95209266813,283177573
0,95209310013,282905376
0,95209353213,282667204
0,95209396413,282458803
0,95209439613,282276452
0,95209482813,282116895
0,95209526013,281977283
0,95209569213,281855122
0,95209612413,281748231
0,95209655613,281654702
0,95209698813,281572864
0,95209742013,281501256
0,95209785213,281438599
0,95209828413,281383774
0,95209871613,281335802
0,95209914813,281293826
0,95209958013,281257097
0,95210001213,281349959
0,95210044413,281306214
0,95210087613,281267937
0,95210130813,281234444
0,95210174013,281205138
0,95210217213,281179495
0,95210260413,281157058
0,95210303613,281137425
0,95210346813,281120246
0,95210390013,281105215
0,95210433213,281092063
0,95210476413,281080555
0,95211289055,281195485
0,95213583453,281421049
0,95215877851,281618417
0,95218172249,281916114
0,95220466647,282051599
0,95222761045,282170149
0,95225055443,282398880
0,95227349841,282474020
0,95229644239,282539767
0,95231938637,282597296
0,95234233035,282772634
0,95236527433,282801054
0,95238821831,282825922
0,95241116229,282972681
0,95243410627,282976095
0,95245705025,282979083
0,95247999423,282981697
0,95250293821,282983984
0,95252588219,282985986
0,95254882617,282987737
0,95257177015,283114269
0,95259471413,283099985
0,95261765811,283087486
0,95264060209,283201550
0,95266354607,283176356
0,95268649005,283154311
0,95270943403,283135022
0,95273237801,283243144
0,95275532199,283212751
0,95277826597,283186157
0,95280120995,283287887
0,95282415393,283251901
0,95284709791,283220413
0,95490557611,308692861
0,95490600811,305356253
0,95490644011,302436721
0,95490687211,299882130
0,95490730411,297646863
0,95490773611,295691005
0,95490816811,293979629
0,95490860011,292482175
0,95490903211,291171903
0,95490946411,290025415
0,95490989611,289022238
0,95491032811,288269458
0,95491076011,287610775
0,95491119211,287034428
0,95491162411,286405124
0,95491205611,285854483
0,95491248811,285372672
0,95491292011,284951088
0,95491335211,284582202
0,95491378411,284259426
0,95491421611,283976997
0,95491464811,283729872
0,95491508011,283513638
0,95491551211,283324433
0,95491594411,283158878
0,95491637611,283014018
0,95491680811,282887265
0,95491724011,282776356
0,95491767211,282679311
0,95491810411,282594397
0,95491853611,282520097
0,95491896811,282455084
0,95491940011,282398198
0,95491983211,282348423
0,95492026411,282429870
0,95492069611,282501136
0,95492112811,282563494
0,95492156011,282493057
0,95492199211,282431424
0,95492242411,282377496
0,95492285611,282330309
0,95492328811,282289020
0,95492372011,282252892
0,95492415211,282221280
0,95492458411,282193620
0,95492501611,282169417
0,95492544811,282148239
0,95492588011,282129709
0,95492631211,282113495
0,95494547852,282224308
0,95496842250,282321269
0,95499136648,282531110
0,95501431046,282589721
0,95503725444,282641005
0,95506019842,282810879
0,95508314240,282834519
0,95510608638,282855204
0,95512903036,282873303
0,95515197434,283014140
0,95517491832,283012372
0,95519786230,283010825
0,95522080628,283134471
0,95524375026,283117662
0,95526669424,283102954
0,95528963822,283090084
0,95531258220,283203823
0,95533552618,283178345
0,95535847016,283156051
0,95538141414,283261544
0,95540435812,283228851
0,95542730210,283200244
0,95545024608,283300213
0,95547319006,283262686
0,95549613404,283229850
0,95551907802,283201118
0,95554202200,283300978
0,95556496598,283263355
0,95558790996,283230435
0,95561085394,283326630
0,95563379792,283285801
0,95565674190,283250075
0,95567968588,283218815
0,95773816408,283191463
0,95773859608,283167530
0,95773902808,283146588
0,95773946008,283128264
0,95773989208,283112231
0,95774032408,283223202
0,95774075608,283320301
0,95774118808,283405263
0,95774162008,283479605
0,95774205208,283544654
0,95774248408,283601572
0,95774291608,283526375
0,95774334808,283460578
0,95774378008,283403005
0,95774421208,283352629
0,95774464408,283308550
0,95774507608,283269981
0,95774550808,283236233
0,95774594008,283206703
0,95774637208,283180865
0,95774680408,283158256
0,95774723608,283138474
0,95774766808,283121164
0,95774810008,283106018
0,95774853208,283092765
0,95774896408,283081169
0,95774939608,283071022
0,95774982808,283062144
0,95775026008,283179376
0,95775069208,283281954
0,95775112408,283371709
0,95775155608,283450245
0,95775198808,283518964
0,95775242008,283579093
0,95775285208,283506706
0,95775328408,283443367
0,95775371608,283387946
0,95775414808,283339452
0,95775458008,283297020
0,95775501208,283259892
0,95775544408,283227405
0,95775587608,283198979
0,95775630808,283174106
0,95775674008,283152342
0,95775717208,283133299
0,95775760408,283116636
0,95775803608,283102056
0,95775846808,283089299
0,95775890008,283078136
0,95777806649,283068369
0,95780101047,283184822
0,95782395445,283161719
0,95784689843,283141504
0,95786984241,283123816
0,95789278639,283108339
0,95791573037,283094796
0,95793867435,283082946
0,95796161833,283197577
0,95798456231,283172879
0,95800750629,283151269
0,95803045027,283257360
0,95805339425,283225190
0,95807633823,283197041
0,95809928221,283172410
0,95812222619,283275858
0,95814517017,283241375
0,95816811415,283211203
0,95819105813,283309802
0,95821400211,283271076
0,95823694609,283237191
0,95825989007,283207542
0,95828283405,283181599
0,95830577803,283158899
0,95832872201,283139036
0,95835166599,283246656
0,95837460997,283215824
0,95839755395,283188846
0,95842049793,283290240
0,95844344191,283253960
0,95846638589,283222215
0,95848932987,283194438
0,95851227385,283295133
0,96058222404,283508241
0,96058265604,283694710
0,96058308804,283857871
0,96058352004,284000637
0,96058395204,284125557
0,96058438404,284109862
0,96058481604,284096129
0,96058524804,284084112
0,96058568004,284073598
0,96058611204,284064398
0,96058654404,284056348
0,96058697604,284049304
0,96058740804,284043141
0,96058784004,284037748
0,96058827204,284033029
0,96058870404,284028900
0,96058913604,284025287
0,96058956804,284022126
0,96059000004,284144360
0,96059043204,284251315
0,96059086404,284344900
0,96059129604,284426787
0,96059172804,284498438
0,96059216004,284561133
0,96059259204,284615991
0,96059302404,284663992
0,96059345604,284705993
0,96059388804,284742743
0,96059432004,284649900
0,96059475204,284568662
0,96059518404,284497579
0,96059561604,284435381
0,96059604804,284380958
0,96059648004,284333338
0,96059691204,284291670
0,96059734404,284255211
0,96059777604,284223309
0,96059820804,284195395
0,96059864004,284170970
0,96059907204,284149598
0,96059950404,284130898
0,96059993604,284114535
0,96060036804,284225218
0,96060080004,284322065
0,96060123204,284406806
0,96060166404,284480955
0,96060209604,284545835
0,96060252804,284602605
0,96060296004,284652279
0,96061065446,284570744
0,96063359844,284374401
0,96065654242,284202600
0,96067948640,284052275
0,96070243038,284045740
0,96072537436,283915022
0,96074831834,283800644
0,96077126232,283825563
0,96079420630,283722367
0,96081715028,283632071
0,96084009426,283678062
0,96086303824,283593304
0,96088598222,283519141
0,96090892620,283454248
0,96093187018,283522467
0,96095481416,283457158
0,96097775814,283650013
0,96100070212,283943761
0,96102364610,284200790
0,96104659008,284300691
0,96106953406,284388104
0,96109247804,284589591
0,96111542202,284765892
0,96113836600,284795155
0,96116130998,284945760
0,96118425396,285077540
0,96120719794,285067847
0,96123014192,285184366
0,96125308590,285286320
0,96127602988,285250530
0,96129897386,285219213
0,96132191784,285316811
0,96134486182,285402209
0,96341481201,310976932
0,96341524401,307479815
0,96341567601,304419838
0,96341610801,301742358
0,96341654001,299399563
0,96341697201,297349617
0,96341740401,295555914
0,96341783601,293986424
0,96341826801,292613121
0,96341870001,291411480
0,96341913201,290360045
0,96341956401,289440039
0,96341999601,288635034
0,96342042801,288055654
0,96342086001,287548697
0,96342129201,287105109
0,96342172401,286716970
0,96342215601,286377348
0,96342258801,286080179
0,96342302001,285695156
0,96342345201,285358261
0,96342388401,285063478
0,96342431601,284805543
0,96342474801,284579850
0,96342518001,284382368
0,96342561201,284209572
0,96342604401,284058375
0,96342647601,283926078
0,96342690801,283810318
0,96342734001,283709028
0,96342777201,283620399
0,96342820401,283542849
0,96342863601,283474992
0,96342906801,283415618
0,96342950001,283363665
0,96342993201,283318206
0,96343036401,283403430
0,96343079601,283478001
0,96343122801,283543250
0,96343166001,283600343
0,96343209201,283650300
0,96343252401,283694012
0,96343295601,283732260
0,96343338801,283640727
0,96343382001,283560636
0,96343425201,283490556
0,96343468401,283429236
0,96343511601,283375581
0,96343554801,283328633
0,96344324243,283412553
0,96346618641,283610983
0,96348913039,283784610
0,96351207437,284061533
0,96353501835,284303841
0,96355796233,284390860
0,96358090631,284592002
0,96360385029,284768001
0,96362679427,284797000
0,96364973825,284822375
0,96367268223,284969578
0,96369562621,284973380
0,96371857019,284976707
0,96374151417,285104618
0,96376445815,285216540
0,96378740213,285189472
0,96381034611,285290788
0,96383329009,285379439
0,96385623407,285332009
0,96387917805,285290507
0,96390212203,285379193
0,96392506601,285456793
0,96394800999,285399693
0,96397095397,285474731
0,96399389795,285540389
0,96401684193,285472840
0,96403978591,285413735
0,96406272989,285487018
0,96408567387,285426140
0,96410861785,285372872
0,96413156183,285451263
0,96415450581,285519855
0,96417744979,285454873
0,96625887197,311148013
0,96625930397,307754511
0,96625973597,304785197
0,96626016797,302312047
0,96626059997,300148041
0,96626103197,298254535
0,96626146397,296597718
0,96626189597,295148003
0,96626232797,293879502
0,96626275997,292769564
0,96626319197,291798368
0,96626362397,290948572
0,96626405597,290205000
0,96626448797,289554375
0,96626491997,288860078
0,96626535197,288252568
0,96626578397,287720997
0,96626621597,287255872
0,96626664797,286848888
0,96626707997,286492777
0,96626751197,286181179
0,96626794397,285908531
0,96626837597,285669964
0,96626880797,285461218
0,96626923997,285278565
0,96626967197,285118744
0,96627010397,285103901
0,96627053597,285090913
0,96627096797,285079548
0,96627139997,285069604
0,96627183197,285060903
0,96627226397,285053290
0,96627269597,285046628
0,96627312797,285040799
0,96627355997,285035699
0,96627399197,285031236
0,96627442397,285027331
0,96627485597,284898914
0,96627528797,284786549
0,96627571997,284688230
0,96627615197,284602201
0,96627658397,284526925
0,96627701597,284461059
0,96627744797,284403426
0,96627787997,284352997
0,96627831197,284308872
0,96627874397,284270263
0,96627917597,284236480
0,96627960797,284206920
0,96628003997,284306055
0,96629877438,284392798
0,96632171836,284593698
0,96634466234,284769485
0,96636760632,284798299
0,96639055030,284948511
0,96641349428,285079947
0,96643643826,285069953
0,96645938224,285061208
0,96648232622,285178557
0,96650527020,285281237
0,96652821418,285246082
0,96655115816,285340321
0,96657410214,285422780
0,96659704612,285369932
0,96661999010,285323690
0,96664293408,285408228
0,96666587806,285357199
0,96668882204,285312549
0,96671176602,285398480
0,96673471000,285473670
0,96675765398,285414461
0,96678059796,285487653
0,96680354194,285551696
0,96682648592,285482734
0,96684942990,285422392
0,96687237388,285494593
0,96689531786,285557768
0,96691826184,285488047
0,96694120582,285552041
0,96696414980,285608035
0,96698709378,285532030
0,96701003776,285590526
0,96703298174,285641710
0,96911440392,285686496
0,96911483592,285725684
0,96911526792,285759973
0,96911569992,285664976
0,96911613192,285581854
0,96911656392,285509122
0,96911699592,285445481
0,96911742792,285389795
0,96911785992,285341070
0,96911829192,285298436
0,96911872392,285261131
0,96911915592,285228489
0,96911958792,285199927
0,96912001992,285299936
0,96912045192,285387444
0,96912088392,285464013
0,96912131592,285531011
0,96912174792,285589634
0,96912217992,285640929
0,96912261192,285685812
0,96912304392,285725085
0,96912347592,285759449
0,96912390792,285789517
0,96912433992,285815827
0,96912477192,285838848
0,96912520392,285858992
0,96912563592,285751618
0,96912606792,285657665
0,96912649992,285575456
0,96912693192,285503524
0,96912736392,285440583
0,96912779592,285385510
0,96912822792,285337321
0,96912865992,285295155
0,96912909192,285258260
0,96912952392,285225977
0,96912995592,285197729
0,96913038792,285298012
0,96913081992,285385760
0,96913125192,285462540
0,96913168392,285529722
0,96913211592,285588506
0,96913254792,285639942
0,96913297992,285684949
0,96913341192,285724330
0,96913384392,285758788
0,96913427592,285788939
0,96913470792,285815321
0,96913513992,285838405
0,96913557192,285733604
0,96915430633,285766903
0,96917725031,285671040
0,96920019429,285712160
0,96922313827,285748140
0,96924608225,285654622
0,96926902623,285572794
0,96929197021,285626194
0,96931491419,285672919
0,96933785817,285588804
0,96936080215,285640203
0,96938374613,285685177
0,96940669011,285599529
0,96942963409,285524587
0,96945257807,285584013
0,96947552205,285636011
0,96949846603,285556509
0,96952141001,285611945
0,96954435399,285660451
0,96956729797,285577894
0,96959024195,285630657
0,96961318593,285676824
0,96963612991,285592221
0,96965907389,285518193
0,96968201787,285578418
0,96970496185,285631115
0,96972790583,285552225
0,96975084981,285608196
0,96977379379,285657171
0,96979673777,285575024
0,96981968175,285503146
0,96984262573,285565252
0,96986556971,285494595
0,96988851369,285432770
0,97198140786,285628673
0,97198183986,285800088
0,97198227186,285950077
0,97198270386,286081317
0,97198313586,286196152
0,97198356786,286296633
0,97198399986,286384553
0,97198443186,286461483
0,97198486386,286528797
0,97198529586,286587697
0,97198572786,286639234
0,97198615986,286684329
0,97198659186,286723787
0,97198702386,286633313
0,97198745586,286554148
0,97198788786,286484879
0,97198831986,286424269
0,97198875186,286371235
0,97198918386,286324830
0,97198961586,286284226
0,97199004786,286373697
0,97199047986,286451984
0,97199091186,286520486
0,97199134386,286580425
0,97199177586,286632871
0,97199220786,286678762
0,97199263986,286718916
0,97199307186,286754051
0,97199350386,286784794
0,97199393586,286811694
0,97199436786,286835232
0,97199479986,286855828
0,97199523186,286873849
0,97199566386,286889617
0,97199609586,286903414
0,97199652786,286915487
0,97199695986,286926051
0,97199739186,286810294
0,97199782386,286709007
0,97199825586,286620381
0,97199868786,286542833
0,97199911986,286474978
0,97199955186,286415605
0,97199998386,286363654
0,97200041586,286443197
0,97200084786,286512797
0,97200127986,286573697
0,97200171186,286626984
0,97200214386,286673611
0,97200257586,286714409
0,97200983828,286500107
0,97203278226,286437593
0,97205572624,286257893
0,97207867022,286100656
0,97210161420,286088074
0,97212455818,286077064
0,97214750216,285942431
0,97217044614,285949627
0,97219339012,285955923
0,97221633410,285836432
0,97223927808,285731878
0,97226222206,285765393
0,97228516604,285794718
0,97230811002,285695378
0,97233105400,285733455
0,97235399798,285766773
0,97237694196,285670926
0,97239988594,285587060
0,97242282992,285638677
0,97244577390,285558842
0,97246871788,285488986
0,97249166186,285552862
0,97251460584,285608754
0,97253754982,285532659
0,97256049380,285591076
0,97258343778,285642191
0,97260638176,285561917
0,97262932574,285491677
0,97265226972,285555217
0,97267521370,285610814
0,97269815768,285534462
0,97272110166,285842654
0,97274404564,286112322
0,97483693981,312223281
0,97483737181,308820370
0,97483780381,305842823
0,97483823581,303237470
0,97483866781,300957786
0,97483909981,298963062
0,97483953181,297217679
0,97483996381,295690469
0,97484039581,294479160
0,97484082781,293419265
0,97484125981,292491856
0,97484169181,291680374
0,97484212381,290970327
0,97484255581,290349036
0,97484298781,289805406
0,97484341981,289329730
0,97484385181,288913513
0,97484428381,288549323
0,97484471581,288230657
0,97484514781,287951824
0,97484557981,287707846
0,97484601181,287369365
0,97484644381,287073194
0,97484687581,286814044
0,97484730781,286587288
0,97484773981,286388877
0,97484817181,286215267
0,97484860381,286063358
0,97484903581,285930438
0,97484946781,285814133
0,97484989981,285712366
0,97485033181,285748320
0,97485076381,285779780
0,97485119581,285807307
0,97485162781,285831393
0,97485205981,285852468
0,97485249181,285870909
0,97485292381,285887045
0,97485335581,285901164
0,97485378781,285913518
0,97485421981,285924328
0,97485465181,285933787
0,97485508381,285942063
0,97485551581,285949305
0,97485594781,285955641
0,97485637981,285836185
0,97485681181,285731661
0,97485724381,285640203
0,97485767581,285560177
0,97485810781,285490154
0,97486537023,285553884
0,97488831421,285859648
0,97491125819,286127192
0,97493420217,286361293
0,97495714615,286566131
0,97498009013,286745364
0,97500303411,286902193
0,97502597809,287039418
0,97504892207,287034490
0,97507186605,287155178
0,97509481003,287260780
0,97511775401,287353182
0,97514069799,287434034
0,97516364197,287504779
0,97518658595,287566681
0,97520952993,287495845
0,97523247391,287558864
0,97525541789,287614006
0,97527836187,287662255
0,97530130585,287704473
0,97532424983,287741413
0,97534719381,287773736
0,97537013779,287802019
0,97539308177,287826766
0,97541602575,287848420
0,97543896973,287742367
0,97546191371,287774571
0,97548485769,287802749
0,97550780167,287827405
0,97553074565,287848979
0,97555368963,287867856
0,97557663361,287884374
0,97559957759,287773827
0,97769247176,313677098
0,97769290376,310217460
0,97769333576,307190277
0,97769376776,304541492
0,97769419976,302223805
0,97769463176,300195829
0,97769506376,298421350
0,97769549576,296868681
0,97769592776,295510095
0,97769635976,294196333
0,97769679176,293046791
0,97769722376,292040942
0,97769765576,291160824
0,97769808776,290390721
0,97769851976,289716880
0,97769895176,289127270
0,97769938376,288611361
0,97769981576,288159940
0,97770024776,287889947
0,97770067976,287653703
0,97770111176,287446990
0,97770154376,287266116
0,97770197576,287107851
0,97770240776,286969369
0,97770283976,286848197
0,97770327176,286742172
0,97770370376,286649400
0,97770413576,286568225
0,97770456776,286497196
0,97770499976,286435046
0,97770543176,286380665
0,97770586376,286333081
0,97770629576,286166445
0,97770672776,286020639
0,97770715976,285893059
0,97770759176,285781426
0,97770802376,285683747
0,97770845576,285598278
0,97770888776,285523493
0,97770931976,285458056
0,97770975176,285400799
0,97771018376,285475699
0,97771061576,285541236
0,97771104776,285598581
0,97771147976,285648758
0,97771191176,285692663
0,97771234376,285731080
0,97771277576,285764695
0,97771320776,285794108
0,97771363976,285819844
0,97772090218,285967363
0,97774384616,286221442
0,97776679014,286443761
0,97778973412,286513290
0,97781267810,286699128
0,97783562208,286861737
0,97785856606,286879019
0,97788151004,287019141
0,97790445402,287141748
0,97792739800,287249029
0,97795034198,287342900
0,97797328596,287425037
0,97799622994,287496907
0,97801917392,287434793
0,97804211790,287505443
0,97806506188,287567262
0,97808800586,287621354
0,97811094984,287668684
0,97813389382,287710098
0,97815683780,287746335
0,97817978178,287653043
0,97820272576,287696412
0,97822566974,287734360
0,97824861372,287642565
0,97827155770,287687244
0,97829450168,287726338
0,97831744566,287760545
0,97834038964,287790476
0,97836333362,287816666
0,97838627760,287839582
0,97840922158,287734634
0,97843216556,287767804
0,97845510954,287796828
0,98055947570,313822224
0,98055990770,310344446
0,98056033970,307426390
0,98056077170,304873091
0,98056120370,302638954
0,98056163570,300684084
0,98056206770,298973573
0,98056249970,297476876
0,98056293170,296167266
0,98056336370,295021357
0,98056379570,294018687
0,98056422770,293141351
0,98056465970,292373682
0,98056509170,291701971
0,98056552370,291114224
0,98056595570,290599946
0,98056638770,290149952
0,98056681970,289756208
0,98056725170,289411682
0,98056768370,288985221
0,98056811570,288612068
0,98056854770,288285559
0,98056897970,287999864
0,98056941170,287749881
0,98056984370,287531145
0,98057027570,287464751
0,98057070770,287406657
0,98057113970,287355824
0,98057157170,287311346
0,98057200370,287272427
0,98057243570,287238373
0,98057286770,287208576
0,98057329970,287182504
0,98057373170,287159691
0,98057416370,287139729
0,98057459570,287122262
0,98057502770,287106979
0,98057545970,287093606
0,98057589170,287081905
0,98057632370,287071666
0,98057675570,287062707
0,98057718770,287054868
0,98057761970,286923009
0,98057805170,286807632
0,98057848370,286706678
0,98057891570,286618343
0,98057934770,286541050
0,98057977970,286473418
0,98058021170,286539240
0,98058064370,286596835
0,98058107570,286647230
0,98059937811,286691326
0,98062232209,286854910
0,98064526607,286998046
0,98066821005,287123290
0,98069115403,287232878
0,98071409801,287328768
0,98073704199,287412672
0,98075998597,287361088
0,98078292995,287440952
0,98080587393,287510833
0,98082881791,287446978
0,98085176189,287516105
0,98087470587,287576591
0,98089764985,287629517
0,98092059383,287675827
0,98094353781,287716348
0,98096648179,287751804
0,98098942577,287657828
0,98101236975,287700599
0,98103531373,287738024
0,98105825771,287770771
0,98108120169,287799424
0,98110414567,287824496
0,98112708965,287846434
0,98115003363,287865629
0,98117297761,287882425
0,98119592159,287897121
0,98121886557,287784980
0,98124180955,287811857
0,98126475353,287835374
0,98128769751,287855952
0,98131064149,287873958
0,98133358547,287889713
0,98343795163,287903498
0,98343838363,287915560
0,98343881563,287801115
0,98343924763,287700975
0,98343967963,287613353
0,98344011163,287661683
0,98344054363,287703972
0,98344097563,287740975
0,98344140763,287773353
0,98344183963,287801683
0,98344227163,287826472
0,98344270363,287848163
0,98344313563,287867142
0,98344356763,287883749
0,98344399963,287898280
0,98344443163,287910995
0,98344486363,287922120
0,98344529563,287931855
0,98344572763,287940373
0,98344615963,287947826
0,98344659163,287954347
0,98344702363,287960053
0,98344745563,287965046
0,98344788763,287969415
0,98344831963,287973238
0,98344875163,287851583
0,98344918363,287745135
0,98344961563,287651993
0,98345004763,287695493
0,98345047963,287733556
0,98345091163,287766861
0,98345134363,287796003
0,98345177563,287821502
0,98345220763,287843814
0,98345263963,287863337
0,98345307163,287880419
0,98345350363,287895366
0,98345393563,287908445
0,98345436763,287919889
0,98345479963,287929902
0,98345523163,287938664
0,98345566363,287946331
0,98345609563,287953039
0,98345652763,287958909
0,98345695963,287964045
0,98345739163,287968539
0,98345782363,287972471
0,98345825563,287975912
0,98345868763,287853923
0,98345911963,287747182
0,98345955163,287653784
0,98347785404,287697061
0,98350079802,287734928
0,98352374200,287768062
0,98354668598,287797054
0,98356962996,287697422
0,98359257394,287735244
0,98361551792,287768338
0,98363846190,287797295
0,98366140588,287822633
0,98368434986,287844803
0,98370729384,287864202
0,98373023782,287881176
0,98375318180,287896029
0,98377612578,287909025
0,98379906976,287795396
0,98382201374,287820971
0,98384495772,287843349
0,98386790170,287862930
0,98389084568,287880063
0,98391378966,287895055
0,98393673364,287908173
0,98395967762,287794651
0,98398262160,287820319
0,98400556558,287842779
0,98402850956,287737431
0,98405145354,287770252
0,98407439752,287798970
0,98409734150,287824098
0,98412028548,287846085
0,98414322946,287865324
0,98416617344,287882158
0,98418911742,287771888
0,98421206140,287800402
0,98631642756,287825351
0,98631685956,287847182
0,98631729156,287866284
0,98631772356,287882998
0,98631815556,287897623
0,98631858756,287785420
0,98631901956,287687242
0,98631945156,287601336
0,98631988356,287526169
0,98632031556,287585397
0,98632074756,287637222
0,98632117956,287682569
0,98632161156,287722247
0,98632204356,287756966
0,98632247556,287787345
0,98632290756,287813926
0,98632333956,287837185
0,98632377156,287857536
0,98632420356,287875344
0,98632463556,287890926
0,98632506756,287904560
0,98632549956,287916490
0,98632593156,287926928
0,98632636356,287936062
0,98632679556,287944054
0,98632722756,287951047
0,98632765956,287957166
0,98632809156,287962520
0,98632852356,287967205
0,98632895556,287846304
0,98632938756,287740516
0,98632981956,287647951
0,98633025156,287691957
0,98633068356,287730462
0,98633111556,287764154
0,98633154756,287793634
0,98633197956,287819429
0,98633241156,287842000
0,98633284356,287861750
0,98633327556,287879031
0,98633370756,287894152
0,98633413956,287907383
0,98633457156,287918960
0,98633500356,287929090
0,98633543556,287937953
0,98633586756,287945708
0,98633629956,287952494
0,98633673156,287958432
0,98633716356,287963628
0,98633759556,287968174
0,98633802756,287972152
0,99038656490,275725633
0,99038699690,265009928
0,99038742890,255633687
0,99038786090,247429476
0,99038829290,240250791
0,99038872490,233969442
0,99038915690,228473261
0,99039205134,223664103
0,99041499532,219706090
0,99043793930,216242828
0,99046088328,213337474
0,99048382726,210795289
0,99050677124,208445877
0,99052971522,206390142
0,99055265920,204716374
0,99057560318,203126827
0,99059854716,201735973
0,99062149114,200643976
0,99064443512,199688479
0,99066737910,198727419
0,99069032308,198011491
0,99071326706,197385054
0,99073621104,196711922
0,99075915502,196122931
0,99078209900,195732564
0,99080504298,195265993
0,99082798696,194857743
0,99085093094,194625525
0,99087387492,194422334
0,99089681890,194119542
0,99091976288,193854599
0,99094270686,193747774
0,99096565084,193529302
0,99098859482,193338139
0,99101153880,193295871
0,99103448278,193258887
0,99105742676,193101526
0,99108037074,193088835
0,99110331472,193077730
0,99112625870,192943013
0,99114920268,192825136
0,99227844969,206596994
0,99227888169,204397369
0,99227931369,202472697
0,99227974569,200788609
0,99228017769,199440032
0,99228060969,198260028
0,99228104169,197227524
0,99228393613,196324083
0,99230688011,195658572
0,99232982409,195076250
0,99235276807,194691718
0,99237571205,194230253
0,99239865603,193826471
0,99242160001,193598162
0,99244454399,193398391
0,99246748797,193098592
0,99249043195,192961268
0,99251337593,192841109
0,99253631991,192610970
0,99255926389,192409598
0,99258220787,192358398
0,99260515185,192188598
0,99262809583,192040023
0,99265103981,192035020
0,99267398379,192030642
0,99269692777,191901811
0,99271987175,191789084
0,99274281573,191815448
0,99276575971,191713517
0,99278870369,191624327
0,99281164767,191671286
0,99283459165,191712375
0,99285753563,191623328
0,99288047961,191670412
0,99290342359,191711610
0,99292636757,191622658
0,99294931155,191544825
0,99297225553,191601721
0,99299519951,191526505
0,99301814349,191460691
0,99304108747,191528104
0,99418180647,205587091
0,99418223847,203763704
0,99418267047,202168241
0,99418310247,200772210
0,99418353447,199550683
0,99418396647,198356847
0,99418439847,197312241
0,99418483047,196398210
0,99419876490,195723433
0,99422170888,195258003
0,99424465286,194850752
0,99426759684,194369408
0,99429054082,194073232
0,99431348480,193814078
0,99433642878,193462318
0,99435937276,193154528
0,99438231674,193010212
0,99440526072,192758935
0,99442820470,192539068
0,99445114868,192471684
0,99447409266,192412723
0,99449703664,192236132
0,99451998062,192081615
0,99454292460,192071413
0,99456586858,191937486
0,99458881256,191820300
0,99461175654,191842762
0,99463470052,191862416
0,99465764450,191754614
0,99468058848,191785287
0,99470353246,191812126
0,99472647644,191710610
0,99474942042,191621783
0,99477236440,191669060
0,99479530838,191585427
0,99481825236,191512248
0,99484119634,191573217
0,99486414032,191626564
0,99488708430,191548243
0,99491002828,191604712
0,99493297226,191654123
0,99495591624,191572357
0,99609663524,191500812
0,99609706724,191438210
0,99609749924,191383433
0,99609793124,191335503
0,99609836324,191293565
0,99609879524,191256869
0,99609922724,191224760
0,99609965924,191196665
0,99611359367,191297081
0,99613653765,191259945
0,99615948163,191227451
0,99618242561,191324019
0,99620536959,191283516
0,99622831357,191248076
0,99625125755,191342066
0,99627420153,191424307
0,99629714551,191371268
0,99632008949,191449859
0,99634303347,191518626
0,99636597745,191453797
0,99638892143,191397072
0,99641186541,191472438
0,99643480939,191538383
0,99645775337,191471085
0,99648069735,191537199
0,99650364133,191595049
0,99652658531,191520667
0,99654952929,191455583
0,99657247327,191523635
0,99659541725,191458180
0,99661836123,191400907
0,99664130521,191475793
0,99666424919,191541318
0,99668719317,191473653
0,99671013715,191539446
0,99673308113,191597015
0,99675602511,191522388
0,99677896909,191457089
0,99680191307,191524952
0,99682485705,191459333
0,99684780103,191401916
0,99687074501,191476676
0,99802293600,191667091
0,99802336800,191833704
0,99802380000,191979491
0,99802423200,192107054
0,99802466400,192218672
0,99802509600,192316338
0,99802552800,192401795
0,99802596000,192476570
0,99802842244,192541998
0,99805136642,192724248
0,99807431040,192883717
0,99809725438,193023252
0,99812019836,193145345
0,99814314234,193252176
0,99816608632,193345654
0,99818903030,193302447
0,99821197428,193389641
0,99823491826,193465935
0,99825786224,193407693
0,99828080622,193481731
0,99830375020,193546514
0,99832669418,193603199
0,99834963816,193527799
0,99837258214,193586824
0,99839552612,193638471
0,99841847010,193558662
0,99844141408,193613829
0,99846435806,193662100
0,99848730204,193704337
0,99851024602,193741294
0,99853319000,193773632
0,99855613398,193801928
0,99857907796,193701687
0,99860202194,193738976
0,99862496592,193771604
0,99864790990,193675153
0,99867085388,193715758
0,99869379786,193751288
0,99871674184,193782377
0,99873968582,193684579
0,99876262980,193724006
0,99878557378,193758505
0,99993776477,207788691
0,99993819677,205690104
0,99993862877,203853841
0,99993906077,202247110
0,99993949277,200841221
0,99993992477,199611068
0,99994035677,198659684
0,99994078877,197827223
0,99994325121,197098820
0,99996619519,196711467
0,99998913917,196247533
0,100001208315,195966591
0,100003502713,195720767
0,100005797111,195380671
0,100008091509,195208087
0,100010385907,195057076
0,100012680305,194924941
0,100014974703,194684323
0,100017269101,194598782
0,100019563499,194523934
0,100021857897,194333442
0,100024152295,194291761
0,100026446693,194255290
0,100028741091,194223378
0,100031035489,194195455
0,100033329887,194171023
0,100035624285,194149645
0,100037918683,194005939
0,100040213081,194005196
0,100042507479,194004546
0,100044801877,193878977
0,100047096275,193894104
0,100049390673,193907341
0,100051685071,193918923
0,100053979469,193804057
0,100056273867,193828549
0,100058568265,193849980
0,100060862663,193743732
0,100063157061,193775765
0,100065451459,193803794
0,100067745857,193828319
0,100070040255,193849779
0,100186406553,208118556
0,100186449753,206228736
0,100186492953,204575144
0,100186536153,203128251
0,100186579353,201862219
0,100186622553,200754441
0,100186665753,199785135
0,100186708953,198811993
0,100186752153,197960493
0,100188102396,197465431
0,100190396794,197032252
0,100192691192,196653220
0,100194985590,196196567
0,100197279988,195921996
0,100199574386,195681746
0,100201868784,195346527
0,100204163182,195178211
0,100206457580,195030934
0,100208751978,194902067
0,100211046376,194789308
0,100213340774,194690644
0,100215635172,194604313
0,100217929570,194403773
0,100220223968,194353301
0,100222518366,194309138
0,100224812764,194145495
0,100227107162,194127308
0,100229401560,194111394
0,100231695958,194097469
0,100233990356,193960285
0,100236284754,193965249
0,100238579152,193969592
0,100240873550,193848393
0,100243167948,193867343
0,100245462346,193883925
0,100247756744,193898434
0,100250051142,193911129
0,100252345540,193922237
0,100254639938,193931957
0,100256934336,193815462
0,100259228734,193838529
0,100261523132,193858712
0,100263817530,193751373
0,100380183828,193782451
0,100380227028,193809644
0,100380270228,193833438
0,100380313428,193854258
0,100380356628,193872475
0,100380399828,193888415
0,100380443028,193902363
0,100380486228,193914567
0,100380529428,193925246
0,100381879671,193809590
0,100384174069,193833391
0,100386468467,193854217
0,100388762865,193872439
0,100391057263,193888384
0,100393351661,193902336
0,100395646059,193914544
0,100397940457,193800226
0,100400234855,193825197
0,100402529253,193847047
0,100404823651,193741166
0,100407118049,193773520
0,100409412447,193801830
0,100411706845,193826601
0,100414001243,193848275
0,100416295641,193867240
0,100418590039,193883835
0,100420884437,193773355
0,100423178835,193801685
0,100425473233,193826474
0,100427767631,193848164
0,100430062029,193867143
0,100432356427,193883750
0,100434650825,193898281
0,100436945223,193785995
0,100439239621,193812745
0,100441534019,193836151
0,100443828417,193731632
0,100446122815,193765178
0,100448417213,193794530
0,100450711611,193820213
0,100453006009,193842686
0,100455300407,193862350
0,100457594805,193879556
0,100575108302,194019611
0,100575151502,194142159
0,100575194702,194249389
0,100575237902,194343215
0,100575281102,194425313
0,100575324302,194497148
0,100575367502,194560004
0,100575410702,194615003
0,100575453902,194663127
0,100575656946,194580236
0,100577951344,194382706
0,100580245742,194334867
0,100582540140,194293008
0,100584834538,194131382
0,100587128936,194364959
0,100589423334,194569339
0,100591717732,194748171
0,100594012130,195029649
0,100596306528,195150942
0,100598600926,195257074
0,100600895324,195349939
0,100603189722,195431196
0,100605484120,195502296
0,100607778518,195564509
0,100610072916,195618945
0,100612367314,195666576
0,100614661712,195708254
0,100616956110,195744722
0,100619250508,195776631
0,100621544906,195804552
0,100623839304,195828983
0,100626133702,195850360
0,100628428100,195869065
0,100630722498,195885431
0,100633016896,196024752
0,100635311294,196021658
0,100637605692,196018950
0,100639900090,196016581
0,100642194488,196014508
0,100644488886,196012694
0,100646783284,196011107
0,100649077682,196009718
0,100651372080,196008503
0,100768885577,210382440
0,100768928777,208209635
0,100768971977,206308430
0,100769015177,204769876
0,100769058377,203423641
0,100769101577,202245685
0,100769144777,201214974
0,100769187977,200313102
0,100769231177,199523964
0,100769434221,198833468
0,100771728619,198479284
0,100774023017,198294373
0,100776317415,198007576
0,100778611813,197756629
0,100780906211,197537050
0,100783200609,197344918
0,100785495007,197176803
0,100787789405,197029702
0,100790083803,196900989
0,100792378201,196788365
0,100794672599,196689819
0,100796966997,196603591
0,100799261395,196528142
0,100801555793,196462124
0,100803850191,196404358
0,100806144589,196353813
0,100808438987,196309586
0,100810733385,196270887
0,100813027783,196362026
0,100815322181,196316772
0,100817616579,196277175
0,100819910977,196242528
0,100822205375,196212212
0,100824499773,196185685
0,100826794171,196162474
0,100829088569,196142164
0,100831382967,196124393
0,100833677365,196108843
0,100835971763,196095237
0,100838266161,196083332
0,100840560559,196072915
0,100842854957,196063800
0,100845149355,196055825
0,100963810051,210548846
0,100963853251,208605240
0,100963896451,206904585
0,100963939651,205416511
0,100963982851,203989447
0,100964026051,202865766
0,100964069251,201882545
0,100964112451,201022226
0,100964155651,200269447
0,100964198851,199610766
0,100965505894,199159420
0,100967800292,198764492
0,100970094690,198418930
0,100972389088,198116563
0,100974683486,197851992
0,100976977884,197620493
0,100979272282,197417931
0,100981566680,197240689
0,100983861078,197085602
0,100986155476,196949901
0,100988449874,196831163
0,100990744272,196727267
0,100993038670,196761358
0,100995333068,196666188
0,100997627466,196582914
0,100999921864,196510049
0,101002216262,196446292
0,101004510660,196390505
0,101006805058,196341691
0,101009099456,196298979
0,101011393854,196261606
0,101013688252,196228905
0,101015982650,196200291
0,101018277048,196175254
0,101020571446,196153347
0,101022865844,196134178
0,101025160242,196117405
0,101027454640,196102729
0,101029749038,196089887
0,101032043436,196203651
0,101034337834,196178194
0,101036632232,196155919
0,101038926630,196136429
0,101041221028,196119375
0,101159881724,196104453
0,101159924924,196091396
0,101159968124,196079971
0,101160011324,196194974
0,101160054524,196295602
0,101160097724,196258651
0,101160140924,196226319
0,101160184124,196198029
0,101160227324,196173275
0,101160270524,196151615
0,101161577567,196132663
0,101163871965,196116080
0,101166166363,196101570
0,101168460761,196088873
0,101170755159,196077763
0,101173049557,196193042
0,101175343955,196168911
0,101177638353,196147797
0,101179932751,196129322
0,101182227149,196113156
0,101184521547,196099011
0,101186815945,196086634
0,101189110343,196075804
0,101191404741,196066328
0,101193699139,196058037
0,101195993537,196050782
0,101198287935,196044434
0,101200582333,196038879
0,101202876731,196034019
0,101205171129,196029766
0,101207465527,196026045
0,101209759925,196022789
0,101212054323,196144940
0,101214348721,196126822
0,101216643119,196110969
0,101218937517,196097097
0,101221231915,196084959
0,101223526313,196074339
0,101225820711,196065046
0,101228115109,196056915
0,101230409507,196049800
0,101232703905,196043575
0,101234998303,196038128
0,101237292701,196033362
0,101357100596,196279191
0,101357143796,196494292
0,101357186996,196682505
0,101357230196,196722191
0,101357273396,196756917
0,101357316596,196787302
0,101357359796,196813889
0,101357402996,196837152
0,101357446196,196857508
0,101357489396,196875319
0,101357649240,196765904
0,101359943638,196670166
0,101362238036,196586395
0,101364532434,196513095
0,101366826832,196448958
0,101369121230,196392838
0,101371415628,196343733
0,101373710026,196300766
0,101376004424,196388170
0,101378298822,196339648
0,101380593220,196297192
0,101382887618,196260043
0,101385182016,196227537
0,101387476414,196199094
0,101389770812,196174207
0,101392065210,196527431
0,101394359608,196836502
0,101396654006,196981939
0,101398948404,197109196
0,101401242802,197345546
0,101403537200,197427352
0,101405831598,197498933
0,101408125996,197686566
0,101410420394,197725745
0,101412714792,197760026
0,101415009190,197915022
0,101417303588,198050644
0,101419597986,198044313
0,101421892384,198038773
0,101424186782,198158926
0,101426481180,198139060
0,101428775578,198121677
0,101431069976,198231467
0,101433364374,198327533
0,101553172269,213036591
0,101553215469,210907017
0,101553258669,209043639
0,101553301869,207413184
0,101553345069,205986536
0,101553388269,204738219
0,101553431469,203645941
0,101553474669,202690198
0,101553517869,201853923
0,101553561069,201122182
0,101553720913,200481909
0,101556015311,200296670
0,101558309709,200134586
0,101560604107,199867762
0,101562898505,199634291
0,101565192903,199555004
0,101567487301,199360628
0,101569781699,199190549
0,101572076097,199166730
0,101574370495,199020888
0,101576664893,198893277
0,101578959291,198781617
0,101581253689,198808914
0,101583548087,198707799
0,101585842485,198619324
0,101588136883,198666908
0,101590431281,198583544
0,101592725679,198510601
0,101595020077,198571775
0,101597314475,198625303
0,101599608873,198547140
0,101601903271,198478747
0,101604197669,198543903
0,101606492067,198475915
0,101608786465,198416425
0,101611080863,198489371
0,101613375261,198428199
0,101615669659,198374674
0,101617964057,198327839
0,101620258455,198411859
0,101622552853,198360376
0,101624847251,198315329
0,101627141649,198400912
0,101629436047,198350798
0,101750391141,213181948
0,101750434341,211159204
0,101750477541,209389303
0,101750520741,207840640
0,101750563941,206485560
0,101750607141,205299865
0,101750650341,204262381
0,101750693541,203354583
0,101750736741,202560260
0,101750779941,201865227
0,101750823141,201257073
0,101752086984,200974938
0,101754381382,200603070
0,101756675780,200277686
0,101758970178,199992975
0,101761264576,199868853
0,101763558974,199635246
0,101765853372,199430840
0,101768147770,199376985
0,101770442168,199204861
0,101772736566,199054253
0,101775030964,199047471
0,101777325362,199041537
0,101779619760,198911344
0,101781914158,198797426
0,101784208556,198822747
0,101786502954,198719903
0,101788797352,198629915
0,101791091750,198676175
0,101793386148,198591653
0,101795680546,198517696
0,101797974944,198452984
0,101800269342,198521361
0,101802563740,198456190
0,101804858138,198399166
0,101807152536,198474270
0,101809446934,198414986
0,101811741332,198363112
0,101814035730,198442723
0,101816330128,198512382
0,101818624526,198448334
0,101820918924,198392292
0,101823213322,198468255
0,101825507720,198409723
0,101827802118,198358507
0,101948757212,198313693
0,101948800412,198274481
0,101948843612,198240170
0,101948886812,198210148
0,101948930012,198183879
0,101948973212,198160894
0,101949016412,198265782
0,101949059612,198357559
0,101949102812,198437864
0,101949146012,198508131
0,101949189212,198569614
0,101950453055,198498412
0,101952747453,198436110
0,101955041851,198506596
0,101957336249,198568271
0,101959630647,198497237
0,101961925045,198435082
0,101964219443,198505696
0,101966513841,198442484
0,101968808239,198387173
0,101971102637,198463776
0,101973397035,198405804
0,101975691433,198355078
0,101977985831,198310693
0,101980280229,198396856
0,101982574627,198347249
0,101984869025,198303842
0,101987163423,198390861
0,101989457821,198342003
0,101991752219,198299252
0,101994046617,198386845
0,101996341015,198463489
0,101998635413,198405552
0,102000929811,198354858
0,102003224209,198435500
0,102005518607,198381062
0,102007813005,198333429
0,102010107403,198416750
0,102012401801,198364656
0,102014696199,198319074
0,102016990597,198279189
0,102019284995,198369290
0,102021579393,198323128
0,102023873791,198282737
0,102026168189,198372394
0,102148270482,198575844
0,102148313682,198753863
0,102148356882,198909630
0,102148400082,199045926
0,102148443282,199165185
0,102148486482,199269536
0,102148529682,199235844
0,102148572882,199206363
0,102148616082,199180567
0,102148659282,199157996
0,102148702482,199138246
0,102148819126,198995965
0,102151113524,198996469
0,102153407922,198871910
0,102155702320,198762921
0,102157996718,198667555
0,102160291116,198709110
0,102162585514,198620471
0,102164879912,198542912
0,102167174310,198600048
0,102169468708,198525042
0,102171763106,198459411
0,102174057504,198526984
0,102176351902,198586111
0,102178646300,198512847
0,102180940698,198448741
0,102183235096,198517648
0,102185529494,198452942
0,102187823892,198396324
0,102190118290,198471783
0,102192412688,198412810
0,102194707086,198361208
0,102197001484,198691057
0,102199295882,198979674
0,102201590280,199232214
0,102203884678,199328187
0,102206179076,199537163
0,102208473474,199720017
0,102210767872,199755014
0,102213062270,199910637
0,102215356668,200046807
0,102217651066,200165956
0,102219945464,200145211
0,102222239862,200252059
0,102224534260,200345551
0,102346636553,215302357
0,102346679753,213139562
0,102346722953,211247116
0,102346766153,209591226
0,102346809353,208142322
0,102346852553,206874531
0,102346895753,205765214
0,102346938953,204794562
0,102346982153,203945241
0,102347025353,203327085
0,102347068553,202786199
0,102347185197,202312924
0,102349479595,202148808
0,102351773993,201880207
0,102354068391,201770181
0,102356362789,201673908
0,102358657187,201589669
0,102360951585,201390960
0,102363245983,201342090
0,102365540381,201299328
0,102367834779,201136912
0,102370129177,201119798
0,102372423575,201104823
0,102374717973,200966720
0,102377012371,200970880
0,102379306769,200974520
0,102381601167,200977705
0,102383895565,200855491
0,102386189963,200873554
0,102388484361,200889359
0,102390778759,200778189
0,102393073157,200805915
0,102395367555,200830175
0,102397661953,200726403
0,102399956351,200635602
0,102402250749,200681151
0,102404545147,200721007
0,102406839545,200630881
0,102409133943,200677020
0,102411428341,200717392
0,102413722739,200627718
0,102416017137,200674253
0,102418311535,200714971
0,102420605933,200750599
0,102422900331,200656774
0,102546149823,215824677
0,102546193023,213846592
0,102546236223,212115768
0,102546279423,210601297
0,102546322623,209276134
0,102546365823,208116617
0,102546409023,207102039
0,102546452223,206214284
0,102546495423,205437498
0,102546538623,204757810
0,102546581823,204038083
0,102546625023,203408322
0,102547845666,202982281
0,102550140064,202734495
0,102552434462,202517683
0,102554728860,202202972
0,102557023258,202052600
0,102559317656,201921025
0,102561612054,201805896
0,102563906452,201580159
0,102566200850,201507639
0,102568495248,201444184
0,102570789646,201263661
0,102573084044,201230703
0,102575378442,201201865
0,102577672840,201051631
0,102579967238,200920177
0,102582261636,200930154
0,102584556034,200938884
0,102586850432,200821523
0,102589144830,200843832
0,102591439228,200863353
0,102593733626,200755433
0,102596028024,200786003
0,102598322422,200812752
0,102600616820,200836158
0,102602911218,200731638
0,102605205616,200765183
0,102607500014,200794535
0,102609794412,200695218
0,102612088810,200733315
0,102614383208,200766650
0,102616677606,200670818
0,102618972004,200586965
0,102621266402,200638594
0,102623560800,200683769
0,102746810292,200598297
0,102746853492,200523509
0,102746896692,200458070
0,102746939892,200400811
0,102746983092,200350709
0,102747026292,200431870
0,102747069492,200502886
0,102747112692,200565025
0,102747155892,200619396
0,102747199092,200666971
0,102747242292,200708599
0,102747285492,200745024
0,102748506135,200776896
0,102750800533,200679784
0,102753094931,200719811
0,102755389329,200754834
0,102757683727,200660479
0,102759978125,200577919
0,102762272523,200630679
0,102764566921,200676844
0,102766861319,200592238
0,102769155717,200643208
0,102771450115,200687807
0,102773744513,200601831
0,102776038911,200651602
0,102778333309,200695151
0,102780627707,200733257
0,102782922105,200641599
0,102785216503,200686399
0,102787510901,200725599
0,102789805299,200634899
0,102792099697,200680536
0,102794394095,200720469
0,102796688493,200630410
0,102798982891,200551608
0,102801277289,200607657
0,102803571687,200656699
0,102805866085,200574611
0,102808160483,200627784
0,102810454881,200674311
0,102812749279,200590022
0,102815043677,200641269
0,102817338075,200686110
0,102819632473,200725346
0,102821926871,200634677
0,102824221269,200680342
0,102948617960,200845299
0,102948661160,200989636
0,102948704360,201115931
0,102948747560,201226439
0,102948790760,201323134
0,102948833960,201282742
0,102948877160,201247399
0,102948920360,201216474
0,102948963560,201189414
0,102949006760,201290737
0,102949049960,201379394
0,102949093160,201456969
0,102949166604,201399847
0,102951461002,201349866
0,102953755400,201181132
0,102956049798,201158490
0,102958344196,201138678
0,102960638594,201121343
0,102962932992,200981175
0,102965227390,200983528
0,102967521788,200985587
0,102969816186,200862388
0,102972110584,200879589
0,102974404982,200894640
0,102976699380,200782810
0,102978993778,200684958
0,102981288176,200724338
0,102983582574,200758795
0,102985876972,200663945
0,102988171370,200705951
0,102990465768,200742707
0,102992760166,200649868
0,102995054564,200693634
0,102997348962,200731929
0,102999643360,200765437
0,103001937758,200669757
0,103004232156,200711037
0,103006526554,200747157
0,103008820952,200653762
0,103011115350,200697041
0,103013409748,200734910
0,103015704146,201018046
0,103017998544,201140790
0,103020292942,201373191
0,103022587340,201576542
0,103024881738,201754474
0,103149278429,217160164
0,103149321629,215140143
0,103149364829,213372625
0,103149408029,211826046
0,103149451229,210472790
0,103149494429,209288691
0,103149537629,208252604
0,103149580829,207346028
0,103149624029,206552774
0,103149667229,205858677
0,103149710429,205126342
0,103149753629,204485549
0,103149827073,203924855
0,103152121471,203809248
0,103154415869,203708092
0,103156710267,203619580
0,103159004665,203542132
0,103161299063,203474365
0,103163593461,203415069
0,103165887859,203363185
0,103168182257,203317786
0,103170476655,203278062
0,103172771053,203243304
0,103175065451,203212891
0,103177359849,203186279
0,103179654247,203162994
0,103181948645,203142619
0,103184243043,203124791
0,103186537441,203109192
0,103188831839,203095543
0,103191126237,203083600
0,103193420635,203073150
0,103195715033,203064006
0,103198009431,203056005
0,103200303829,203049004
0,103202598227,203042878
0,103204892625,203037518
0,103207187023,203032828
0,103209481421,203028724
0,103211775819,203025133
0,103214070217,203021991
0,103216364615,203019242
0,103218659013,203016836
0,103220953411,203014731
0,103223247809,203012889
0,103225542207,203011277
0,103349938898,218259867
0,103349982098,215977383
0,103350025298,214105210
0,103350068498,212467058
0,103350111698,211033675
0,103350154898,209779465
0,103350198098,208682031
0,103350241298,207721777
0,103350284498,206881554
0,103350327698,206146359
0,103350370898,205503064
0,103350414098,204940181
0,103350487542,204447658
0,103352781940,204266700
0,103355076338,204108362
0,103357370736,203969816
0,103359665134,203848589
0,103361959532,203617515
0,103364253930,203540325
0,103366548328,203472784
0,103368842726,203413686
0,103371137124,203361975
0,103373431522,203316728
0,103375725920,203277137
0,103378020318,203242494
0,103380314716,203212182
0,103382609114,203185659
0,103384903512,203162451
0,103387197910,203142144
0,103389492308,203124376
0,103391786706,203108829
0,103394081104,203095225
0,103396375502,203083321
0,103398669900,203072905
0,103400964298,202938791
0,103403258696,202946442
0,103405553094,202953136
0,103407847492,202958994
0,103410141890,202964119
0,103412436288,202968604
0,103414730686,202972528
0,103417025084,202975962
0,103419319482,202978966
0,103421613880,202981595
0,103423908278,202983895
0,103426202676,202985908
0,103551746566,218362669
0,103551789766,216317335
0,103551832966,214527668
0,103551876166,212836709
0,103551919366,211357120
0,103551962566,210062480
0,103552005766,209054670
0,103552048966,208172836
0,103552092166,207401231
0,103552135366,206726077
0,103552178566,206135317
0,103552221766,205618402
0,103552264966,205166101
0,103553442409,204895338
0,103555736807,204658420
0,103558031205,204451117
0,103560325603,204269727
0,103562620001,204111011
0,103564914399,203972134
0,103567208797,203850617
0,103569503195,203744289
0,103571797593,203651252
0,103574091991,203569845
0,103576386389,203498614
0,103578680787,203436287
0,103580975185,203256751
0,103583269583,203224657
0,103585563981,203196574
0,103587858379,203172002
0,103590152777,203150501
0,103592447175,203131688
0,103594741573,203115227
0,103597035971,203100823
0,103599330369,203088220
0,103601624767,203077192
0,103603919165,203067543
0,103606213563,203059100
0,103608507961,203051712
0,103610802359,203045248
0,103613096757,203039592
0,103615391155,203034643
0,103617685553,203030312
0,103619979951,202901523
0,103622274349,202913832
0,103624568747,202924603
0,103626863145,202934027
0,103629157543,202942273
0,103754701433,202949488
0,103754744633,202955802
0,103754787833,202961326
0,103754831033,202966160
0,103754874233,202970390
0,103754917433,202974091
0,103754960633,202852329
0,103755003833,202870787
0,103755047033,202886938
0,103755090233,202901070
0,103755133433,202913436
0,103755176633,202924256
0,103755219833,202933724
0,103756397276,202942008
0,103758691674,202949257
0,103760986072,202830599
0,103763280470,202851774
0,103765574868,202870302
0,103767869266,202886514
0,103770163664,202900699
0,103772458062,202913111
0,103774752460,202923972
0,103777046858,202933475
0,103779341256,202941790
0,103781635654,202949066
0,103783930052,202955432
0,103786224450,202961003
0,103788518848,202965877
0,103790813246,202970142
0,103793107644,202973874
0,103795402042,202977139
0,103797696440,202979996
0,103799990838,202857496
0,103802285236,202875309
0,103804579634,202890895
0,103806874032,202904533
0,103809168430,202916466
0,103811462828,202926907
0,103813757226,202936043
0,103816051624,202944037
0,103818346022,202951032
0,103820640420,202957153
0,103822934818,202962508
0,103825229216,202967194
0,103827523614,202971294
0,103829818012,202974882
0,103832112410,202978021
0,103958803499,203105768
0,103958846699,203217547
0,103958889899,203315353
0,103958933099,203400933
0,103958976299,203475816
0,103959019499,203666339
0,103959062699,203833046
0,103959105899,203978915
0,103959149099,203981550
0,103959192299,203983856
0,103959235499,203985874
0,103959278699,203987639
0,103959321899,203989184
0,103959365099,203990536
0,103961646541,204116719
0,103963940939,204227129
0,103966235337,204448737
0,103968529735,204517644
0,103970824133,204577938
0,103973118531,204755695
0,103975412929,204786233
0,103977707327,204812953
0,103980001725,204961333
0,103982296123,204966166
0,103984590521,204970395
0,103986884919,204974095
0,103989179317,205102333
0,103991473715,205089541
0,103993768113,205078348
0,103996062511,205193554
0,103998356909,205169359
0,104000651307,205148189
0,104002945705,205129665
0,104005240103,205238456
0,104007534501,205208649
0,104009828899,205182567
0,104012123297,205284746
0,104014417695,205249152
0,104016712093,205218008
0,104019006491,205315757
0,104021300889,205276287
0,104023595287,205241751
0,104025889685,205211532
0,104028184083,205310090
0,104030478481,205271328
0,104032772879,205237412
0,104035067277,205332735
0,104161758366,220791143
0,104161801566,218567250
0,104161844766,216621343
0,104161887966,214918675
0,104161931166,213428840
0,104161974366,212125235
0,104162017566,210984580
0,104162060766,209986507
0,104162103966,209113193
0,104162147166,208349043
0,104162190366,207680412
0,104162233566,207095360
0,104162276766,206583440
0,104162319966,206135510
0,104164601408,205993571
0,104166895806,205869374
0,104169190204,205885702
0,104171484602,205774989
0,104173779000,205678115
0,104176073398,205718350
0,104178367796,205628556
0,104180662194,205549986
0,104182956592,205481237
0,104185250990,205421082
0,104187545388,205368446
0,104189839786,205322390
0,104192134184,205407091
0,104194428582,205356204
0,104196722980,205311678
0,104199017378,205397718
0,104201311776,205348003
0,104203606174,205304502
0,104205900572,205266439
0,104208194970,205358134
0,104210489368,205313367
0,104212783766,205274196
0,104215078164,205364921
0,104217372562,205319305
0,104219666960,205279391
0,104221961358,205244467
0,104224255756,205213908
0,104226550154,205187169
0,104228844552,205163772
0,104231138950,205268300
0,104233433348,205234762
0,104235727746,205205416
0,104238022144,205304739
0,104365860432,220891646
0,104365903632,218780190
0,104365946832,216932666
0,104365990032,215316082
0,104366033232,214026571
0,104366076432,212898249
0,104366119632,211910967
0,104366162832,210922096
0,104366206032,210056834
0,104366249232,209299729
0,104366292432,208637262
0,104366335632,208057604
0,104366378832,207550403
0,104366422032,207106602
0,104367556275,206843276
0,104369850673,206612866
0,104372145071,206536257
0,104374439469,206344224
0,104376733867,206176196
0,104379028265,206154171
0,104381322663,206009899
0,104383617061,205883661
0,104385911459,205773203
0,104388205857,205801552
0,104390500255,205701358
0,104392794653,205613688
0,104395089051,205661977
0,104397383449,205579229
0,104399677847,205506825
0,104401972245,205443471
0,104404266643,205388037
0,104406561041,205339532
0,104408855439,205297090
0,104411149837,205384953
0,104413444235,205336833
0,104415738633,205294728
0,104418033031,205382887
0,104420327429,205335026
0,104422621827,205293147
0,104424916225,205256503
0,104427210623,205349440
0,104429505021,205305760
0,104431799419,205267540
0,104434093817,205359097
0,104436388215,205314209
0,104438682613,205274932
0,104440977011,205240565
0,104443271409,205210494
0,104571109697,205309182
0,104571152897,205395534
0,104571196097,205471092
0,104571239297,205537205
0,104571282497,205470054
0,104571325697,205411297
0,104571368897,205359884
0,104571412097,205314898
0,104571455297,205275535
0,104571498497,205241093
0,104571541697,205210956
0,104571584897,205184586
0,104571628097,205161512
0,104571671297,205141323
0,104572805540,205123657
0,104575099938,205233199
0,104577394336,205204049
0,104579688734,205178542
0,104581983132,205156224
0,104584277530,205136696
0,104586571928,205119609
0,104588866326,205104657
0,104591160724,205216574
0,104593455122,205189502
0,104595749520,205165814
0,104598043918,205270087
0,104600338316,205236326
0,104602632714,205206785
0,104604927112,205180936
0,104607221510,205283319
0,104609515908,205247904
0,104611810306,205216916
0,104614104704,205314801
0,104616399102,205275450
0,104618693500,205241018
0,104620987898,205210890
0,104623282296,205184528
0,104625576694,205161462
0,104627871092,205141279
0,104630165490,205248619
0,104632459888,205217541
0,104634754286,205190348
0,104637048684,205291554
0,104639343082,205255109
0,104641637480,205223220
0,104643931878,205195317
0,104646226276,205295902
0,104648520674,205258914
0,104777506161,205351549
0,104777549361,205432605
0,104777592561,205503529
0,104777635761,205565587
0,104777678961,205619888
0,104777722161,205667402
0,104777765361,205708976
0,104777808561,205745354
0,104777851761,205777184
0,104777894961,205805036
0,104777938161,205829406
0,104777981361,205850730
0,104778024561,205994388
0,104778067761,206120089
0,104778110961,206105077
0,104780349203,206341942
0,104782643601,206424199
0,104784937999,206496174
0,104787232397,206684152
0,104789526795,206848633
0,104791821193,206867553
0,104794115591,207009108
0,104796409989,207132969
0,104798704387,207116347
0,104800998785,207101803
0,104803293183,207214077
0,104805587581,207187317
0,104807881979,207163902
0,104810176377,207268414
0,104812470775,207359862
0,104814765173,207314879
0,104817059571,207400519
0,104819353969,207475454
0,104821648367,207416022
0,104823942765,207364019
0,104826237163,207443516
0,104828531561,207513076
0,104830825959,207448941
0,104833120357,207517823
0,104835414755,207578095
0,104837709153,207505833
0,104840003551,207567603
0,104842297949,207621652
0,104844592347,207543945
0,104846886745,207475951
0,104849181143,207541457
0,104851475541,207598774
0,104853769939,207523927
0,104982755426,223333436
0,104982798626,221041756
0,104982841826,219036536
0,104982885026,217281969
0,104982928226,215746722
0,104982971426,214403381
0,104983014626,213352958
0,104983057826,212433838
0,104983101026,211629608
0,104983144226,210925907
0,104983187426,210310168
0,104983230626,209771397
0,104983273826,209299972
0,104983317026,208762475
0,104983360226,208292165
0,104985598468,208130644
0,104987892866,207989313
0,104990187264,207990648
0,104992481662,207991817
0,104994776060,207867839
0,104997070458,207884359
0,104999364856,207898814
0,105001659254,207786462
0,105003953652,207688154
0,105006248050,207727134
0,105008542448,207761242
0,105010836846,207666086
0,105013131244,207707825
0,105015425642,207744346
0,105017720040,207651302
0,105020014438,207694889
0,105022308836,207733027
0,105024603234,207641398
0,105026897632,207561223
0,105029192030,207616070
0,105031486428,207664061
0,105033780826,207581053
0,105036075224,207633421
0,105038369622,207679243
0,105040664020,207594337
0,105042958418,207520044
0,105045252816,207580038
0,105047547214,207507533
0,105049841612,207444091
0,105052136010,207513579
0,105054430408,207574381
0,105056724806,207502583
0,105059019204,207564760
0,105189151890,223619165
0,105189195090,221541769
0,105189238290,219724047
0,105189281490,218133541
0,105189324690,216741848
0,105189367890,215524117
0,105189411090,214458602
0,105189454290,213401276
0,105189497490,212476116
0,105189540690,211666601
0,105189583890,210958275
0,105189627090,210338490
0,105189670290,209796178
0,105189713490,209321655
0,105189756690,208906448
0,105190847733,208668142
0,105193142131,208584624
0,105195436529,208511546
0,105197730927,208322602
0,105200025325,208282276
0,105202319723,208246991
0,105204614121,208091117
0,105206908519,207954727
0,105209202917,207960386
0,105211497315,207965337
0,105213791713,207844669
0,105216086111,207864085
0,105218380509,207881074
0,105220674907,207770939
0,105222969305,207674571
0,105225263703,207715249
0,105227558101,207625842
0,105229852499,207547611
0,105232146897,207604159
0,105234441295,207653639
0,105236735693,207571934
0,105239030091,207625442
0,105241324489,207672261
0,105243618887,207588228
0,105245913285,207514699
0,105248207683,207575361
0,105250502081,207628440
0,105252796479,207549885
0,105255090877,207606149
0,105257385275,207655380
0,105259679673,207573457
0,105261974071,207501774
0,105264268469,207564052
0,105266562867,207493545
0,105396695553,207431851
0,105396738753,207377869
0,105396781953,207330635
0,105396825153,207289305
0,105396868353,207253141
0,105396911553,207221498
0,105396954753,207193810
0,105396997953,207169583
0,105397041153,207273385
0,105397084353,207364211
0,105397127553,207443684
0,105397170753,207513223
0,105397213953,207574070
0,105397257153,207627311
0,105397300353,207673897
0,105398391396,207714659
0,105400685794,207625326
0,105402980192,207547160
0,105405274590,207603765
0,105407568988,207528294
0,105409863386,207462257
0,105412157784,207529474
0,105414452182,207588289
0,105416746580,207514752
0,105419040978,207575408
0,105421335376,207628482
0,105423629774,207549921
0,105425924172,207481180
0,105428218570,207546032
0,105430512968,207602778
0,105432807366,207527430
0,105435101764,207586501
0,105437396162,207638188
0,105439690560,207558414
0,105441984958,207488612
0,105444279356,207552535
0,105446573754,207483468
0,105448868152,207423034
0,105451162550,207495154
0,105453456948,207558259
0,105455751346,207488476
0,105458045744,207552416
0,105460340142,207608364
0,105462634540,207532318
0,105464928938,207465778
0,105467223336,207532555
0,105469517734,207590985
0,105471812132,207517111
0,105474106530,207577472
0,105605386415,207755288
0,105605429615,207910877
0,105605472815,208047017
0,105605516015,208166139
0,105605559215,208270371
0,105605602415,208361574
0,105605645615,208441377
0,105605688815,208511204
0,105605732015,208447303
0,105605775215,208391390
0,105605818415,208342466
0,105605861615,208299657
0,105605904815,208262199
0,105605948015,208229424
0,105605991215,208200746
0,105606034415,208175652
0,105608229457,208153695
0,105610523855,208134483
0,105612818253,207992672
0,105615112651,207993588
0,105617407049,207994389
0,105619701447,207870090
0,105621995845,207761328
0,105624290243,208041162
0,105626584641,208286016
0,105628879039,208375264
0,105631173437,208578356
0,105633467835,208756061
0,105635762233,208911553
0,105638056631,209047608
0,105640351029,209166657
0,105642645427,209270824
0,105644939825,209236971
0,105647234223,209332349
0,105649528621,209415805
0,105651823019,209488829
0,105654117417,209552725
0,105656411815,209608634
0,105658706213,209657554
0,105661000611,209700359
0,105663295009,209737814
0,105665589407,209770587
0,105667883805,209674263
0,105670178203,209714980
0,105672472601,209750607
0,105674766999,209781781
0,105677061397,209809058
0,105679355795,209832925
0,105681650193,209853809
0,105812930078,225872082
0,105812973278,223513071
0,105813016478,221573937
0,105813059678,219877194
0,105813102878,218392544
0,105813146078,217093476
0,105813189278,215956791
0,105813232478,214962192
0,105813275678,214091918
0,105813318878,213330428
0,105813362078,212664124
0,105813405278,212081108
0,105813448478,211570969
0,105813491678,211124597
0,105813534878,210734022
0,105813578078,210392269
0,105815773120,210218235
0,105818067518,210190955
0,105820361916,210167085
0,105822656314,210146199
0,105824950712,210002924
0,105827245110,210002558
0,105829539508,210002238
0,105831833906,210001958
0,105834128304,210001713
0,105836422702,210001498
0,105838717100,210001310
0,105841011498,210001146
0,105843305896,210001002
0,105845600294,210000876
0,105847894692,209875766
0,105850189090,209891295
0,105852483488,209904883
0,105854777886,209916772
0,105857072284,209927175
0,105859366682,209936278
0,105861661080,209944243
0,105863955478,209826212
0,105866249876,209847935
0,105868544274,209866943
0,105870838672,209758575
0,105873133070,209788753
0,105875427468,209815158
0,105877721866,209838263
0,105880016264,209858480
0,105882310662,209876170
0,105884605060,209891648
0,105886899458,209780192
0,105889193856,209807668
0,106021620940,226081709
0,106021664140,223946495
0,106021707340,222078183
0,106021750540,220318410
0,106021793740,218778608
0,106021836940,217431282
0,106021880140,216252371
0,106021923340,215220824
0,106021966540,214318221
0,106022009740,213653443
0,106022052940,213071762
0,106022096140,212562791
0,106022139340,212117442
0,106022182540,211727761
0,106022225740,211386790
0,106022268940,211088441
0,106023316783,210952385
0,106025611181,210833336
0,106027905579,210604169
0,106030199977,210528647
0,106032494375,210462566
0,106034788773,210404745
0,106037083171,210354151
0,106039377569,210309882
0,106041671967,210271146
0,106043966365,210112252
0,106046260763,210098220
0,106048555161,210085942
0,106050849559,209950199
0,106053143957,209956424
0,106055438355,209961871
0,106057732753,209966637
0,106060027151,209970807
0,106062321549,209974456
0,106064615947,209977649
0,106066910345,209855442
0,106069204743,209873511
0,106071499141,209889322
0,106073793539,209903156
0,106076087937,209915261
0,106078382335,209925853
0,106080676733,209935121
0,106082971131,209818230
0,106085265529,209840951
0,106087559927,209860832
0,106089854325,209753228
0,106092148723,209784074
0,106094443121,209811064
0,106096737519,209834681
0,106099031917,209855345
0,106231459001,209873426
0,106231502201,209889247
0,106231545401,209903091
0,106231588601,209915204
0,106231631801,209925803
0,106231675001,209935077
0,106231718201,209943192
0,106231761401,209950293
0,106231804601,209956506
0,106231847801,209836942
0,106231891001,209732324
0,106231934201,209640783
0,106231977401,209560685
0,106232020601,209615599
0,106232063801,209663649
0,106232107001,209705692
0,106233154844,209742480
0,106235449242,209774670
0,106237743640,209802836
0,106240038038,209827481
0,106242332436,209849045
0,106244626834,209867914
0,106246921232,209759424
0,106249215630,209789496
0,106251510028,209815809
0,106253804426,209838832
0,106256098824,209858978
0,106258393222,209876605
0,106260687620,209892029
0,106262982018,209780525
0,106265276416,209807959
0,106267570814,209831964
0,106269865212,209727968
0,106272159610,209761972
0,106274454008,209791725
0,106276748406,209817759
0,106279042804,209840539
0,106281337202,209860471
0,106283631600,209877912
0,106285925998,209768173
0,106288220396,209797151
0,106290514794,209822507
0,106292809192,209844693
0,106295103590,209864106
0,106297397988,209881092
0,106299692386,209895955
0,106301986784,209783960
0,106304281182,209810965
0,106306575580,209834594
0,106308869978,209730269
0,106442444261,209888985
0,106442487461,210027861
0,106442530661,210149378
0,106442573861,210255705
0,106442617061,210348741
0,106442660261,210430148
0,106442703461,210501379
0,106442746661,210563706
0,106442789861,210618242
0,106442833061,210665961
0,106442876261,210707715
0,106442919461,210744250
0,106442962661,210776218
0,106443005861,210804190
0,106443049061,210828666
0,106443092261,210850082
0,106443135461,210743821
0,106445287303,210650843
0,106447581701,210569487
0,106449876099,210373301
0,106452170497,210326638
0,106454464895,210285808
0,106456759293,210250082
0,106459053691,210218821
0,106461348089,210191468
0,106463642487,210167534
0,106465936885,210021592
0,106468231283,210018893
0,106470525681,210016531
0,106472820079,210014464
0,106475114477,210012656
0,106477408875,210011074
0,106479703273,210009689
0,106481997671,209883477
0,106484292069,209898042
0,106486586467,209910786
0,106488880865,209796937
0,106491175263,209822319
0,106493469661,210094529
0,106495764059,210332712
0,106498058457,210666123
0,106500352855,210832857
0,106502647253,210978749
0,106504941651,211106405
0,106507236049,211218104
0,106509530447,211315841
0,106511824845,211401360
0,106514119243,211601190
0,106516413641,211651041
0,106518708039,211694660
0,106652282322,228232827
0,106652325522,225953723
0,106652368722,223959507
0,106652411922,222214568
0,106652455122,220687747
0,106652498322,219351778
0,106652541522,218182805
0,106652584722,217159954
0,106652627922,216264959
0,106652671122,215481839
0,106652714322,214796609
0,106652757522,214197032
0,106652800722,213672403
0,106652843922,213213352
0,106652887122,212686683
0,106652930322,212225847
0,106652973522,211822616
0,106655125364,211844789
0,106657419762,211864190
0,106659714160,211881166
0,106662008558,212021020
0,106664302956,212018392
0,106666597354,212016093
0,106668891752,212014081
0,106671186150,212012320
0,106673480548,212010780
0,106675774946,212009432
0,106678069344,212133253
0,106680363742,212116596
0,106682658140,212102021
0,106684952538,212089268
0,106687246936,212078109
0,106689541334,212068345
0,106691835732,212059801
0,106694130130,212177325
0,106696424528,212155159
0,106698718926,212135764
0,106701013324,212243793
0,106703307722,212213318
0,106705602120,212186653
0,106707896518,212163321
0,106710190916,212142905
0,106712485314,212125041
0,106714779712,212109410
0,106717074110,212220733
0,106719368508,212193141
0,106721662906,212168998
0,106723957304,212147873
0,106726251702,212129388
0,106728546100,212113214
0,106863267582,228724062
0,106863310782,226508554
0,106863353982,224569984
0,106863397182,222873736
0,106863440382,221389519
0,106863483582,220090829
0,106863526782,218954475
0,106863569982,217960165
0,106863613182,217090144
0,106863656382,216328876
0,106863699582,215662766
0,106863742782,215079920
0,106863785982,214569930
0,106863829182,214123688
0,106863872382,213733227
0,106863915582,213391573
0,106863958782,213092626
0,106864963425,212956047
0,106867257823,212836541
0,106869552221,212731973
0,106871846619,212640476
0,106874141017,212560416
0,106876435415,212490364
0,106878729813,212429068
0,106881024211,212500434
0,106883318609,212437879
0,106885613007,212383144
0,106887907405,212335251
0,106890201803,212293344
0,106892496201,212256676
0,106894790599,212224591
0,106897084997,212321517
0,106899379395,212281327
0,106901673793,212246161
0,106903968191,212215390
0,106906262589,212188466
0,106908556987,212164907
0,106910851385,212144293
0,106913145783,212126256
0,106915440181,212110474
0,106917734579,212096664
0,106920028977,212209581
0,106922323375,212183383
0,106924617773,212160460
0,106926912171,212140402
0,106929206569,212122851
0,106931500967,212107494
0,106933795365,212094057
0,106936089763,212207299
0,106938384161,212181386
0,106940678559,212158712
0,107075400041,212138873
0,107075443241,212121513
0,107075486441,212106323
0,107075529641,212093032
0,107075572841,212081403
0,107075616041,212071227
0,107075659241,212062323
0,107075702441,212054532
0,107075745641,212047715
0,107075788841,212041750
0,107075832041,212036531
0,107075875241,212031964
0,107075918441,212027968
0,107075961641,212024472
0,107076004841,212146413
0,107076048041,212253111
0,107076091241,212346472
0,107077095884,212428163
0,107079390282,212374642
0,107081684680,212327811
0,107083979078,212286834
0,107086273476,212250979
0,107088567874,212219606
0,107090862272,212192155
0,107093156670,212168135
0,107095451068,212147118
0,107097745466,212128728
0,107100039864,212237637
0,107102334262,212207932
0,107104628660,212181940
0,107106923058,212159197
0,107109217456,212139297
0,107111511854,212121884
0,107113806252,212106648
0,107116100650,212218317
0,107118395048,212191027
0,107120689446,212167148
0,107122983844,212146254
0,107125278242,212127972
0,107127572640,212111975
0,107129867038,212097978
0,107132161436,212085730
0,107134455834,212075013
0,107136750232,212065636
0,107139044630,212182431
0,107141339028,212159627
0,107143633426,212139673
0,107145927824,212122213
0,107148222222,212106936
0,107150516620,212093569
0,107152811018,212081872
0,107288679699,212196638
0,107288722899,212297058
0,107288766099,212384925
0,107288809299,212461809
0,107288852499,212529082
0,107288895699,212587946
0,107288938899,212639452
0,107288982099,212684520
0,107289025299,212848955
0,107289068499,212992835
0,107289111699,213118730
0,107289154899,213228888
0,107289198099,213325277
0,107289241299,213409617
0,107289284499,213358414
0,107289327699,213313612
0,107289370899,213274410
0,107289414099,213115108
0,107291522741,212975719
0,107293817139,212853754
0,107296111537,212872034
0,107298405935,212763029
0,107300700333,212667650
0,107302994731,212584193
0,107305289129,212511168
0,107307583527,212447272
0,107309877925,212391363
0,107312172323,212342442
0,107314466721,212299636
0,107316761119,212262181
0,107319055517,212354408
0,107321349915,212310107
0,107323644313,212271343
0,107325938711,212237425
0,107328233109,212207746
0,107330527507,212181777
0,107332821905,212159054
0,107335116303,212264172
0,107337410701,212231150
0,107339705099,212202256
0,107341999497,212176974
0,107344293895,212154852
0,107346588293,212135495
0,107348882691,212118558
0,107351177089,212103738
0,107353471487,212090770
0,107355765885,212079423
0,107358060283,212194495
0,107360354681,212170183
0,107362649079,212398910
0,107364943477,212599046
0,107500812158,229524165
0,107500855358,227333644
0,107500898558,225416938
0,107500941758,223739820
0,107500984958,222272342
0,107501028158,221113299
0,107501071358,220099136
0,107501114558,219211744
0,107501157758,218435276
0,107501200958,217630866
0,107501244158,216927007
0,107501287358,216311131
0,107501330558,215772239
0,107501373758,215300709
0,107501416958,214888120
0,107501460158,214527105
0,107501503358,214211216
0,107501546558,213934814
0,107503655200,213942962
0,107505949598,213950091
0,107508243996,214081329
0,107510538394,214071162
0,107512832792,214062266
0,107515127190,214179482
0,107517421588,214282046
0,107519715986,214246790
0,107522010384,214340941
0,107524304782,214423323
0,107526599180,214370407
0,107528893578,214324106
0,107531187976,214408592
0,107533482374,214357518
0,107535776772,214312828
0,107538071170,214398724
0,107540365568,214473883
0,107542659966,214414647
0,107544954364,214362816
0,107547248762,214442464
0,107549543160,214387156
0,107551837558,214338761
0,107554131956,214421415
0,107556426354,214493738
0,107558720752,214432020
0,107561015150,214503017
0,107563309548,214565139
0,107565603946,214494496
0,107567898344,214432684
0,107570192742,214503598
0,107572487140,214440648
0,107574781538,214385567
0,107577075936,214462371
0,107712944617,231154574
0,107712987817,228760252
0,107713031017,226790220
0,107713074217,225066442
0,107713117417,223558136
0,107713160617,222238369
0,107713203817,220958572
0,107713247017,219838750
0,107713290217,218858906
0,107713333417,218001542
0,107713376617,217251349
0,107713419817,216594930
0,107713463017,216020563
0,107713506217,215517992
0,107713549417,215078243
0,107713592617,214693462
0,107713635817,214356779
0,107713679017,214062181
0,107715787659,214054408
0,107718082057,214172607
0,107720376455,214276031
0,107722670853,214241527
0,107724965251,214211336
0,107727259649,214309919
0,107729554047,214271179
0,107731848445,214237281
0,107734142843,214332620
0,107736437241,214291042
0,107738731639,214254661
0,107741026037,214347828
0,107743320435,214429349
0,107745614833,214375680
0,107747909231,214328720
0,107750203629,214412630
0,107752498027,214361051
0,107754792425,214315919
0,107757086823,214401429
0,107759381221,214476250
0,107761675619,214416718
0,107763970017,214364628
0,107766264415,214444049
0,107768558813,214388542
0,107770853211,214339974
0,107773147609,214422477
0,107775442007,214369667
0,107777736405,214323458
0,107780030803,214408025
0,107782325201,214482021
0,107784619599,214421768
0,107786913997,214369047
0,107789208395,214447916
0,107926224275,231266926
0,107926267475,229108560
0,107926310675,227219990
0,107926353875,225442491
0,107926397075,223887179
0,107926440275,222526281
0,107926483475,221335495
0,107926526675,220293558
0,107926569875,219381863
0,107926613075,218584130
0,107926656275,217886113
0,107926699475,217275348
0,107926742675,216740929
0,107926785875,216273312
0,107926829075,215864148
0,107926872275,215506129
0,107926915475,215192862
0,107926958675,214918754
0,107927920118,214803909
0,107930214516,214828420
0,107932508914,214724867
0,107934803312,214634258
0,107937097710,214679975
0,107939392108,214719978
0,107941686506,214629980
0,107943980904,214551232
0,107946275302,214607328
0,107948569700,214531412
0,107950864098,214464985
0,107953158496,214531861
0,107955452894,214465378
0,107957747292,214407205
0,107960041690,214481304
0,107962336088,214546141
0,107964630486,214477873
0,107966924884,214418138
0,107969219282,214490870
0,107971513680,214429511
0,107973808078,214375822
0,107976102476,214453844
0,107978396874,214522113
0,107980691272,214456848
0,107982985670,214399742
0,107985280068,214474774
0,107987574466,214415427
0,107989868864,214363498
0,107992163262,214443060
0,107994457660,214387677
0,107996752058,214339217
0,107999046456,214421814
0,108001340854,214494087
0,108003635252,214432326
0,108140651132,214378285
0,108140694332,214330999
0,108140737532,214289624
0,108140780732,214253421
0,108140823932,214221743
0,108140867132,214194025
0,108140910332,214169771
0,108140953532,214148549
0,108140996732,214129980
0,108141039932,214238732
0,108141083132,214333890
0,108141126332,214417153
0,108141169532,214490008
0,108141212732,214553757
0,108141255932,214609537
0,108141299132,214658344
0,108141342332,214701051
0,108141385532,214738419
0,108142346975,214771116
0,108144641373,214674726
0,108146935771,214590385
0,108149230169,214641586
0,108151524567,214561387
0,108153818965,214491213
0,108156113363,214554811
0,108158407761,214610459
0,108160702159,214534151
0,108162996557,214467382
0,108165290955,214533959
0,108167585353,214467214
0,108169879751,214408812
0,108172174149,214482710
0,108174468547,214422371
0,108176762945,214369574
0,108179057343,214448377
0,108181351741,214517329
0,108183646139,214452662
0,108185940537,214396079
0,108188234935,214471569
0,108190529333,214412622
0,108192823731,214361044
0,108195118129,214440913
0,108197412527,214510798
0,108199706925,214446948
0,108202001323,214516079
0,108204295721,214576569
0,108206590119,214504497
0,108208884517,214441434
0,108211178915,214511254
0,108213473313,214447347
0,108215767711,214391428
0,108218062109,214467499
0,108356225188,214659061
0,108356268388,214826678
0,108356311588,214973343
0,108356354788,215101675
0,108356397988,215213965
0,108356441188,215312219
0,108356484388,215398191
0,108356527588,215473417
0,108356570788,215539239
0,108356613988,215596834
0,108356657188,215522229
0,108356700388,215456950
0,108356743588,215399831
0,108356786788,215349852
0,108356829988,215306120
0,108356873188,215267855
0,108356916388,215234373
0,108356959588,215205076
0,108357002788,215304441
0,108359068230,215516385
0,108361362628,215701836
0,108363657026,215864106
0,108365951424,215881092
0,108368245822,216020955
0,108370540220,216143335
0,108372834618,216125418
0,108375129016,216234740
0,108377423414,216330397
0,108379717812,216414097
0,108382012210,216487334
0,108384306608,216551417
0,108386601006,216607489
0,108388895404,216531552
0,108391189802,216590108
0,108393484200,216641344
0,108395778598,216561176
0,108398072996,216616029
0,108400367394,216664025
0,108402661792,216706021
0,108404956190,216617768
0,108407250588,216665547
0,108409544986,216707353
0,108411839384,216618933
0,108414133782,216666566
0,108416428180,216708245
0,108418722578,216619714
0,108421016976,216667249
0,108423311374,216708842
0,108425605772,216745236
0,108427900170,216652081
0,108430194568,216695570
0,108432488966,216733623
0,108570652045,233641920
0,108570695245,231186680
0,108570738445,229038345
0,108570781645,227158551
0,108570824845,225513732
0,108570868045,224074515
0,108570911245,222815200
0,108570954445,221713300
0,108570997645,220749137
0,108571040845,220030494
0,108571084045,219401682
0,108571127245,218851471
0,108571170445,218370037
0,108571213645,217948782
0,108571256845,217580184
0,108571300045,217257661
0,108571343245,216975453
0,108571386445,216728521
0,108571429645,216512455
0,108573495087,216448398
0,108575789485,216392348
0,108578083883,216468304
0,108580378281,216534766
0,108582672679,216592920
0,108584967077,216518805
0,108587261475,216578954
0,108589555873,216631584
0,108591850271,216552636
0,108594144669,216608556
0,108596439067,216657486
0,108598733465,216575300
0,108601027863,216628387
0,108603322261,216674838
0,108605616659,216715483
0,108607911057,216626047
0,108610205455,216672791
0,108612499853,216713692
0,108614794251,216624480
0,108617088649,216671420
0,108619383047,216712492
0,108621677445,216748430
0,108623971843,216654876
0,108626266241,216698016
0,108628560639,216735764
0,108630855037,216643793
0,108633149435,216688318
0,108635443833,216727278
0,108637738231,216636368
0,108640032629,216681822
0,108642327027,216721594
0,108644621425,216756394
0,108646915823,216661844
0,108786226101,233829113
0,108786269301,231600473
0,108786312501,229650413
0,108786355701,227944111
0,108786398901,226451097
0,108786442101,225144709
0,108786485301,224001620
0,108786528501,223001417
0,108786571701,222126239
0,108786614901,221360459
0,108786658101,220565401
0,108786701301,219869725
0,108786744501,219261009
0,108786787701,218728382
0,108786830901,218262334
0,108786874101,217854542
0,108786917301,217497724
0,108786960501,217185508
0,108787003701,217037319
0,108787921944,216907654
0,108790216342,216919197
0,108792510740,216929297
0,108794805138,216813134
0,108797099536,216836492
0,108799393934,216856930
0,108801688332,216874813
0,108803982730,216765461
0,108806277128,216794778
0,108808571526,216820430
0,108810865924,216717876
0,108813160322,216753141
0,108815454720,216783998
0,108817749118,216685998
0,108820043516,216725248
0,108822337914,216759592
0,108824632312,216789643
0,108826926710,216690937
0,108829221108,216729569
0,108831515506,216763372
0,108833809904,216667950
0,108836104302,216709456
0,108838398700,216745774
0,108840693098,216777552
0,108842987496,216680358
0,108845281894,216720313
0,108847576292,216755273
0,108849870690,216660863
0,108852165088,216703255
0,108854459486,216740348
0,108856753884,216647804
0,108859048282,216691828
0,108861342680,216730349
0,108863637078,216764055
0,109002947356,216668548
0,109002990556,216584979
0,109003033756,216636856
0,109003076956,216682249
0,109003120156,216721967
0,109003163356,216756721
0,109003206556,216787130
0,109003249756,216813738
0,109003292956,216837020
0,109003336156,216857392
0,109003379356,216875218
0,109003422556,216890815
0,109003465756,216904463
0,109003508956,216916405
0,109003552156,216926854
0,109003595356,216935997
0,109003638556,216943997
0,109003681756,216950997
0,109003724956,216832122
0,109004643199,216853106
0,109006937597,216746467
0,109009231995,216778158
0,109011526393,216805888
0,109013820791,216705152
0,109016115189,216742008
0,109018409587,216774257
0,109020703985,216802474
0,109022998383,216702164
0,109025292781,216739393
0,109027587179,216771968
0,109029881577,216675472
0,109032175975,216716038
0,109034470373,216751533
0,109036764771,216657591
0,109039059169,216700392
0,109041353567,216737843
0,109043647965,216770612
0,109045942363,216674285
0,109048236761,216714999
0,109050531159,216750624
0,109052825557,216656796
0,109055119955,216699696
0,109057414353,216737234
0,109059708751,216770079
0,109062003149,216798819
0,109064297547,216823966
0,109066591945,216845970
0,109068886343,216740223
0,109071180741,216772695
0,109073475139,216801108
0,109075769537,216700969
0,109078063935,216738347
0,109080358333,216771053
0,109220815810,216924671
0,109220859010,217059087
0,109220902210,217051701
0,109220945410,217045238
0,109220988610,217039583
0,109221031810,217159635
0,109221075010,217264680
0,109221118210,217356595
0,109221161410,217437020
0,109221204610,217507392
0,109221247810,217568968
0,109221291010,217622847
0,109221334210,217669991
0,109221377410,217711242
0,109221420610,217747336
0,109221463810,217778919
0,109221507010,217806554
0,109221550210,217830734
0,109221593410,217851892
0,109221636610,217870405
0,109223658852,218011604
0,109225953250,218135153
0,109228247648,218243258
0,109230542046,218337850
0,109232836444,218420618
0,109235130842,218493040
0,109237425240,218556410
0,109239719638,218611858
0,109242014036,218785375
0,109244308434,218812203
0,109246602832,218835677
0,109248897230,218856217
0,109251191628,218874189
0,109253486026,218889915
0,109255780424,218903675
0,109258074822,218915715
0,109260369220,218926250
0,109262663618,218935468
0,109264958016,218943534
0,109267252414,218950592
0,109269546812,218956768
0,109271841210,218962172
0,109274135608,218966900
0,109276430006,218971037
0,109278724404,218974657
0,109281018802,218977824
0,109283313200,218980596
0,109285607598,218983021
0,109287901996,218985143
0,109290196394,218987000
0,109292490792,218988625
0,109294785190,218990046
0,109297079588,218991290
0,109437537065,236242378
0,109437580265,233837080
0,109437623465,231732445
0,109437666665,229890889
0,109437709865,228279527
0,109437753065,226869586
0,109437796265,225510887
0,109437839465,224322026
0,109437882665,223281772
0,109437925865,222371550
0,109437969065,221575106
0,109438012265,221003217
0,109438055465,220502814
0,109438098665,220064962
0,109438141865,219681841
0,109438185065,219346610
0,109438228265,219053283
0,109438271465,218796622
0,109438314665,218572044
0,109438357865,218375538
0,109440380107,218453595
0,109442674505,218521895
0,109444968903,218581658
0,109447263301,218633950
0,109449557699,218679706
0,109451852097,218719742
0,109454146495,218754774
0,109456440893,218785427
0,109458735291,218812248
0,109461029689,218835717
0,109463324087,218856252
0,109465618485,218874220
0,109467912883,218889942
0,109470207281,218903699
0,109472501679,218915736
0,109474796077,218926269
0,109477090475,218935485
0,109479384873,218943549
0,109481679271,218950605
0,109483973669,218956779
0,109486268067,218962181
0,109488562465,218966908
0,109490856863,218971044
0,109493151261,218974663
0,109495445659,218977830
0,109497740057,218980601
0,109500034455,218983025
0,109502328853,218985146
0,109504623251,218987002
0,109506917649,218988626
0,109509212047,218990047
0,109511506445,218991291
0,109513800843,218992379
0,109655405519,236368331
0,109655448719,234072289
0,109655491919,232063252
0,109655535119,230305345
0,109655578319,228767176
0,109655621519,227421279
0,109655664719,226243619
0,109655707919,225213166
0,109655751119,224311520
0,109655794319,223522580
0,109655837519,222832257
0,109655880719,222228224
0,109655923919,221574696
0,109655967119,221002859
0,109656010319,220627501
0,109656053519,220299063
0,109656096719,220011680
0,109656139919,219760220
0,109656183119,219540192
0,109656226319,219347668
0,109657101362,219304209
0,109659395760,219266182
0,109661690158,219232909
0,109663984556,219203795
0,109666278954,219178320
0,109668573352,219156030
0,109670867750,219136526
0,109673162148,219119460
0,109675456546,219104527
0,109677750944,219091461
0,109680045342,219080028
0,109682339740,219070024
0,109684634138,219061271
0,109686928536,219053612
0,109689222934,219046910
0,109691517332,219041046
0,109693811730,219035915
0,109696106128,219031425
0,109698400526,219027496
0,109700694924,219024059
0,109702989322,219021051
0,109705283720,219018419
0,109707578118,219016116
0,109709872516,219014101
0,109712166914,219012338
0,109714461312,219010795
0,109716755710,219009445
0,109719050108,219008264
0,109721344506,219007231
0,109723638904,219006327
0,109725933302,219005536
0,109728227700,219004844
0,109730522098,219004238
0,109732816496,219003708
0,109874421172,219003244
0,109874464372,219002838
0,109874507572,219002483
0,109874550772,219002172
0,109874593972,219001900
0,109874637172,219001662
0,109874680372,219001454
0,109874723572,219001272
0,109874766772,219001113
0,109874809972,219000973
0,109874853172,219000851
0,109874896372,219000744
0,109874939572,219000651
0,109874982772,219000569
0,109875025972,219000497
0,109875069172,219000434
0,109875112372,219000379
0,109875155572,219000331
0,109875198772,219000289
0,109875241972,219000252
0,109876117015,219000220
0,109878411413,219000192
0,109880705811,219000168
0,109883000209,219125147
0,109885294607,219109503
0,109887589005,219095815
0,109889883403,219083838
0,109892177801,219073358
0,109894472199,219064188
0,109896766597,219056164
0,109899060995,219049143
0,109901355393,219043000
0,109903649791,219037625
0,109905944189,219032921
0,109908238587,219028805
0,109910532985,219025204
0,109912827383,219022053
0,109915121781,219019296
0,109917416179,219016884
0,109919710577,219014773
0,109922004975,219137926
0,109924299373,219120685
0,109926593771,219105599
0,109928888169,219092399
0,109931182567,219080849
0,109933476965,219070742
0,109935771363,219061899
0,109938065761,219054161
0,109940360159,219047390
0,109942654557,219041466
0,109944948955,219036282
0,109947243353,219031746
0,109949537751,219027777
0,109951832149,219024304
0,110094584024,219146266
0,110094627224,219252982
0,110094670424,219346359
0,110094713624,219428064
0,110094756824,219499556
0,110094800024,219562111
0,110094843224,219616847
0,110094886424,219664741
0,110094929624,219706648
0,110094972824,219743317
0,110095016024,219900402
0,110095059224,220037851
0,110095102424,220158119
0,110095145624,220263354
0,110095188824,220230434
0,110095232024,220201629
0,110095275224,220176425
0,110095318424,220154371
0,110095361624,220135074
0,110095404824,220118189
0,110095448024,219978415
0,110097427066,219856113
0,110099721464,219749098
0,110102015862,219655460
0,110104310260,219573527
0,110106604658,219501836
0,110108899056,219439106
0,110111193454,219384217
0,110113487852,219336189
0,110115782250,219294165
0,110118076648,219257394
0,110120371046,219225219
0,110122665444,219197066
0,110124959842,219422432
0,110127254240,219744628
0,110129548638,219901549
0,110131843036,220038855
0,110134137434,220283998
0,110136431832,220373498
0,110138726230,220451810
0,110141020628,220645333
0,110143315026,220689666
0,110145609424,220728457
0,110147903822,220762399
0,110150198220,220917099
0,110152492618,220927461
0,110154787016,220936528
0,110157081414,221069462
0,110159375812,221060779
0,110161670210,221053181
0,110163964608,221046533
0,110166259006,221165716
0,110168553404,221145001
0,110170847802,221126875
0,110313599677,238736015
0,110313642877,236269013
0,110313686077,234110386
0,110313729277,232221587
0,110313772477,230568888
0,110313815677,229122777
0,110313858877,227857429
0,110313902077,226750250
0,110313945277,225781468
0,110313988477,224933784
0,110314031677,224317061
0,110314074877,223652428
0,110314118077,223070874
0,110314161277,222562014
0,110314204477,222116762
0,110314247677,221727166
0,110314290877,221386270
0,110314334077,221087986
0,110314377277,220826987
0,110314420477,220598613
0,110314463677,220398786
0,110316442719,220473937
0,110318737117,220539694
0,110321031515,220722232
0,110323325913,220756953
0,110325620311,220787333
0,110327914709,220813916
0,110330209107,220962176
0,110332503505,220966904
0,110334797903,220971041
0,110337092301,221099660
0,110339386699,221087202
0,110341681097,221076301
0,110343975495,221066763
0,110346269893,221183417
0,110348564291,221160489
0,110350858689,221140427
0,110353153087,221247873
0,110355447485,221216888
0,110357741883,221189777
0,110360036281,221291054
0,110362330679,221254672
0,110364625077,221222838
0,110366919475,221194983
0,110369213873,221295610
0,110371508271,221258658
0,110373802669,221226325
0,110376097067,221323034
0,110378391465,221282654
0,110380685863,221247322
0,110382980261,221216406
0,110385274659,221314355
0,110387569057,221275060
0,110389863455,221240677
0,110533762529,238960592
0,110533805729,236590518
0,110533848929,234516703
0,110533892129,232702115
0,110533935329,231114350
0,110533978529,229725056
0,110534021729,228634424
0,110534064929,227680121
0,110534108129,226845105
0,110534151329,226114466
0,110534194529,225475157
0,110534237729,224790762
0,110534280929,224191916
0,110534324129,223667926
0,110534367329,223209435
0,110534410529,222808255
0,110534453729,222457223
0,110534496929,222150070
0,110534540129,221881311
0,110534583329,221646147
0,110534626529,221440378
0,110535458372,221385330
0,110537752770,221337163
0,110540047168,221420017
0,110542341566,221367514
0,110544635964,221321574
0,110546930362,221281377
0,110549224760,221371204
0,110551519158,221324803
0,110553813556,221284202
0,110556107954,221373676
0,110558402352,221326966
0,110560696750,221286095
0,110562991148,221250333
0,110565285546,221344041
0,110567579944,221301035
0,110569874342,221263405
0,110572168740,221355479
0,110574463138,221311044
0,110576757536,221272163
0,110579051934,221363142
0,110581346332,221317749
0,110583640730,221278030
0,110585935128,221243276
0,110588229526,221337866
0,110590523924,221295632
0,110592818322,221258678
0,110595112720,221351343
0,110597407118,221307425
0,110599701516,221268996
0,110601995914,221235371
0,110604290312,221330949
0,110606584710,221289580
0,110608879108,221253382
0,110611173506,221346709
0,110755072580,221428370
0,110755115780,221499823
0,110755158980,221562345
0,110755202180,221617051
0,110755245380,221664919
0,110755288580,221706804
0,110755331780,221618453
0,110755374980,221541146
0,110755418180,221473502
0,110755461380,221414314
0,110755504580,221362524
0,110755547780,221317208
0,110755590980,221277557
0,110755634180,221242862
0,110755677380,221212504
0,110755720580,221185941
0,110755763780,221162698
0,110755806980,221142360
0,110755850180,221124565
0,110755893380,221108994
0,110755936580,221095369
0,110756768423,221083447
0,110759062821,221198016
0,110761357219,221173264
0,110763651617,221151606
0,110765946015,221132655
0,110768240413,221241073
0,110770534811,221210938
0,110772829209,221184570
0,110775123607,221286498
0,110777418005,221250685
0,110779712403,221219349
0,110782006801,221316930
0,110784301199,221402313
0,110786595597,221352023
0,110788889995,221308020
0,110791184393,221394517
0,110793478791,221345202
0,110795773189,221302051
0,110798067587,221389294
0,110800361985,221340632
0,110802656383,221298053
0,110804950781,221260796
0,110807245179,221353196
0,110809539577,221309046
0,110811833975,221270415
0,110814128373,221361613
0,110816422771,221316411
0,110818717169,221276859
0,110821011567,221367251
0,110823305965,221446344
0,110825600363,221390551
0,110827894761,221341732
0,110830189159,221424015
0,110832483557,221371013
0,110977529830,221449636
0,110977573030,221518431
0,110977616230,221578627
0,110977659430,221631298
0,110977702630,221677385
0,110977745830,221717711
0,110977789030,221752997
0,110977832230,221783872
0,110977875430,221810888
0,110977918630,221834527
0,110977961830,221855211
0,110978005030,221998309
0,110978048230,222123520
0,110978091430,222233080
0,110978134630,222328945
0,110978177830,222412826
0,110978221030,222486222
0,110978264230,222550444
0,110978307430,222606638
0,110978350630,222655808
0,110978393830,222698832
0,110978437030,222611478
0,110980372872,222410043
0,110982667270,222233787
0,110984961668,222079563
0,110987256066,222069617
0,110989550464,221935914
0,110991844862,221818924
0,110994139260,221841558
0,110996433658,221736363
0,110998728056,221644317
0,111001022454,221688777
0,111003316852,221602679
0,111005611250,221527344
0,111007905648,221461426
0,111010200046,221528747
0,111012494444,221462653
0,111014788842,221404821
0,111017083240,221479218
0,111019377638,221419315
0,111021672036,221366900
0,111023966434,221321037
0,111026260832,221405907
0,111028555230,221355168
0,111030849628,221310772
0,111033144026,221396925
0,111035438424,221722309
0,111037732822,221882020
0,111040027220,222146767
0,111042321618,222378421
0,111044616016,222456118
0,111046910414,222524103
0,111049204812,222708590
0,111051499210,222870016
0,111053793608,222886264
0,111198839881,240775481
0,111198883081,238303545
0,111198926281,236140601
0,111198969481,234248025
0,111199012681,232717021
0,111199055881,231377393
0,111199099081,230205218
0,111199142281,229179565
0,111199185481,228282119
0,111199228681,227496854
0,111199271881,226809747
0,111199315081,226208528
0,111199358281,225557462
0,111199401481,224987779
0,111199444681,224489306
0,111199487881,224053142
0,111199531081,223671499
0,111199574281,223337561
0,111199617481,223045365
0,111199660681,222789694
0,111199703881,222565982
0,111199747081,222370234
0,111201682923,222448954
0,111203977321,222517834
0,111206271719,222703104
0,111208566117,222865216
0,111210860515,222882064
0,111213154913,223021806
0,111215449311,223144080
0,111217743709,223126070
0,111220038107,223235311
0,111222332505,223330897
0,111224626903,223289534
0,111226921301,223253342
0,111229215699,223346674
0,111231510097,223428339
0,111233804495,223374796
0,111236098893,223452946
0,111238393291,223521327
0,111240687689,223456161
0,111242982087,223399140
0,111245276485,223474247
0,111247570883,223539966
0,111249865281,223472470
0,111252159679,223538411
0,111254454077,223596109
0,111256748475,223521595
0,111259042873,223581395
0,111261337271,223633720
0,111263631669,223554505
0,111265926067,223485191
0,111268220465,223549542
0,111270514863,223605849
0,111272809261,223530117
0,111275103659,223588852
0,111421297131,241640245
0,111421340331,239310214
0,111421383531,237271437
0,111421426731,235487507
0,111421469931,233926568
0,111421513131,232435747
0,111421556331,231131278
0,111421599531,229989868
0,111421642731,228991134
0,111421685931,228117242
0,111421729131,227352586
0,111421772331,226683512
0,111421815531,226098073
0,111421858731,225585813
0,111421901931,225137586
0,111421945131,224745387
0,111421988331,224402213
0,111422031531,224226936
0,111422074731,224073569
0,111422117931,223939372
0,111422161131,223821950
0,111422204331,223719206
0,111422992974,223629305
0,111425287372,223675641
0,111427581770,223716185
0,111429876168,223626661
0,111432170566,223673328
0,111434464964,223714162
0,111436759362,223624891
0,111439053760,223671779
0,111441348158,223712806
0,111443642556,223623705
0,111445936954,223545741
0,111448231352,223602523
0,111450525750,223652207
0,111452820148,223570681
0,111455114546,223624345
0,111457408944,223671301
0,111459703342,223587388
0,111461997740,223513964
0,111464292138,223574718
0,111466586536,223627878
0,111468880934,223549393
0,111471175332,223605718
0,111473469730,223655003
0,111475764128,223573127
0,111478058526,223626486
0,111480352924,223673175
0,111482647322,223589028
0,111484941720,223515399
0,111487236118,223575974
0,111489530516,223628977
0,111491824914,223550354
0,111494119312,223606559
0,111496413710,223655739
0,111498708108,223573771
0,111644901580,223502049
0,111644944780,223439292
0,111644987980,223384380
0,111645031180,223461332
0,111645074380,223528665
0,111645117580,223587581
0,111645160780,223639133
0,111645203980,223684241
0,111645247180,223723710
0,111645290380,223758246
0,111645333580,223788465
0,111645376780,223814906
0,111645419980,223838042
0,111645463180,223858286
0,111645506380,223876000
0,111645549580,223891500
0,111645592780,223905062
0,111645635980,223791929
0,111645679180,223692937
0,111645722380,223606319
0,111645765580,223530529
0,111645808780,223464212
0,111646597423,223531185
0,111648891821,223464786
0,111651186219,223531687
0,111653480617,223590226
0,111655775015,223516447
0,111658069413,223576891
0,111660363811,223629779
0,111662658209,223551056
0,111664952607,223482174
0,111667247005,223546902
0,111669541403,223603539
0,111671835801,223528096
0,111674130199,223587084
0,111676424597,223638698
0,111678718995,223558860
0,111681013393,223614002
0,111683307791,223662251
0,111685602189,223704469
0,111687896587,223616410
0,111690190985,223664358
0,111692485383,223706313
0,111694779781,223618023
0,111697074179,223665770
0,111699368577,223707548
0,111701662975,223619104
0,111703957373,223541716
0,111706251771,223599001
0,111708546169,223649125
0,111710840567,223567984
0,111713134965,223621986
0,111715429363,223669237
0,111717723761,223585582
0,111720018159,223637384
0,111722312557,223682711
0,111869653228,223847372
0,111869696428,223991450
0,111869739628,224117518
0,111869782828,224102828
0,111869826028,224089974
0,111869869228,224078727
0,111869912428,224068886
0,111869955628,224060275
0,111869998828,224052740
0,111870042028,224171147
0,111870085228,224274753
0,111870128428,224365408
0,111870171628,224444732
0,111870214828,224514140
0,111870258028,224574872
0,111870301228,224628013
0,111870344428,224674511
0,111870387628,224715197
0,111870430828,224750797
0,111870474028,224781947
0,111870517228,224809203
0,111870560428,224833052
0,111870603628,224728920
0,111872496270,224637805
0,111874790668,224433079
0,111877085066,224378944
0,111879379464,224331576
0,111881673862,224165129
0,111883968260,224019487
0,111886262658,224017051
0,111888557056,224014919
0,111890851454,223888054
0,111893145852,223902047
0,111895440250,223914291
0,111897734648,223800004
0,111900029046,223825003
0,111902323444,223846877
0,111904617842,223741017
0,111906912240,223648389
0,111909206638,223692340
0,111911501036,223730797
0,111913795434,223639447
0,111916089832,223684516
0,111918384230,223723951
0,111920678628,223633457
0,111922973026,223554274
0,111925267424,223609989
0,111927561822,223658740
0,111929856220,223576397
0,111932150618,223629347
0,111934445016,223675678
0,111936739414,223591218
0,111939033812,223642315
0,111941328210,223687025
0,111943622608,223601146
0,111945917006,223776002
0,112093257677,242179001
0,112093300877,239906625
0,112093344077,237918296
0,112093387277,236178509
0,112093430477,234656195
0,112093473677,233324170
0,112093516877,232158648
0,112093560077,231138817
0,112093603277,230246464
0,112093646477,229465656
0,112093689677,228657449
0,112093732877,227950267
0,112093776077,227331483
0,112093819277,226790047
0,112093862477,226316291
0,112093905677,225901754
0,112093948877,225539034
0,112093992077,225221654
0,112094035277,225068947
0,112094078477,224935328
0,112094121677,224818412
0,112094164877,224716110
0,112094208077,224626596
0,112096100719,224798271
0,112098395117,224948487
0,112100689515,225079926
0,112102983913,225069935
0,112105278311,225186193
0,112107572709,225287918
0,112109867107,225376928
0,112112161505,225454812
0,112114455903,225522960
0,112116750301,225582590
0,112119044699,225634766
0,112121339097,225680420
0,112123633495,225720367
0,112125927893,225630321
0,112128222291,225676530
0,112130516689,225716963
0,112132811087,225752342
0,112135105485,225783299
0,112137399883,225810386
0,112139694281,225834087
0,112141988679,225729826
0,112144283077,225763597
0,112146577475,225793147
0,112148871873,225819003
0,112151166271,225841627
0,112153460669,225861423
0,112155755067,225878745
0,112158049465,225893901
0,112160343863,225907163
0,112162638261,225918767
0,112164932659,225803921
0,112167227057,225828430
0,112169521455,225849876
0,112316862126,243993641
0,112316905326,241369435
0,112316948526,239073255
0,112316991726,237064098
0,112317034926,235431085
0,112317078126,234002199
0,112317121326,232751924
0,112317164526,231657933
0,112317207726,230700691
0,112317250926,229863104
0,112317294126,229130216
0,112317337326,228488939
0,112317380526,227927821
0,112317423726,227436843
0,112317466926,227007237
0,112317510126,226631332
0,112317553326,226302415
0,112317596526,226014613
0,112317639726,225762786
0,112317682926,225417437
0,112317726126,225115257
0,112317769326,224850849
0,112317812526,224619492
0,112319705168,224667055
0,112321999566,224708673
0,112324293964,224870088
0,112326588362,225011327
0,112328882760,225134911
0,112331177158,225243047
0,112333471556,225337666
0,112335765954,225420457
0,112338060352,225492899
0,112340354750,225556286
0,112342649148,225611750
0,112344943546,225535281
0,112347237944,225593370
0,112349532342,225644198
0,112351826740,225688673
0,112354121138,225727588
0,112356415536,225761639
0,112358709934,225791434
0,112361004332,225817504
0,112363298730,225840316
0,112365593128,225860276
0,112367887526,225877741
0,112370181924,225893023
0,112372476322,225906395
0,112374770720,225918095
0,112377065118,225928333
0,112379359516,225937291
0,112381653914,225945129
0,112383948312,225826987
0,112386242710,225848613
0,112388537108,225867536
0,112390831506,225884094
0,112393125904,225898582
0,112541613774,244161259
0,112541656974,241766101
0,112541700174,239670338
0,112541743374,237836545
0,112541786574,236231976
0,112541829774,234702979
0,112541872974,233365106
0,112541916174,232194467
0,112541959374,231170158
0,112542002574,230398888
0,112542045774,229724027
0,112542088974,229133523
0,112542132174,228616832
0,112542175374,228164728
0,112542218574,227769137
0,112542261774,227422994
0,112542304974,227120119
0,112542348174,226855104
0,112542391374,226623216
0,112542434574,226420314
0,112542477774,226242774
0,112542520974,226087427
0,112542564174,225951498
0,112543309617,225957560
0,112545604015,225962865
0,112547898413,225967506
0,112550192811,225971567
0,112552487209,225975121
0,112554781607,225978230
0,112557076005,225980951
0,112559370403,225983332
0,112561664801,225985415
0,112563959199,225862238
0,112566253597,225879458
0,112568547995,225894525
0,112570842393,225907709
0,112573136791,225919245
0,112575431189,225929339
0,112577725587,225938171
0,112580019985,225945899
0,112582314383,225952661
0,112584608781,225958578
0,112586903179,225838755
0,112589197577,225858910
0,112591491975,225876546
0,112593786373,225891977
0,112596080771,225905479
0,112598375169,225917294
0,112600669567,225927632
0,112602963965,225811678
0,112605258363,225835218
0,112607552761,225855815
0,112609847159,225873838
0,112612141557,225889608
0,112614435955,225903407
0,112616730353,225915481
0,112619024751,225926045
0,112767512621,225935289
0,112767555821,225943377
0,112767599021,225950454
0,112767642221,225956647
0,112767685421,225962066
0,112767728621,225966807
0,112767771821,225970956
0,112767815021,225974586
0,112767858221,225977762
0,112767901421,225855541
0,112767944621,225748598
0,112767987821,225655023
0,112768031021,225698145
0,112768074221,225735876
0,112768117421,225768891
0,112768160621,225797779
0,112768203821,225823056
0,112768247021,225845174
0,112768290221,225864527
0,112768333421,225881461
0,112768376621,225896278
0,112768419821,225909243
0,112768463021,225920587
0,112769208464,225930513
0,112771502862,225939198
0,112773797260,225946798
0,112776091658,225953448
0,112778386056,225959267
0,112780680454,225964358
0,112782974852,225843813
0,112785269250,225863336
0,112787563648,225880419
0,112789858046,225895366
0,112792152444,225908445
0,112794446842,225919889
0,112796741240,225929902
0,112799035638,225938664
0,112801330036,225946331
0,112803624434,225953039
0,112805918832,225833909
0,112808213230,225854670
0,112810507628,225872836
0,112812802026,225888731
0,112815096424,225902639
0,112817390822,225914809
0,112819685220,225925457
0,112821979618,225809774
0,112824274016,225833552
0,112826568414,225854358
0,112828862812,225872563
0,112831157210,225888492
0,112833451608,225902430
0,112835746006,225914626
0,112838040404,225925297
0,112840334802,225934634
0,112842629200,225942804
0,112844923598,225824953
0,112994558667,225971833
0,112994601867,226100353
0,112994645067,226212808
0,112994688267,226311207
0,112994731467,226397306
0,112994774667,226472642
0,112994817867,226538561
0,112994861067,226596240
0,112994904267,226646710
0,112994947467,226690871
0,112994990667,226729512
0,112995033867,226888323
0,112995077067,227027282
0,112995120267,227023871
0,112995163467,227020887
0,112995206667,227018276
0,112995249867,227015991
0,112995293067,227013992
0,112995336267,227012243
0,112995379467,227010712
0,112995422667,227009373
0,112995465867,227008201
0,112995509067,227007175
0,112995552267,227006278
0,112997401709,227130493
0,112999696107,227239181
0,113001990505,227334283
0,113004284903,227417497
0,113006579301,227490309
0,113008873699,227554020
0,113011168097,227734767
0,113013462495,227767921
0,113015756893,227796930
0,113018051291,227947313
0,113020345689,227953898
0,113022640087,227959660
0,113024934485,227964702
0,113027228883,227969114
0,113029523281,227972974
0,113031817679,227976352
0,113034112077,228104308
0,113036406475,228091269
0,113038700873,228079860
0,113040995271,228069877
0,113043289669,228061142
0,113045584067,228053499
0,113047878465,228046811
0,113050172863,228165959
0,113052467261,228145214
0,113054761659,228127062
0,113057056057,228236179
0,113059350455,228206656
0,113061644853,228180824
0,113063939251,228158221
0,113066233649,228138443
0,113068528047,228121137
0,113070822445,228105994
0,113220457514,246592744
0,113220500714,244018651
0,113220543914,241766319
0,113220587114,239795529
0,113220630314,238071087
0,113220673514,236562201
0,113220716714,235241925
0,113220759914,234086684
0,113220803114,233075848
0,113220846314,232191367
0,113220889514,231417446
0,113220932714,230740265
0,113220975914,230022731
0,113221019114,229519889
0,113221062314,229079902
0,113221105514,228694914
0,113221148714,228358049
0,113221191914,228063292
0,113221235114,227805380
0,113221278314,227579707
0,113221321514,227382243
0,113221364714,227209462
0,113221407914,227058279
0,113221451114,226925994
0,113223300556,227060244
0,113225594954,227177713
0,113227889352,227280498
0,113230183750,227495435
0,113232478148,227558505
0,113234772546,227613691
0,113237066944,227786979
0,113239361342,227813606
0,113241655740,227836905
0,113243950138,227857291
0,113246244536,227875129
0,113248538934,227890737
0,113250833332,227904394
0,113253127730,228041344
0,113255422128,228036176
0,113257716526,228031654
0,113260010924,228152697
0,113262305322,228133609
0,113264599720,228116907
0,113266894118,228102293
0,113269188516,228214506
0,113271482914,228187692
0,113273777312,228164230
0,113276071710,228268701
0,113278366108,228235113
0,113280660506,228205723
0,113282954904,228180007
0,113285249302,228157506
0,113287543700,228137817
0,113289838098,228120589
0,113292132496,228230515
0,113294426894,228201700
0,113296721292,228176487
0,113447503560,246779426
0,113447546760,244306997
0,113447589960,242143622
0,113447633160,240250669
0,113447676360,238594335
0,113447719560,237145043
0,113447762760,235876912
0,113447805960,234767298
0,113447849160,233796385
0,113447892360,232946836
0,113447935560,232203481
0,113447978760,231553045
0,113448021960,231108914
0,113448065160,230720299
0,113448108360,230255261
0,113448151560,229848353
0,113448194760,229492308
0,113448237960,229180769
0,113448281160,228908172
0,113448324360,228669650
0,113448367560,228460943
0,113448410760,228278325
0,113448453960,228118534
0,113448497160,227978717
0,113449199403,227981377
0,113451493801,227983704
0,113453788199,227985741
0,113456082597,228112523
0,113458376995,228098457
0,113460671393,228086149
0,113462965791,228075380
0,113465260189,228065957
0,113467554587,228057712
0,113469848985,228050498
0,113472143383,228169185
0,113474437781,228148036
0,113476732179,228129531
0,113479026577,228238339
0,113481320975,228208546
0,113483615373,228182477
0,113485909771,228159667
0,113488204169,228139708
0,113490498567,228122244
0,113492792965,228106963
0,113495087363,228218592
0,113497381761,228191268
0,113499676159,228167359
0,113501970557,228146439
0,113504264955,228128134
0,113506559353,228112117
0,113508853751,228098102
0,113511148149,228210839
0,113513442547,228184484
0,113515736945,228161423
0,113518031343,228266245
0,113520325741,228232964
0,113522620139,228203843
0,113524914537,228178362
0,113675696805,228156066
0,113675740005,228136557
0,113675783205,228119487
0,113675826405,228104551
0,113675869605,228091482
0,113675912805,228080046
0,113675956005,228070040
0,113675999205,228061285
0,113676042405,228178624
0,113676085605,228281296
0,113676128805,228371134
0,113676172005,228449742
0,113676215205,228393524
0,113676258405,228344333
0,113676301605,228301291
0,113676344805,228263629
0,113676388005,228230675
0,113676431205,228201840
0,113676474405,228176610
0,113676517605,228154533
0,113676560805,228135216
0,113676604005,228118314
0,113676647205,228103524
0,113676690405,228090583
0,113677392648,228079260
0,113679687046,228069352
0,113681981444,228060683
0,113684275842,228053097
0,113686570240,228046459
0,113688864638,228040651
0,113691159036,228160569
0,113693453434,228140497
0,113695747832,228122934
0,113698042230,228232567
0,113700336628,228203496
0,113702631026,228178059
0,113704925424,228155801
0,113707219822,228136325
0,113709514220,228119284
0,113711808618,228104373
0,113714103016,228216326
0,113716397414,228189285
0,113718691812,228165624
0,113720986210,228144921
0,113723280608,228126805
0,113725575006,228110954
0,113727869404,228097084
0,113730163802,228209948
0,113732458200,228183704
0,113734752598,228160741
0,113737046996,228265648
0,113739341394,228232442
0,113741635792,228203386
0,113743930190,228177962
0,113746224588,228155716
0,113748518986,228136251
0,113750813384,228119219
0,113753107782,228229316
0,113905037249,228450651
0,113905080449,228644319
0,113905123649,228813779
0,113905166849,228962056
0,113905210049,229091799
0,113905253249,229205324
0,113905296449,229304658
0,113905339649,229391575
0,113905382849,229342628
0,113905426049,229299799
0,113905469249,229262324
0,113905512449,229229533
0,113905555649,229200841
0,113905598849,229175735
0,113905642049,229153768
0,113905685249,229134547
0,113905728449,229117728
0,113905771649,229103012
0,113905814849,229090135
0,113905858049,229078868
0,113905901249,229069009
0,113905944449,229060382
0,113905987649,229052834
0,113906030849,229171229
0,113906074049,229149825
0,113907880291,229006096
0,113910174689,229255334
0,113912469087,229473417
0,113914763485,229539239
0,113917057883,229721834
0,113919352281,229881604
0,113921646679,229896403
0,113923941077,229909352
0,113926235475,230045683
0,113928529873,230039972
0,113930824271,230034975
0,113933118669,230155603
0,113935413067,230261152
0,113937707465,230228508
0,113940001863,230324944
0,113942296261,230409326
0,113944590659,230358160
0,113946885057,230313390
0,113949179455,230399216
0,113951473853,230474314
0,113953768251,230415024
0,113956062649,230488146
0,113958357047,230552127
0,113960651445,230483111
0,113962945843,230422722
0,113965240241,230494881
0,113967534639,230433020
0,113969829037,230378892
0,113972123435,230456530
0,113974417833,230524463
0,113976712231,230458905
0,113979006629,230526541
0,113981301027,230585723
0,114133230494,249262507
0,114133273694,246604693
0,114133316894,244279106
0,114133360094,242244217
0,114133403294,240463689
0,114133446494,238905727
0,114133489694,237542511
0,114133532894,236349697
0,114133576094,235305984
0,114133619294,234392736
0,114133662494,233593644
0,114133705694,232894438
0,114133748894,232282633
0,114133792094,231747303
0,114133835294,231278890
0,114133878494,230869028
0,114133921694,230510399
0,114133964894,230196599
0,114134008094,230047024
0,114134051294,229916146
0,114134094494,229801627
0,114134137694,229701423
0,114134180894,229613745
0,114134224094,229537026
0,114134267294,229344897
0,114136073536,229426784
0,114138367934,229623436
0,114140662332,229670506
0,114142956730,229711692
0,114145251128,229872730
0,114147545526,229888638
0,114149839924,229902558
0,114152134322,230039738
0,114154428720,230159770
0,114156723118,230139798
0,114159017516,230247323
0,114161311914,230341407
0,114163606312,230298731
0,114165900710,230261389
0,114168195108,230353715
0,114170489506,230309500
0,114172783904,230270812
0,114175078302,230361960
0,114177372700,230441715
0,114179667098,230386500
0,114181961496,230338187
0,114184255894,230420913
0,114186550292,230368298
0,114188844690,230322260
0,114191139088,230406977
0,114193433486,230481104
0,114195727884,230420966
0,114198022282,230493345
0,114200316680,230556676
0,114202611078,230487091
0,114204905476,230426204
0,114207199874,230497928
0,114209494272,230435687
0,114362570938,249256226
0,114362614138,246724197
0,114362657338,244508672
0,114362700538,242570088
0,114362743738,240873827
0,114362786938,239389598
0,114362830138,238090898
0,114362873338,236954535
0,114362916538,235960218
0,114362959738,235090190
0,114363002938,234453916
0,114363046138,233897176
0,114363089338,233410029
0,114363132538,232983775
0,114363175738,232610803
0,114363218938,232284452
0,114363262138,231998895
0,114363305338,231749033
0,114363348538,231530403
0,114363391738,231214102
0,114363434938,230937339
0,114363478138,230695171
0,114363521338,230483274
0,114363564538,230297864
0,114363607738,230135631
0,114364266781,230118677
0,114366561179,230103842
0,114368855577,230090861
0,114371149975,230204503
0,114373444373,230303940
0,114375738771,230265947
0,114378033169,230357703
0,114380327567,230437990
0,114382621965,230383241
0,114384916363,230335335
0,114387210761,230418418
0,114389505159,230366115
0,114391799557,230320350
0,114394093955,230405306
0,114396388353,230479642
0,114398682751,230419686
0,114400977149,230367225
0,114403271547,230446321
0,114405565945,230390530
0,114407860343,230341713
0,114410154741,230423998
0,114412449139,230495998
0,114414743537,230433998
0,114417037935,230504748
0,114419332333,230566654
0,114421626731,230495822
0,114423921129,230433844
0,114426215527,230504613
0,114428509925,230441536
0,114430804323,230386344
0,114433098721,230463051
0,114435393119,230530169
0,114437687517,230463897
0,114439981915,230405909
0,114593058581,230480170
0,114593101781,230545148
0,114593144981,230602004
0,114593188181,230651753
0,114593231381,230695283
0,114593274581,230733372
0,114593317781,230766700
0,114593360981,230795862
0,114593404181,230821379
0,114593447381,230843706
0,114593490581,230738242
0,114593533781,230645961
0,114593576981,230565215
0,114593620181,230494563
0,114593663381,230432742
0,114593706581,230378649
0,114593749781,230331317
0,114593792981,230289902
0,114593836181,230253664
0,114593879381,230221956
0,114593922581,230194211
0,114593965781,230169934
0,114594008981,230273692
0,114594052181,230364480
0,114594095381,230443920
0,114594754424,230388430
0,114597048822,230464876
0,114599343220,230531766
0,114601637618,230465295
0,114603932016,230407133
0,114606226414,230481241
0,114608520812,230421085
0,114610815210,230368449
0,114613109608,230447392
0,114615404006,230516468
0,114617698404,230451909
0,114619992802,230395420
0,114622287200,230470992
0,114624581598,230412118
0,114626875996,230360603
0,114629170394,230440527
0,114631464792,230510461
0,114633759190,230446653
0,114636053588,230515821
0,114638347986,230576343
0,114640642384,230504300
0,114642936782,230441262
0,114645231180,230511104
0,114647525578,230447216
0,114649819976,230391314
0,114652114374,230467399
0,114654408772,230533974
0,114656703170,230467227
0,114658997568,230408823
0,114661291966,230482720
0,114663586364,230422380
0,114665880762,230369582
0,114668175160,230448384
0,114670469558,230517336
0,114824693423,230577669
0,114824736623,230630460
0,114824779823,230676652
0,114824823023,230717070
0,114824866223,230752436
0,114824909423,230783381
0,114824952623,230810458
0,114824995823,230834150
0,114825039023,230979881
0,114825082223,231107395
0,114825125423,231218970
0,114825168623,231316598
0,114825211823,231402023
0,114825255023,231476770
0,114825298223,231542173
0,114825341423,231599401
0,114825384623,231649475
0,114825427823,231693290
0,114825471023,231731628
0,114825514223,231765174
0,114825557423,231794527
0,114825600623,231820211
0,114825643823,231717684
0,114825687023,231627973
0,114825730223,231549476
0,114825773423,231480791
0,114827536465,231295692
0,114829830863,231133730
0,114832125261,231117013
0,114834419659,231102386
0,114836714057,230964587
0,114839008455,230969013
0,114841302853,230972886
0,114843597251,230851275
0,114845891649,230744865
0,114848186047,230776756
0,114850480445,230804661
0,114852774843,230704078
0,114855069241,230741068
0,114857363639,230773434
0,114859658037,230676754
0,114861952435,230592159
0,114864246833,230643139
0,114866541231,230562746
0,114868835629,230742402
0,114871130027,231024601
0,114873424425,231271525
0,114875718823,231487584
0,114878013221,231676636
0,114880307619,231842056
0,114882602017,231986799
0,114884896415,231988449
0,114887190813,232114892
0,114889485211,232225530
0,114891779609,232322338
0,114894074007,232407045
0,114896368405,232481164
0,114898662803,232546018
0,114900957201,232477765
0,115055181066,251543044
0,115055224266,248975163
0,115055267466,246728267
0,115055310666,244762233
0,115055353866,243041953
0,115055397066,241536708
0,115055440266,240219619
0,115055483466,239067166
0,115055526666,238058770
0,115055569866,237051423
0,115055613066,236169995
0,115055656266,235398745
0,115055699466,234723901
0,115055742666,234133413
0,115055785866,233616736
0,115055829066,233164644
0,115055872266,232769063
0,115055915466,232422930
0,115055958666,232120063
0,115056001866,231980055
0,115056045066,231857548
0,115056088266,231750354
0,115056131466,231656559
0,115056174666,231574489
0,115056217866,231502677
0,115056261066,231439842
0,115058024108,231634861
0,115060318506,231805503
0,115062612904,231954815
0,115064907302,231960463
0,115067201700,232090405
0,115069496098,232204104
0,115071790496,232178591
0,115074084894,232281267
0,115076379292,232371108
0,115078673690,232449719
0,115080968088,232393504
0,115083262486,232469316
0,115085556884,232535651
0,115087851282,232468694
0,115090145680,232535107
0,115092440078,232593218
0,115094734476,232644065
0,115097028874,232688556
0,115099323272,232727486
0,115101617670,232761550
0,115103912068,232666356
0,115106206466,232708061
0,115108500864,232744553
0,115110795262,232651483
0,115113089660,232695047
0,115115384058,232733166
0,115117678456,232766520
0,115119972854,232670705
0,115122267252,232711866
0,115124561650,232747882
0,115126856048,232654396
0,115129150446,232697596
0,115131444844,232735396
0,115286815908,251893471
0,115286859108,249281787
0,115286902308,246996563
0,115286945508,244996992
0,115286988708,243247368
0,115287031908,241841447
0,115287075108,240611266
0,115287118308,239534857
0,115287161508,238592999
0,115287204708,237768874
0,115287247908,237047764
0,115287291108,236416793
0,115287334308,235864693
0,115287377508,235381606
0,115287420708,234958905
0,115287463908,234589041
0,115287507108,234265410
0,115287550308,233982233
0,115287593508,233734453
0,115287636708,233517646
0,115287679908,233202940
0,115287723108,232927572
0,115287766308,232686625
0,115287809508,232475796
0,115287852708,232291321
0,115287895908,232129905
0,115288511751,232113666
0,115290806149,232099457
0,115293100547,232212024
0,115295394945,232310521
0,115297689343,232396705
0,115299983741,232347116
0,115302278139,232428726
0,115304572537,232500135
0,115306866935,232437618
0,115309161333,232507915
0,115311455731,232569425
0,115313750129,232623246
0,115316044527,232670340
0,115318338925,232711547
0,115320633323,232747603
0,115322927721,232654152
0,115325222119,232697383
0,115327516517,232735210
0,115329810915,232643308
0,115332105313,232687894
0,115334399711,232726907
0,115336694109,232761043
0,115338988507,232665912
0,115341282905,232707673
0,115343577303,232744213
0,115345871701,232651186
0,115348166099,232694787
0,115350460497,232732938
0,115352754895,232766320
0,115355049293,232795530
0,115357343691,232821088
0,115359638089,232843452
0,115361932487,232738020
0,115364226885,232770767
0,115519597949,232799421
0,115519641149,232824493
0,115519684349,232846431
0,115519727549,232865627
0,115519770749,232882423
0,115519813949,232772120
0,115519857149,232675605
0,115519900349,232591154
0,115519943549,232517259
0,115519986749,232452601
0,115520029949,232521025
0,115520073149,232580896
0,115520116349,232633284
0,115520159549,232679123
0,115520202749,232719232
0,115520245949,232754328
0,115520289149,232785037
0,115520332349,232811907
0,115520375549,232835418
0,115520418749,232855990
0,115520461949,232873991
0,115520505149,232889742
0,115520548349,232903524
0,115520591549,232915583
0,115520634749,232926135
0,115520677949,232935368
0,115521293792,232943447
0,115523588190,232950516
0,115525882588,232831701
0,115528176986,232852738
0,115530471384,232871145
0,115532765782,232887251
0,115535060180,232901344
0,115537354578,232913676
0,115539648976,232924466
0,115541943374,232808907
0,115544237772,232832793
0,115546532170,232853693
0,115548826568,232746981
0,115551120966,232778608
0,115553415364,232806282
0,115555709762,232830496
0,115558004160,232851684
0,115560298558,232870223
0,115562592956,232886445
0,115564887354,232775639
0,115567181752,232803684
0,115569476150,232828223
0,115571770548,232849695
0,115574064946,232868483
0,115576359344,232884922
0,115578653742,232899306
0,115580948140,232786892
0,115583242538,232813530
0,115585536936,232836838
0,115587831334,232732233
0,115590125732,232765703
0,115592420130,232794990
0,115594714528,232820616
0,115597008926,232843039
0,115753527189,232987659
0,115753570389,233114201
0,115753613589,233224925
0,115753656789,233321809
0,115753699989,233406582
0,115753743189,233480759
0,115753786389,233545664
0,115753829589,233602456
0,115753872789,233652149
0,115753915989,233695630
0,115753959189,233608676
0,115754002389,233657591
0,115754045589,233700392
0,115754088789,233737843
0,115754131989,233770612
0,115754175189,233799285
0,115754218389,233824374
0,115754261589,233846327
0,115754304789,233865536
0,115754347989,233882344
0,115754391189,233897051
0,115754434389,233909919
0,115754477589,233921179
0,115754520789,233931031
0,115754563989,233939652
0,115754607189,233947195
0,115754650389,233828795
0,115756370231,233725195
0,115758664629,233634545
0,115760959027,233430226
0,115763253425,233376447
0,115765547823,233329391
0,115767842221,233163217
0,115770136619,233142814
0,115772431017,233124962
0,115774725415,233109341
0,115777019813,233095673
0,115779314211,233083713
0,115781608609,233073248
0,115783903007,232939092
0,115786197405,232946705
0,115788491803,232953366
0,115790786201,232834195
0,115793080599,232854920
0,115795374997,232873055
0,115797669395,232888923
0,115799963793,232777807
0,115802258191,232805581
0,115804552589,232829883
0,115806846987,232726147
0,115809141385,232760378
0,115811435783,232790330
0,115813730181,232816538
0,115816024579,232839470
0,115818318977,232859536
0,115820613375,232877094
0,115822907773,232767457
0,115825202171,232796524
0,115827496569,233071958
0,115829790967,233312963
0,115986309230,252773842
0,115986352430,250302111
0,115986395630,248139347
0,115986438830,246246928
0,115986482030,244591062
0,115986525230,243142179
0,115986568430,241874406
0,115986611630,240765105
0,115986654830,239794466
0,115986698030,238945157
0,115986741230,238202012
0,115986784430,237551760
0,115986827630,236857790
0,115986870830,236250566
0,115986914030,235719245
0,115986957230,235254339
0,115987000430,234972546
0,115987043630,234725977
0,115987086830,234510229
0,115987130030,234321450
0,115987173230,234156268
0,115987216430,234011734
0,115987259630,233885267
0,115987302830,233774608
0,115987346030,233677782
0,115987389230,233593059
0,115987432430,233518926
0,115989152272,233704060
0,115991446670,233866052
0,115993741068,234007795
0,115996035466,234256820
0,115998329864,234349717
0,116000624262,234431002
0,116002918660,234502126
0,116005213058,234564360
0,116007507456,234618815
0,116009801854,234666463
0,116012096252,234708155
0,116014390650,234744635
0,116016685048,234776555
0,116018979446,234804485
0,116021273844,234828924
0,116023568242,234850308
0,116025862640,234869019
0,116028157038,234885391
0,116030451436,234899717
0,116032745834,234912252
0,116035040232,235048220
0,116037334630,235042192
0,116039629028,235036918
0,116041923426,235032303
0,116044217824,235028265
0,116046512222,235024731
0,116048806620,235021639
0,116051101018,235018934
0,116053395416,235016567
0,116055689814,235014496
0,116057984212,235012684
0,116060278610,235011098
0,116062573008,235009710
0,116219091271,254383496
0,116219134471,251710559
0,116219177671,249371739
0,116219220871,247325271
0,116219264071,245534612
0,116219307271,243967785
0,116219350471,242596811
0,116219393671,241397209
0,116219436871,240347557
0,116219480071,239429112
0,116219523271,238625473
0,116219566471,237922288
0,116219609671,237307002
0,116219652871,236768626
0,116219696071,236297547
0,116219739271,235885353
0,116219782471,235524683
0,116219825671,235084097
0,116219868871,234698584
0,116219912071,234361261
0,116219955271,234066103
0,116219998471,233807840
0,116220041671,233706860
0,116220084871,233618502
0,116220128071,233541189
0,116220171271,233473540
0,116220214471,233414347
0,116221934313,233487553
0,116224228711,233676608
0,116226523109,233842032
0,116228817507,233986778
0,116231111905,234113430
0,116233406303,234224251
0,116235700701,234321219
0,116237995099,234406066
0,116240289497,234480307
0,116242583895,234545268
0,116244878293,234602109
0,116247172691,234651845
0,116249467089,234695364
0,116251761487,234733443
0,116254055885,234891762
0,116256350283,234905291
0,116258644681,234917129
0,116260939079,234927487
0,116263233477,234936551
0,116265527875,234944482
0,116267822273,234951421
0,116270116671,234957493
0,116272411069,234962806
0,116274705467,234967455
0,116276999865,234971523
0,116279294263,234975082
0,116281588661,234978196
0,116283883059,234980921
0,116286177457,234983305
0,116288471855,234985391
0,116290766253,234987217
0,116293060651,235113814
0,116295355049,235099587
0,116453020511,254587138
0,116453063711,252013745
0,116453106911,249762026
0,116453150111,247791772
0,116453193311,246067800
0,116453236511,244559325
0,116453279711,243239409
0,116453322911,242084482
0,116453366111,241073921
0,116453409311,240189680
0,116453452511,239415970
0,116453495711,238738973
0,116453538911,238146601
0,116453582111,237628275
0,116453625311,237174740
0,116453668511,236777897
0,116453711711,236430659
0,116453754911,236126826
0,116453798111,235860972
0,116453841311,235628350
0,116453884511,235424806
0,116453927711,235246705
0,116453970911,235090866
0,116454014111,234954507
0,116454057311,234835193
0,116454100511,234730793
0,116454143711,234639443
0,116454716354,234559512
0,116457010752,234739573
0,116459305150,234772126
0,116461599548,234800610
0,116463893946,234825533
0,116466188344,234847341
0,116468482742,234866423
0,116470777140,234883120
0,116473071538,235022730
0,116475365936,235019888
0,116477660334,235017402
0,116479954732,235015226
0,116482249130,235013322
0,116484543528,235011656
0,116486837926,235010199
0,116489132324,235008924
0,116491426722,235007808
0,116493721120,235006832
0,116496015518,235130978
0,116498309916,235114605
0,116500604314,235100279
0,116502898712,235087744
0,116505193110,235076776
0,116507487508,235067179
0,116509781906,235058781
0,116512076304,235176433
0,116514370702,235154378
0,116516665100,235135080
0,116518959498,235118195
0,116521253896,235103420
0,116523548294,235090492
0,116525842692,235079180
0,116528137090,235069282
0,116530431488,235060621
0,116688096950,235053043
0,116688140150,235046412
0,116688183350,235040610
0,116688226550,235035533
0,116688269750,235031091
0,116688312950,235027204
0,116688356150,235023803
0,116688399350,235020827
0,116688442550,235018223
0,116688485750,235015945
0,116688528950,235013951
0,116688572150,235012207
0,116688615350,235010681
0,116688658550,235009345
0,116688701750,235008176
0,116688744950,235007154
0,116688788150,235006259
0,116688831350,235005476
0,116688874550,235004791
0,116688917750,235004192
0,116688960950,235003668
0,116689004150,235128209
0,116689047350,235237182
0,116689090550,235207534
0,116689133750,235181592
0,116689176950,235158893
0,116689220150,235139031
0,116689792793,235121652
0,116692087191,235106445
0,116694381589,235093139
0,116696675987,235081496
0,116698970385,235071309
0,116701264783,235062395
0,116703559181,235054595
0,116705853579,235047770
0,116708147977,235041798
0,116710442375,235036573
0,116712736773,235032001
0,116715031171,235153000
0,116717325569,235133875
0,116719619967,235117140
0,116721914365,235102497
0,116724208763,235089684
0,116726503161,235078473
0,116728797559,235068663
0,116731091957,235060080
0,116733386355,235052570
0,116735680753,235045998
0,116737975151,235040248
0,116740269549,235035217
0,116742563947,235030814
0,116744858345,235026962
0,116747152743,235023591
0,116749447141,235020642
0,116751741539,235018061
0,116754035937,235140803
0,116756330335,235123202
0,116758624733,235107801
0,116760919131,235094325
0,116763213529,235082534
0,116765507927,235072217
0,116924320588,235188189
0,116924363788,235289665
0,116924406988,235378456
0,116924450188,235456149
0,116924493388,235524130
0,116924536588,235583613
0,116924579788,235635661
0,116924622988,235681203
0,116924666188,235721052
0,116924709388,235755920
0,116924752588,235786430
0,116924795788,235813126
0,116924838988,235836485
0,116924882188,235856924
0,116924925388,235874808
0,116924968588,235890457
0,116925011788,236029149
0,116925054988,236150505
0,116925098188,236256691
0,116925141388,236349604
0,116925184588,236430903
0,116925227788,236502040
0,116925270988,236439285
0,116925314188,236384374
0,116925357388,236336327
0,116925400588,236294286
0,116925443788,236257500
0,116925486988,236225312
0,116927163630,236447148
0,116929458028,236516254
0,116931752426,236576722
0,116934046824,236754631
0,116936341222,236910302
0,116938635620,236921514
0,116940930018,236931324
0,116943224416,237064908
0,116945518814,237056794
0,116947813212,237049694
0,116950107610,237168482
0,116952402008,237147421
0,116954696406,237128993
0,116956990804,237112868
0,116959285202,237223759
0,116961579600,237195789
0,116963873998,237171315
0,116966168396,237274900
0,116968462794,237240537
0,116970757192,237210469
0,116973051590,237309160
0,116975345988,237395515
0,116977640386,237346075
0,116979934784,237302815
0,116982229182,237389963
0,116984523580,237341217
0,116986817978,237298564
0,116989112376,237386243
0,116991406774,237337962
0,116993701172,237295716
0,116995995570,237258751
0,116998289968,237351407
0,117000584366,237307481
0,117159397027,256894045
0,117159440227,254157289
0,117159483427,251762627
0,117159526627,249667298
0,117159569827,247833885
0,117159613027,246229649
0,117159656227,244825942
0,117159699427,243597699
0,117159742627,242522986
0,117159785827,241582612
0,117159829027,240759785
0,117159872227,240039811
0,117159915427,239409834
0,117159958627,238858604
0,117160001827,238501278
0,117160045027,238188618
0,117160088227,237915040
0,117160131427,237550660
0,117160174627,237231827
0,117160217827,236952848
0,117160261027,236708742
0,117160304227,236495149
0,117160347427,236308255
0,117160390627,236144723
0,117160433827,236001632
0,117160477027,235876428
0,117160520227,235766874
0,117160563427,235671014
0,117162240069,235837137
0,117164534467,235982494
0,117166828865,236109682
0,117169123263,236345971
0,117171417661,236427724
0,117173712059,236499258
0,117176006457,236686850
0,117178300855,236850993
0,117180595253,236869618
0,117182889651,236885915
0,117185184049,237025175
0,117187478447,237022028
0,117189772845,237019274
0,117192067243,237141864
0,117194361641,237249131
0,117196656039,237217989
0,117198950437,237190740
0,117201244835,237291897
0,117203539233,237255409
0,117205833631,237223482
0,117208128029,237320546
0,117210422427,237280477
0,117212716825,237245417
0,117215011223,237339739
0,117217305621,237422271
0,117219600019,237369487
0,117221894417,237323301
0,117224188815,237407888
0,117226483213,237356902
0,117228777611,237312289
0,117231072009,237398252
0,117233366407,237473470
0,117235660805,237414286
0,117395620665,257112500
0,117395663865,254473437
0,117395707065,252164257
0,117395750265,250143724
0,117395793465,248375758
0,117395836665,246828788
0,117395879865,245475189
0,117395923065,244290790
0,117395966265,243254441
0,117396009465,242472635
0,117396052665,241788555
0,117396095865,241189985
0,117396139065,240666236
0,117396182265,240207956
0,117396225465,239806961
0,117396268665,239331090
0,117396311865,238914703
0,117396355065,238550365
0,117396398265,238231569
0,117396441465,237952622
0,117396484665,237708544
0,117396527865,237494976
0,117396571065,237308104
0,117396614265,237144591
0,117396657465,237001517
0,117396700665,236876327
0,117396743865,236766786
0,117396787065,236670937
0,117397316508,236712069
0,117399610906,236748060
0,117401905304,236779552
0,117404199702,236932108
0,117406494100,236940594
0,117408788498,236948019
0,117411082896,237079516
0,117413377294,237069576
0,117415671692,237060879
0,117417966090,237053269
0,117420260488,237171610
0,117422554886,237150158
0,117424849284,237131388
0,117427143682,237239964
0,117429438080,237209968
0,117431732478,237183722
0,117434026876,237285756
0,117436321274,237375036
0,117438615672,237328156
0,117440910070,237287136
0,117443204468,237376244
0,117445498866,237329213
0,117447793264,237288061
0,117450087662,237377053
0,117452382060,237329921
0,117454676458,237288680
0,117456970856,237252595
0,117459265254,237346020
0,117461559652,237302767
0,117463854050,237264921
0,117466148448,237356805
0,117468442846,237312204
0,117470737244,237273178
0,117473031642,237364030
0,117632991502,237318526
0,117633034702,237403710
0,117633077902,237478246
0,117633121102,237543465
0,117633164302,237600531
0,117633207502,237650464
0,117633250702,237694156
0,117633293902,237732386
0,117633337102,237765837
0,117633380302,237670107
0,117633423502,237586343
0,117633466702,237513050
0,117633509902,237448918
0,117633553102,237392803
0,117633596302,237343702
0,117633639502,237300739
0,117633682702,237263146
0,117633725902,237230252
0,117633769102,237201470
0,117633812302,237176286
0,117633855502,237154250
0,117633898702,237134968
0,117633941902,237118097
0,117633985102,237103334
0,117634028302,237215417
0,117634071502,237313489
0,117634114702,237399302
0,117634157902,237474389
0,117634687345,237415090
0,117636981743,237363203
0,117639276141,237442802
0,117641570539,237387451
0,117643864937,237339019
0,117646159335,237421641
0,117648453733,237368935
0,117650748131,237322818
0,117653042529,237407465
0,117655336927,237481531
0,117657631325,237421339
0,117659925723,237368671
0,117662220121,237447587
0,117664514519,237391638
0,117666808917,237342683
0,117669103315,237424847
0,117671397713,237371741
0,117673692111,237325273
0,117675986509,237284613
0,117678280907,237374036
0,117680575305,237327281
0,117682869703,237286370
0,117685164101,237375573
0,117687458499,237328626
0,117689752897,237287547
0,117692047295,237376603
0,117694341693,237454527
0,117696636091,237397711
0,117698930489,237347997
0,117701224887,237429497
0,117703519285,237375809
0,117705813683,237328832
0,117708108081,237412728
0,117710402479,237361137
0,117871509538,237565994
0,117871552738,237620244
0,117871595938,237667713
0,117871639138,237709248
0,117871682338,237745592
0,117871725538,237777393
0,117871768738,237805218
0,117871811938,237829565
0,117871855138,237850869
0,117871898338,237869510
0,117871941538,237885821
0,117871984738,237900093
0,117872027938,238037581
0,117872071138,238157883
0,117872114338,238263147
0,117872157538,238355253
0,117872200738,238435846
0,117872243938,238506365
0,117872287138,238568069
0,117872330338,238622060
0,117872373538,238669302
0,117872416738,238710639
0,117872459938,238746809
0,117872503138,238778457
0,117872546338,238806149
0,117872589538,238705380
0,117872632738,238617207
0,117872675938,238540056
0,117872719138,238472549
0,117874352580,238663480
0,117876646978,238830545
0,117878941376,238851726
0,117881235774,238995260
0,117883530172,239120852
0,117885824570,239105745
0,117888118968,239217526
0,117890413366,239315335
0,117892707764,239275918
0,117895002162,239366428
0,117897296560,239445624
0,117899590958,239514921
0,117901885356,239450555
0,117904179754,239519235
0,117906474152,239579330
0,117908768550,239506913
0,117911062948,239568548
0,117913357346,239622479
0,117915651744,239669669
0,117917946142,239585960
0,117920240540,239637715
0,117922534938,239683000
0,117924829336,239597625
0,117927123734,239647921
0,117929418132,239691930
0,117931712530,239605438
0,117934006928,239654758
0,117936301326,239697913
0,117938595724,239735673
0,117940890122,239643713
0,117943184520,239688248
0,117945478918,239727217
0,117947773316,239636314
0,118108880375,259431774
0,118108923575,256627802
0,118108966775,254174326
0,118109009975,252152535
0,118109053175,250383468
0,118109096375,248835534
0,118109139575,247481092
0,118109182775,246295955
0,118109225975,245258960
0,118109269175,244351590
0,118109312375,243557641
0,118109355575,242862935
0,118109398775,242255068
0,118109441975,241598184
0,118109485175,241023411
0,118109528375,240520484
0,118109571575,240080423
0,118109614775,239695370
0,118109657975,239358448
0,118109701175,239063642
0,118109744375,238805686
0,118109787575,238579975
0,118109830775,238382478
0,118109873975,238209668
0,118109917175,238058459
0,118109960375,237926151
0,118110003575,237935382
0,118110046775,237943459
0,118110089975,237950526
0,118111723417,238081710
0,118114017815,238321496
0,118116312213,238531309
0,118118606611,238714895
0,118120901009,238750533
0,118123195407,238906716
0,118125489805,239043376
0,118127784203,239037954
0,118130078601,239158209
0,118132372999,239263432
0,118134667397,239230503
0,118136961795,239201690
0,118139256193,239301478
0,118141550591,239388793
0,118143844989,239340193
0,118146139387,239422668
0,118148433785,239494834
0,118150728183,239432979
0,118153022581,239503856
0,118155316979,239565874
0,118157611377,239620139
0,118159905775,239542621
0,118162200173,239599793
0,118164494571,239649818
0,118166788969,239568590
0,118169083367,239622516
0,118171377765,239669701
0,118173672163,239585988
0,118175966561,239512739
0,118178260959,239573646
0,118180555357,239626940
0,118182849755,239548572
0,118185144153,239605000
0,118347398411,259654375
0,118347441611,257072578
0,118347484811,254813505
0,118347528011,252836816
0,118347571211,250982214
0,118347614411,249359437
0,118347657611,247939507
0,118347700811,246697068
0,118347744011,245609934
0,118347787211,244658692
0,118347830411,243826355
0,118347873611,243098060
0,118347916811,242460802
0,118347960011,241903201
0,118348003211,241540300
0,118348046411,241222762
0,118348089611,240944916
0,118348132811,240701801
0,118348176011,240489075
0,118348219211,240302940
0,118348262411,240140072
0,118348305611,239997563
0,118348348811,239872867
0,118348392011,239763758
0,118348435211,239668288
0,118348478411,239584752
0,118348521611,239511658
0,118348564811,239322700
0,118348608011,239157362
0,118349094254,239137691
0,118351388652,239245479
0,118353683050,239214794
0,118355977448,239187944
0,118358271846,239289451
0,118360566244,239378269
0,118362860642,239330985
0,118365155040,239414611
0,118367449438,239487784
0,118369743836,239426811
0,118372038234,239498459
0,118374332632,239561151
0,118376627030,239616007
0,118378921428,239539006
0,118381215826,239596630
0,118383510224,239647051
0,118385804622,239566169
0,118388099020,239620397
0,118390393418,239667847
0,118392687816,239584366
0,118394982214,239511320
0,118397276612,239572405
0,118399571010,239625854
0,118401865408,239547622
0,118404159806,239604169
0,118406454204,239653647
0,118408748602,239571941
0,118411043000,239625448
0,118413337398,239672267
0,118415631796,239713233
0,118417926194,239624078
0,118420220592,239671068
0,118422514990,239712184
0,118424809388,239623161
0,118587063646,239670265
0,118587106846,239711481
0,118587150046,239747545
0,118587193246,239779101
0,118587236446,239806713
0,118587279646,239830873
0,118587322846,239852013
0,118587366046,239870511
0,118587409246,239886697
0,118587452446,239900859
0,118587495646,239913251
0,118587538846,239924094
0,118587582046,239933582
0,118587625246,239941884
0,118587668446,239824148
0,118587711646,239721129
0,118587754846,239630987
0,118587798046,239552113
0,118587841246,239483098
0,118587884446,239422710
0,118587927646,239369871
0,118587970846,239323637
0,118588014046,239408182
0,118588057246,239482159
0,118588100446,239546889
0,118588143646,239603527
0,118588186846,239653086
0,118588230046,239696450
0,118588273246,239734393
0,118588759489,239642593
0,118591053887,239687268
0,118593348285,239726359
0,118595642683,239760564
0,118597937081,239665493
0,118600231479,239707306
0,118602525877,239743892
0,118604820275,239650905
0,118607114673,239694541
0,118609409071,239732723
0,118611703469,239641132
0,118613997867,239560990
0,118616292265,239615866
0,118618586663,239663882
0,118620881061,239580896
0,118623175459,239633284
0,118625469857,239679123
0,118627764255,239594232
0,118630058653,239644953
0,118632353051,239689333
0,118634647449,239728166
0,118636941847,239637145
0,118639236245,239682501
0,118641530643,239722188
0,118643825041,239631914
0,118646119439,239677924
0,118648413837,239718183
0,118650708235,239628410
0,118653002633,239674858
0,118655297031,239715500
0,118657591429,239751062
0,118659885827,239657179
0,118662180225,239700031
0,118664474623,239737527
0,118827876080,239770336
0,118827919280,239799044
0,118827962480,239824163
0,118828005680,239971142
0,118828048880,240099749
0,118828092080,240212280
0,118828135280,240310745
0,118828178480,240396901
0,118828221680,240472288
0,118828264880,240538252
0,118828308080,240595970
0,118828351280,240646473
0,118828394480,240690663
0,118828437680,240729330
0,118828480880,240763163
0,118828524080,240792767
0,118828567280,240818671
0,118828610480,240841337
0,118828653680,240861169
0,118828696880,240878522
0,118828740080,240893706
0,118828783280,240906992
0,118828826480,240793618
0,118828869680,240694415
0,118828912880,240607613
0,118828956080,240531661
0,118828999280,240465203
0,118829042480,240532052
0,118829085680,240590545
0,118829128880,240641726
0,118830719122,240436510
0,118833013520,240381946
0,118835307918,240334202
0,118837602316,240292426
0,118839896714,240130872
0,118842191112,240364513
0,118844485510,240568948
0,118846779908,240747829
0,118849074306,240904350
0,118851368704,241041306
0,118853663102,241161142
0,118855957500,241265999
0,118858251898,241357749
0,118860546296,241438030
0,118862840694,241508276
0,118865135092,241569741
0,118867429490,241623523
0,118869723888,241670582
0,118872018286,241711759
0,118874312684,241747789
0,118876607082,241779315
0,118878901480,241806900
0,118881195878,241831037
0,118883490276,241852157
0,118885784674,241870637
0,118888079072,241886807
0,118890373470,241900956
0,118892667868,241913336
0,118894962266,241799169
0,118897256664,241824272
0,118899551062,241846238
0,118901845460,241865458
0,118904139858,241882275
0,119067541315,262021990
0,119067584515,259269241
0,119067627715,256860585
0,119067670915,254753011
0,119067714115,252783884
0,119067757315,251060898
0,119067800515,249553285
0,119067843715,248234124
0,119067886915,247079858
0,119067930115,246069875
0,119067973315,245186140
0,119068016515,244537872
0,119068059715,243970638
0,119068102915,243474308
0,119068146115,243040019
0,119068189315,242660016
0,119068232515,242327514
0,119068275715,242036574
0,119068318915,241782002
0,119068362115,241559251
0,119068405315,241364344
0,119068448515,241193801
0,119068491715,241044575
0,119068534915,240914003
0,119068578115,240799752
0,119068621315,240699783
0,119068664515,240612310
0,119068707715,240535771
0,119068750915,240343799
0,119068794115,240175824
0,119070384357,240278846
0,119072678755,240493990
0,119074973153,240557241
0,119077267551,240737585
0,119079561949,240895386
0,119081856347,241033462
0,119084150745,241154279
0,119086445143,241259994
0,119088739541,241352494
0,119091033939,241433432
0,119093328337,241504253
0,119095622735,241566221
0,119097917133,241620443
0,119100211531,241667887
0,119102505929,241709401
0,119104800327,241745725
0,119107094725,241777509
0,119109389123,241805320
0,119111683521,241829655
0,119113977919,241725948
0,119116272317,241760204
0,119118566715,241790178
0,119120861113,241816405
0,119123155511,241839354
0,119125449909,241859434
0,119127744307,241877004
0,119130038705,241892378
0,119132333103,241905830
0,119134627501,241917601
0,119136921899,241927900
0,119139216297,241936912
0,119141510695,241944798
0,119143805093,241951698
0,119308353749,262207735
0,119308396949,259556768
0,119308440149,257237172
0,119308483349,255207525
0,119308526549,253431584
0,119308569749,251877636
0,119308612949,250517931
0,119308656149,249328189
0,119308699349,248287165
0,119308742549,247376269
0,119308785749,246579235
0,119308828949,245881830
0,119308872149,245146601
0,119308915349,244503275
0,119308958549,243940365
0,119309001749,243572819
0,119309044949,243251216
0,119309088149,242969814
0,119309131349,242723587
0,119309174549,242508138
0,119309217749,242319620
0,119309260949,242154667
0,119309304149,242010333
0,119309347349,241884041
0,119309390549,241773535
0,119309433749,241676843
0,119309476949,241592237
0,119309520149,241518207
0,119309563349,241453431
0,119309606549,241396752
0,119310049592,241472158
0,119312343990,241538138
0,119314638388,241595870
0,119316932786,241646386
0,119319227184,241690587
0,119321521582,241729263
0,119323815980,241763105
0,119326110378,241792716
0,119328404776,241818626
0,119330699174,241841297
0,119332993572,241736134
0,119335287970,241769117
0,119337582368,241797977
0,119339876766,241823229
0,119342171164,241845325
0,119344465562,241864659
0,119346759960,241881576
0,119349054358,241896379
0,119351348756,241909331
0,119353643154,241920664
0,119355937552,241930581
0,119358231950,241939258
0,119360526348,241946850
0,119362820746,241953493
0,119365115144,241959306
0,119367409542,241964392
0,119369703940,241968843
0,119371998338,241847737
0,119374292736,241866769
0,119376587134,241883422
0,119378881532,241897994
0,119381175930,241910744
0,119383470328,241921901
0,119385764726,241931663
0,119550313382,241940205
0,119550356582,241947679
0,119550399782,241954219
0,119550442982,241959941
0,119550486182,241964948
0,119550529382,241969329
0,119550572582,241973162
0,119550615782,241976516
0,119550658982,241979451
0,119550702182,241982019
0,119550745382,241984266
0,119550788582,241986232
0,119550831782,241987953
0,119550874982,241989458
0,119550918182,241990775
0,119550961382,241866928
0,119551004582,241883562
0,119551047782,241898116
0,119551090982,241910851
0,119551134182,241921994
0,119551177382,241931744
0,119551220582,241940276
0,119551263782,241947741
0,119551306982,241954273
0,119551350182,241959988
0,119551393382,241964989
0,119551436582,241969365
0,119551479782,241973194
0,119551522982,241976544
0,119551566182,241979476
0,119552009225,241982041
0,119554303623,241984285
0,119556598021,241986249
0,119558892419,241987967
0,119561186817,241989471
0,119563481215,241990787
0,119565775613,241991938
0,119568070011,241992945
0,119570364409,241993826
0,119572658807,241994597
0,119574953205,241995272
0,119577247603,241995863
0,119579542001,241996380
0,119581836399,241996832
0,119584130797,241997228
0,119586425195,241997574
0,119588719593,241997877
0,119591013991,241998142
0,119593308389,241998374
0,119595602787,241998577
0,119597897185,241998754
0,119600191583,241998909
0,119602485981,241999045
0,119604780379,241999164
0,119607074777,241999268
0,119609369175,241999359
0,119611663573,241999439
0,119613957971,241999509
0,119616252369,241999570
0,119618546767,241999623
0,119620841165,241999670
0,119623135563,241999711
0,119625429961,241999747
0,119627724359,241999778
0,119793420214,242124805
0,119793463414,242234204
0,119793506614,242329928
0,119793549814,242413687
0,119793593014,242486976
0,119793636214,242551104
0,119793679414,242607216
0,119793722614,242656314
0,119793765814,242699274
0,119793809014,242736864
0,119793852214,242769756
0,119793895414,242798536
0,119793938614,242823719
0,119793981814,242845754
0,119794025014,242990034
0,119794068214,243116279
0,119794111414,243101744
0,119794154614,243089026
0,119794197814,243077897
0,119794241014,243068159
0,119794284214,243059639
0,119794327414,243052184
0,119794370614,243045661
0,119794413814,243039953
0,119794457014,243034958
0,119794500214,243030588
0,119794543414,243026764
0,119794586614,243023418
0,119794629814,243020490
0,119794673014,243017928
0,119794716214,242890687
0,119796263256,242779351
0,119798557654,242681932
0,119800852052,242596690
0,119803146450,242522103
0,119805440848,242456840
0,119807735246,242399735
0,119810029644,242349768
0,119812324042,242306047
0,119814618440,242267791
0,119816912838,242234317
0,119819207236,242205027
0,119821501634,242179398
0,119823796032,242156973
0,119826090430,242137351
0,119828384828,242120182
0,119830679226,242105159
0,119832973624,241967014
0,119835268022,241971137
0,119837562420,241974744
0,119839856818,241977901
0,119842151216,241980663
0,119844445614,241983080
0,119846740012,241985195
0,119849034410,241987045
0,119851328808,241988664
0,119853623206,241990081
0,119855917604,241991320
0,119858212002,242367405
0,119860506400,242571479
0,119862800798,242750044
0,119865095196,243031288
0,119867389594,243152377
0,119869683992,243258329
0,120035379847,263851037
0,120035423047,261119657
0,120035466247,258729699
0,120035509447,256638486
0,120035552647,254808675
0,120035595847,253207590
0,120035639047,251806641
0,120035682247,250580810
0,120035725447,249508208
0,120035768647,248569682
0,120035811847,247748471
0,120035855047,247029912
0,120035898247,246401173
0,120035941447,245851026
0,120035984647,245369647
0,120036027847,244948441
0,120036071047,244579885
0,120036114247,244257399
0,120036157447,243975224
0,120036200647,243728321
0,120036243847,243512280
0,120036287047,243323245
0,120036330247,243157839
0,120036373447,243013109
0,120036416647,242886470
0,120036459847,242775661
0,120036503047,242678703
0,120036546247,242593865
0,120036589447,242519631
0,120036632647,242454677
0,120036675847,242397842
0,120038222889,242598111
0,120040517287,242773347
0,120042811685,242926678
0,120045106083,243185843
0,120047400481,243287612
0,120049694879,243376660
0,120051989277,243454577
0,120054283675,243522754
0,120056578073,243582409
0,120058872471,243634607
0,120061166869,243805281
0,120063461267,243829620
0,120065755665,243850917
0,120068050063,243994552
0,120070344461,243995233
0,120072638859,243995828
0,120074933257,243996349
0,120077227655,244121805
0,120079522053,244106579
0,120081816451,244093256
0,120084110849,244206599
0,120086405247,244180774
0,120088699645,244158177
0,120090994043,244138404
0,120093288441,244121103
0,120095582839,244105965
0,120097877237,244092719
0,120100171635,244206129
0,120102466033,244180362
0,120104760431,244157816
0,120107054829,244263089
0,120109349227,244230202
0,120111643625,244201426
0,120277339480,264676247
0,120277382680,261841716
0,120277425880,259361501
0,120277469080,257191313
0,120277512280,255292398
0,120277555480,253630848
0,120277598680,252176992
0,120277641880,250904868
0,120277685080,249791759
0,120277728280,248817789
0,120277771480,247965565
0,120277814680,247219869
0,120277857880,246567385
0,120277901080,245996461
0,120277944280,245496903
0,120277987480,245059790
0,120278030680,244677316
0,120278073880,244342651
0,120278117080,244049819
0,120278160280,243793591
0,120278203480,243569392
0,120278246680,243373218
0,120278289880,243201565
0,120278333080,243051369
0,120278376280,242919947
0,120278419480,242804953
0,120278462680,242704333
0,120278505880,242616291
0,120278549080,242539254
0,120278592280,242471847
0,120278635480,242412866
0,120280182522,242611257
0,120282476920,242784849
0,120284771318,242936742
0,120287065716,243194649
0,120289360114,243295317
0,120291654512,243383402
0,120293948910,243460476
0,120296243308,243652916
0,120298537706,243696301
0,120300832104,243734263
0,120303126502,243892480
0,120305420900,243905920
0,120307715298,243917680
0,120310009696,244052970
0,120312304094,244046348
0,120314598492,244040554
0,120316892890,244035484
0,120319187288,244156048
0,120321481686,244136542
0,120323776084,244119474
0,120326070482,244229539
0,120328364880,244200846
0,120330659278,244175740
0,120332953676,244153772
0,120335248074,244259550
0,120337542472,244227106
0,120339836870,244198717
0,120342131268,244298877
0,120344425666,244261517
0,120346720064,244228827
0,120349014462,244325223
0,120351308860,244284570
0,120353603258,244248998
0,120520446312,264842873
0,120520489512,262112513
0,120520532712,259723448
0,120520575912,257633017
0,120520619112,255803889
0,120520662312,254203402
0,120520705512,252802976
0,120520748712,251577604
0,120520791912,250505403
0,120520835112,249567227
0,120520878312,248746323
0,120520921512,248028032
0,120520964712,247399528
0,120521007912,246974587
0,120521051112,246602763
0,120521094312,246277417
0,120521137512,245992739
0,120521180712,245618646
0,120521223912,245291315
0,120521267112,245004900
0,120521310312,244754287
0,120521353512,244535001
0,120521396712,244343125
0,120521439912,244175234
0,120521483112,244028329
0,120521526312,243899787
0,120521569512,243787313
0,120521612712,243688898
0,120521655912,243602785
0,120521699112,243527436
0,120521742312,243461506
0,120522142155,243528817
0,120524436553,243587714
0,120526730951,243639249
0,120529025349,243809342
0,120531319747,243833174
0,120533614145,243854027
0,120535908543,243872273
0,120538202941,244013238
0,120540497339,244011583
0,120542791737,244010135
0,120545086135,244133868
0,120547380533,244117134
0,120549674931,244102492
0,120551969329,244089680
0,120554263727,244078470
0,120556558125,244068661
0,120558852523,244060078
0,120561146921,244177568
0,120563441319,244155372
0,120565735717,244135950
0,120568030115,244243956
0,120570324513,244213461
0,120572618911,244186778
0,120574913309,244163430
0,120577207707,244268001
0,120579502105,244234500
0,120581796503,244205187
0,120584090901,244304538
0,120586385299,244266470
0,120588679697,244233161
0,120590974095,244204015
0,120593268493,244178513
0,120595562891,244156198
0,120597857289,244136673
0,120764700343,244119588
0,120764743543,244104639
0,120764786743,244091559
0,120764829943,244080114
0,120764873143,244070099
0,120764916343,244061336
0,120764959543,244053669
0,120765002743,244171960
0,120765045943,244275465
0,120765089143,244366031
0,120765132343,244445277
0,120765175543,244514617
0,120765218743,244575289
0,120765261943,244503377
0,120765305143,244440454
0,120765348343,244385397
0,120765391543,244337222
0,120765434743,244295069
0,120765477943,244258185
0,120765521143,244225911
0,120765564343,244197672
0,120765607543,244172963
0,120765650743,244151342
0,120765693943,244132424
0,120765737143,244115871
0,120765780343,244101387
0,120765823543,244088713
0,120765866743,244077623
0,120765909943,244067920
0,120765953143,244059430
0,120765996343,244052001
0,120766396186,244045500
0,120768690584,244039812
0,120770984982,244034835
0,120773279380,244030480
0,120775573778,244026670
0,120777868176,244023336
0,120780162574,244145419
0,120782456972,244127241
0,120784751370,244111335
0,120787045768,244222418
0,120789340166,244194615
0,120791634564,244170288
0,120793928962,244149002
0,120796223360,244255376
0,120798517758,244223454
0,120800812156,244195522
0,120803106554,244296081
0,120805400952,244259070
0,120807695350,244226686
0,120809989748,244198350
0,120812284146,244173556
0,120814578544,244151861
0,120816872942,244132878
0,120819167340,244241268
0,120821461738,244211109
0,120823756136,244184720
0,120826050534,244286630
0,120828344932,244250801
0,120830639330,244219450
0,120832933728,244192018
0,120835228126,244293015
0,120837522524,244256388
0,120839816922,244224339
0,120842111320,244321296
0,121010101573,244531134
0,121010144773,244714742
0,121010187973,244875399
0,121010231173,245015974
0,121010274373,245138977
0,121010317573,245246604
0,121010360773,245340778
0,121010403973,245298180
0,121010447173,245260907
0,121010490373,245228293
0,121010533573,245199756
0,121010576773,245174786
0,121010619973,245152937
0,121010663173,245133819
0,121010706373,245117091
0,121010749573,245102454
0,121010792773,245089647
0,121010835973,245078441
0,121010879173,245068635
0,121010922373,245060055
0,121010965573,245052548
0,121011008773,245170979
0,121011051973,245274606
0,121011095173,245365280
0,121011138373,245444620
0,121011181573,245514042
0,121011224773,245574786
0,121011267973,245627937
0,121011311173,245674444
0,121011354373,245715138
0,121011397573,245750745
0,121011440773,245781901
0,121012944615,245809163
0,121015239013,245958017
0,121017533411,246088264
0,121019827809,246077231
0,121022122207,246192577
0,121024416605,246293504
0,121026711003,246256816
0,121029005401,246349714
0,121031299799,246430999
0,121033594197,246377124
0,121035888595,246329983
0,121038182993,246413735
0,121040477391,246487018
0,121042771789,246426140
0,121045066187,246497872
0,121047360585,246560638
0,121049654983,246490558
0,121051949381,246429238
0,121054243779,246500583
0,121056538177,246563010
0,121058832575,246492633
0,121061126973,246556053
0,121063421371,246611546
0,121065715769,246535102
0,121068010167,246593214
0,121070304565,246644062
0,121072598963,246563554
0,121074893361,246493109
0,121077187759,246556470
0,121079482157,246611911
0,121081776555,246535422
0,121084070953,246593494
0,121086365351,246644307
0,121254355604,267313768
0,121254398804,264399547
0,121254442004,261849603
0,121254485204,259618402
0,121254528404,257666101
0,121254571604,255957838
0,121254614804,254463108
0,121254658004,253155219
0,121254701204,252010816
0,121254744404,251009464
0,121254787604,250133281
0,121254830804,249366620
0,121254874004,248695792
0,121254917204,248108818
0,121254960404,247595215
0,121255003604,247270813
0,121255046804,246986961
0,121255090004,246738590
0,121255133204,246521266
0,121255176404,246331107
0,121255219604,246164718
0,121255262804,246019128
0,121255306004,245766737
0,121255349204,245545894
0,121255392404,245352657
0,121255435604,245183574
0,121255478804,245035627
0,121255522004,244906173
0,121255565204,244792901
0,121255608404,244693788
0,121255651604,244607064
0,121255694804,244531181
0,121257198646,244714783
0,121259493044,245000435
0,121261787442,245125380
0,121264081840,245359707
0,121266376238,245564743
0,121268670636,245619150
0,121270965034,245666756
0,121273259432,245833411
0,121275553830,245854234
0,121277848228,245872454
0,121280142626,246013397
0,121282437024,246136722
0,121284731422,246119631
0,121287025820,246229677
0,121289320218,246325967
0,121291614616,246285221
0,121293909014,246249568
0,121296203412,246343372
0,121298497810,246425450
0,121300792208,246372268
0,121303086606,246450734
0,121305381004,246519392
0,121307675402,246454468
0,121309969800,246397659
0,121312264198,246472951
0,121314558596,246413832
0,121316852994,246362103
0,121319147392,246441840
0,121321441790,246511610
0,121323736188,246447658
0,121326030586,246516700
0,121328324984,246577112
0,121330619382,246504973
0,121499756834,267316851
0,121499800034,264527244
0,121499843234,262086338
0,121499886434,259950545
0,121499929634,258081726
0,121499972834,256446510
0,121500016034,255140696
0,121500059234,253998109
0,121500102434,252998345
0,121500145634,252123551
0,121500188834,251358107
0,121500232034,250688343
0,121500275234,250102300
0,121500318434,249589512
0,121500361634,249140823
0,121500404834,248748220
0,121500448034,248279692
0,121500491234,247869730
0,121500534434,247511013
0,121500577634,247197136
0,121500620834,246922494
0,121500664034,246682182
0,121500707234,246471909
0,121500750434,246287920
0,121500793634,246126930
0,121500836834,245986063
0,121500880034,245862805
0,121500923234,245754954
0,121500966434,245660584
0,121501009634,245703011
0,121501052834,245740134
0,121501096034,245772617
0,121501452677,245801039
0,121503747075,245825909
0,121506041473,245972670
0,121508335871,246101086
0,121510630269,246088450
0,121512924667,246077393
0,121515219065,246192718
0,121517513463,246293628
0,121519807861,246256924
0,121522102259,246349808
0,121524396657,246431082
0,121526691055,246377196
0,121528985453,246330046
0,121531279851,246413790
0,121533574249,246362066
0,121535868647,246316807
0,121538163045,246402206
0,121540457443,246476930
0,121542751841,246417313
0,121545046239,246490148
0,121547340637,246553879
0,121549635035,246484644
0,121551929433,246424063
0,121554223831,246496055
0,121556518229,246559048
0,121558812627,246489167
0,121561107025,246553021
0,121563401423,246608893
0,121565695821,246532781
0,121567990219,246466183
0,121570284617,246532910
0,121572579015,246466296
0,121574873413,246408009
0,121577167811,246482007
0,121746305263,246546756
0,121746348463,246603411
0,121746391663,246652984
0,121746434863,246696361
0,121746478063,246734315
0,121746521263,246767525
0,121746564463,246671584
0,121746607663,246587636
0,121746650863,246514181
0,121746694063,246449908
0,121746737263,246393669
0,121746780463,246344460
0,121746823663,246301402
0,121746866863,246263726
0,121746910063,246230760
0,121746953263,246201915
0,121746996463,246176675
0,121747039663,246279590
0,121747082863,246369641
0,121747126063,246448435
0,121747169263,246517380
0,121747212463,246577707
0,121747255663,246630493
0,121747298863,246676681
0,121747342063,246717095
0,121747385263,246752458
0,121747428463,246783400
0,121747471663,246810475
0,121747514863,246834165
0,121747558063,246729894
0,121747601263,246638657
0,121747644463,246558824
0,121748001106,246613971
0,121750295504,246662224
0,121752589902,246579446
0,121754884300,246507015
0,121757178698,246568638
0,121759473096,246622558
0,121761767494,246544738
0,121764061892,246601645
0,121766356290,246651439
0,121768650688,246570009
0,121770945086,246498757
0,121773239484,246561412
0,121775533882,246616235
0,121777828280,246539205
0,121780122678,246596804
0,121782417076,246647203
0,121784711474,246566302
0,121787005872,246620514
0,121789300270,246667949
0,121791594668,246584455
0,121793889066,246511398
0,121796183464,246572473
0,121798477862,246625913
0,121800772260,246547673
0,121803066658,246604213
0,121805361056,246653686
0,121807655454,246571975
0,121809949852,246500478
0,121812244250,246562918
0,121814538648,246617553
0,121816833046,246540358
0,121819127444,246597813
0,121821421842,246648086
0,121823716240,246567075
0,121994000891,246746190
0,121994044091,246902916
0,121994087291,247040051
0,121994130491,247160044
0,121994173691,247265038
0,121994216891,247356908
0,121994260091,247437294
0,121994303291,247507632
0,121994346491,247569178
0,121994389691,247623030
0,121994432891,247670151
0,121994476091,247711382
0,121994519291,247747459
0,121994562491,247779026
0,121994605691,247806647
0,121994648891,247830816
0,121994692091,247851964
0,121994735291,247745468
0,121994778491,247652284
0,121994821691,247570748
0,121994864891,247499404
0,121994908091,247436978
0,121994951291,247382355
0,121994994491,247334560
0,121995037691,247417740
0,121995080891,247490522
0,121995124091,247554206
0,121995167291,247609930
0,121995210491,247658688
0,121995253691,247701352
0,121995296891,247738683
0,121995340091,247771347
0,121995383291,247799928
0,121996843933,247824937
0,121999138331,247971819
0,122001432729,248100341
0,122003727127,248212798
0,122006021525,248311198
0,122008315923,248397298
0,122010610321,248472635
0,122012904719,248413555
0,122015199117,248486860
0,122017493515,248551002
0,122019787913,248607126
0,122022082311,248656235
0,122024376709,248699205
0,122026671107,248736804
0,122028965505,248644703
0,122031259903,248689115
0,122033554301,248727975
0,122035848699,248636978
0,122038143097,248682355
0,122040437495,248722060
0,122042731893,248756802
0,122045026291,248787201
0,122047320689,248813800
0,122049615087,248837075
0,122051909485,248732440
0,122054203883,248765885
0,122056498281,248795149
0,122058792679,248820755
0,122061087077,248843160
0,122063381475,248862765
0,122065675873,248879919
0,122067970271,248769929
0,122070264669,248798687
0,122240549320,269823851
0,122240592520,266845869
0,122240635720,264240135
0,122240678920,261960118
0,122240722120,259965103
0,122240765320,258219465
0,122240808520,256692031
0,122240851720,255355527
0,122240894920,254186086
0,122240938120,253162825
0,122240981320,252267471
0,122241024520,251609037
0,122241067720,251032907
0,122241110920,250528793
0,122241154120,250087693
0,122241197320,249701731
0,122241240520,249364014
0,122241283720,249068512
0,122241326920,248809948
0,122241370120,248583704
0,122241413320,248385741
0,122241456520,248212523
0,122241499720,248060957
0,122241542920,247928337
0,122241586120,247812294
0,122241629320,247585757
0,122241672520,247387537
0,122241715720,247214094
0,122241758920,247062332
0,122241802120,246929540
0,122241845320,246813347
0,122241888520,246711678
0,122241931720,246622718
0,122243392362,246794878
0,122245686760,247070518
0,122247981158,247186703
0,122250275556,247413365
0,122252569954,247611694
0,122254864352,247660232
0,122257158750,247827703
0,122259453148,247974240
0,122261747546,248102460
0,122264041944,248214652
0,122266336342,248312820
0,122268630740,248398717
0,122270925138,248348877
0,122273219536,248430267
0,122275513934,248501483
0,122277808332,248563797
0,122280102730,248618322
0,122282397128,248666031
0,122284691526,248707777
0,122286985924,248619304
0,122289280322,248666891
0,122291574720,248708529
0,122293869118,248619962
0,122296163516,248667466
0,122298457914,248709032
0,122300752312,248745403
0,122303046710,248777227
0,122305341108,248805073
0,122307635506,248829438
0,122309929904,248725758
0,122312224302,248760038
0,122314518700,248790033
0,122316813098,248816278
0,122488244948,269964243
0,122488288148,267218712
0,122488331348,264816373
0,122488374548,262714326
0,122488417748,260875035
0,122488460948,259265655
0,122488504148,257857448
0,122488547348,256625267
0,122488590548,255547108
0,122488633748,254603719
0,122488676948,253778254
0,122488720148,253055972
0,122488763348,252298975
0,122488806548,251636603
0,122488849748,251057027
0,122488892948,250549898
0,122488936148,250106160
0,122488979348,249717890
0,122489022548,249503153
0,122489065748,249315258
0,122489108948,249150850
0,122489152148,249006993
0,122489195348,248881118
0,122489238548,248770978
0,122489281748,248674605
0,122489324948,248590279
0,122489368148,248516494
0,122489411348,248451932
0,122489454548,248395440
0,122489497748,248346010
0,122489540948,248302758
0,122489584148,248264913
0,122489627348,248231798
0,122489940791,248202823
0,122492235189,248302470
0,122494529587,248389661
0,122496823985,248465953
0,122499118383,248532708
0,122501412781,248591119
0,122503707179,248642229
0,122506001577,248686950
0,122508295975,248726081
0,122510590373,248760320
0,122512884771,248665280
0,122515179169,248707120
0,122517473567,248743730
0,122519767965,248775763
0,122522062363,248803792
0,122524356761,248828318
0,122526651159,248849778
0,122528945557,248743555
0,122531239955,248775610
0,122533534353,248803658
0,122535828751,248828200
0,122538123149,248849675
0,122540417547,248868465
0,122542711945,248884906
0,122545006343,248899292
0,122547300741,248911880
0,122549595139,248922895
0,122551889537,248807533
0,122554183935,248831591
0,122556478333,248852642
0,122558772731,248871061
0,122561067129,248887178
0,122563361527,248901280
0,122565655925,248913620
0,122737087775,248924417
0,122737130975,248933864
0,122737174175,248942131
0,122737217375,248949364
0,122737260575,248955693
0,122737303775,248961231
0,122737346975,248966077
0,122737390175,248970317
0,122737433375,248974027
0,122737476575,248977273
0,122737519775,248980113
0,122737562975,248982598
0,122737606175,248984773
0,122737649375,248986676
0,122737692575,248988341
0,122737735775,248989798
0,122737778975,248991073
0,122737822175,248992188
0,122737865375,248868164
0,122737908575,248759643
0,122737951775,248664687
0,122737994975,248581601
0,122738038175,248633900
0,122738081375,248679662
0,122738124575,248719704
0,122738167775,248754741
0,122738210975,248785398
0,122738254175,248812223
0,122738297375,248835695
0,122738340575,248856233
0,122738383775,248874203
0,122738426975,248889927
0,122738470175,248903686
0,122738783618,248915725
0,122741078016,248926259
0,122743372414,248935476
0,122745666812,248943541
0,122747961210,248825598
0,122750255608,248847398
0,122752550006,248866473
0,122754844404,248758163
0,122757138802,248788392
0,122759433200,248814843
0,122761727598,248837987
0,122764021996,248858238
0,122766316394,248875958
0,122768610792,248891463
0,122770905190,248780030
0,122773199588,248807526
0,122775493986,248831585
0,122777788384,248852636
0,122780082782,248871056
0,122782377180,248887174
0,122784671578,248901277
0,122786965976,248788617
0,122789260374,248815039
0,122791554772,248838159
0,122793849170,248733389
0,122796143568,248766715
0,122798437966,248795875
0,122800732364,248821390
0,122803026762,248843716
0,122805321160,248863251
0,122807615558,248880344
0,122809909956,248770301
0,122812204354,248799013
0,122814498752,248824136
0,122987077801,248971119
0,122987121001,249099729
0,122987164201,249212262
0,122987207401,249310729
0,122987250601,249396887
0,122987293801,249472276
0,122987337001,249538241
0,122987380201,249595960
0,122987423401,249646465
0,122987466601,249690656
0,122987509801,249729324
0,122987553001,249763158
0,122987596201,249792763
0,122987639401,249818667
0,122987682601,249841333
0,122987725801,249861166
0,122987769001,249878520
0,122987812201,249893705
0,122987855401,249906991
0,122987898601,249918617
0,122987941801,249928789
0,122987985001,249937690
0,122988028201,249945478
0,122988071401,249952293
0,122988114601,249958256
0,122988157801,249963474
0,122988201001,249968039
0,122988244201,249972034
0,122988287401,249975529
0,122988330601,249978587
0,122988373801,249981263
0,122988417001,249983605
0,122988460201,249985654
0,122988503401,249987447
0,122989920843,249739016
0,122992215241,249646639
0,122994509639,249565809
0,122996804037,249495082
0,122999098435,249433196
0,123001392833,249629046
0,123003687231,249800415
0,123005981629,249950363
0,123008276027,250081567
0,123010570425,250196371
0,123012864823,250296824
0,123015159221,250384721
0,123017453619,250461630
0,123019748017,250528926
0,123022042415,250712810
0,123024336813,250748708
0,123026631211,250780119
0,123028925609,250807604
0,123031220007,250831653
0,123033514405,250852696
0,123035808803,250871109
0,123038103201,251012220
0,123040397599,251010692
0,123042691997,251009355
0,123044986395,251008185
0,123047280793,251007161
0,123049575191,251006265
0,123051869589,251005481
0,123054163987,251004795
0,123056458385,251004195
0,123058752783,251003670
0,123061047181,251128211
0,123063341579,251112184
0,123235920628,272348161
0,123235963828,269304640
0,123236007028,266766560
0,123236050228,264545740
0,123236093428,262602522
0,123236136628,260902206
0,123236179828,259414430
0,123236223028,258112626
0,123236266228,256973547
0,123236309428,255976853
0,123236352628,255104746
0,123236395828,254341652
0,123236439028,253673945
0,123236482228,253089701
0,123236525428,252578488
0,123236568628,252131177
0,123236611828,251739779
0,123236655028,251397306
0,123236698228,251097642
0,123236741428,250835436
0,123236784628,250606006
0,123236827828,250405255
0,123236871028,250229598
0,123236914228,249950898
0,123236957428,249707035
0,123237000628,249618655
0,123237043828,249541323
0,123237087028,249473657
0,123237130228,249414449
0,123237173428,249362642
0,123237216628,249317311
0,123237259828,249277647
0,123237303028,249242941
0,123237346228,249212573
0,123238763670,249311001
0,123241058068,249647125
0,123243352466,249816234
0,123245646864,249964204
0,123247941262,250093678
0,123250235660,250206968
0,123252530058,250306097
0,123254824456,250392834
0,123257118854,250593729
0,123259413252,250644512
0,123261707650,250688948
0,123264002048,250852829
0,123266296446,250871225
0,123268590844,250887321
0,123270885242,250901405
0,123273179640,250913729
0,123275474038,250924512
0,123277768436,250933948
0,123280062834,251067204
0,123282357232,251058803
0,123284651630,251051452
0,123286946028,251045020
0,123289240426,251039392
0,123291534824,251034468
0,123293829222,251030159
0,123296123620,251151389
0,123298418018,251132465
0,123300712416,251115906
0,123303006814,251226417
0,123305301212,251198114
0,123307595610,251173349
0,123309890008,251151680
0,123312184406,251132720
0,123485910654,272491130
0,123485953854,269679738
0,123485997054,267219770
0,123486040254,265067298
0,123486083454,263183885
0,123486126654,261535899
0,123486169854,260093911
0,123486213054,258832172
0,123486256254,257728150
0,123486299454,256762131
0,123486342654,255916864
0,123486385854,255177256
0,123486429054,254530099
0,123486472254,253963836
0,123486515454,253468356
0,123486558654,253034811
0,123486601854,252655459
0,123486645054,252323526
0,123486688254,252033085
0,123486731454,251778949
0,123486774654,251556580
0,123486817854,251362007
0,123486861054,251191756
0,123486904254,251042786
0,123486947454,250912437
0,123486990654,250798382
0,123487033854,250698584
0,123487077054,250611261
0,123487120254,250534853
0,123487163454,250467996
0,123487206654,250409496
0,123487249854,250358309
0,123487293054,250313520
0,123487336254,250274330
0,123487606497,250240038
0,123489900895,250335033
0,123492195293,250418153
0,123494489691,250490883
0,123496784089,250554522
0,123499078487,250735206
0,123501372885,250768305
0,123503667283,250797266
0,123505961681,250822607
0,123508256079,250844781
0,123510550477,250864183
0,123512844875,250881160
0,123515139273,250896015
0,123517433671,250909013
0,123519728069,250920386
0,123522022467,251055337
0,123524316865,251048419
0,123526611263,251042366
0,123528905661,251037070
0,123531200059,251032436
0,123533494457,251028381
0,123535788855,251024833
0,123538083253,251146728
0,123540377651,251128387
0,123542672049,251112338
0,123544966447,251098295
0,123547260845,251086008
0,123549555243,251075257
0,123551849641,251065849
0,123554144039,251057617
0,123556438437,251050414
0,123558732835,251044112
0,123561027233,251163598
0,123563321631,251143148
0,123737047879,251250254
0,123737091079,251343972
0,123737134279,251425975
0,123737177479,251372728
0,123737220679,251326137
0,123737263879,251285369
0,123737307079,251249697
0,123737350279,251218484
0,123737393479,251191173
0,123737436679,251167276
0,123737479879,251146366
0,123737523079,251128070
0,123737566279,251112061
0,123737609479,251098053
0,123737652679,251085796
0,123737695879,251075071
0,123737739079,251065687
0,123737782279,251057476
0,123737825479,251050291
0,123737868679,251044004
0,123737911879,251038503
0,123737955079,251033690
0,123737998279,251029478
0,123738041479,251150793
0,123738084679,251256943
0,123738127879,251349825
0,123738171079,251306096
0,123738214279,251267834
0,123738257479,251234354
0,123738300679,251205059
0,123738343879,251179426
0,123738387079,251156997
0,123738430279,251137372
0,123738473479,251120200
0,123738743722,251105175
0,123741038120,251217028
0,123743332518,251189899
0,123745626916,251166161
0,123747921314,251145390
0,123750215712,251127216
0,123752510110,251111314
0,123754804508,251097399
0,123757098906,251210224
0,123759393304,251183946
0,123761687702,251160952
0,123763982100,251140833
0,123766276498,251123228
0,123768570896,251107824
0,123770865294,251094346
0,123773159692,251082552
0,123775454090,251072233
0,123777748488,251063203
0,123780042886,251180302
0,123782337284,251157764
0,123784631682,251138043
0,123786926080,251120787
0,123789220478,251105688
0,123791514876,251092477
0,123793809274,251080917
0,123796103672,251195802
0,123798398070,251171326
0,123800692468,251149910
0,123802986866,251131171
0,123805281264,251114774
0,123807575662,251100427
0,123809870060,251087873
0,123812164458,251076888
0,123814458856,251067277
0,123989332303,251183867
0,123989375503,251285883
0,123989418703,251375147
0,123989461903,251453253
0,123989505103,251521596
0,123989548303,251581396
0,123989591503,251633721
0,123989634703,251679505
0,123989677903,251719566
0,123989721103,251754620
0,123989764303,251785292
0,123989807503,251812130
0,123989850703,251835613
0,123989893903,251856161
0,123989937103,251874140
0,123989980303,251889872
0,123990023503,252028638
0,123990066703,252150058
0,123990109903,252256300
0,123990153103,252349262
0,123990196303,252430604
0,123990239503,252501778
0,123990282703,252564055
0,123990325903,252493548
0,123990369103,252431854
0,123990412303,252377872
0,123990455503,252330638
0,123990498703,252289308
0,123990541903,252253144
0,123990585103,252221501
0,123990628303,252193813
0,123990671503,252169586
0,123990714703,252148387
0,123990757903,252129838
0,123990801103,252113608
0,123992175345,251974407
0,123994469743,251852606
0,123996764141,251746030
0,123999058539,251777776
0,124001352937,251680554
0,124003647335,251595484
0,124005941733,251521048
0,124008236131,251455917
0,124010530529,251398927
0,124012824927,251349061
0,124015119325,251430428
0,124017413723,251751624
0,124019708121,251907671
0,124022002519,252169212
0,124024296917,252398060
0,124026591315,252473302
0,124028885713,252539139
0,124031180111,252721746
0,124033474509,252756527
0,124035768907,252786961
0,124038063305,252938590
0,124040357703,253071266
0,124042652101,253062357
0,124044946499,253054562
0,124047240897,253172741
0,124049535295,253151148
0,124051829693,253132254
0,124054124091,253240722
0,124056418489,253335631
0,124058712887,253293677
0,124061007285,253381967
0,124063301683,253459221
0,124065596081,253401818
0,124240469528,274976590
0,124240512728,271979516
0,124240555928,269357076
0,124240599128,267062441
0,124240642328,265054635
0,124240685528,263297805
0,124240728728,261760579
0,124240771928,260415506
0,124240815128,259238567
0,124240858328,258208746
0,124240901528,257307652
0,124240944728,256519195
0,124240987928,255829295
0,124241031128,255350633
0,124241074328,254931803
0,124241117528,254565327
0,124241160728,254244661
0,124241203928,253839078
0,124241247128,253484193
0,124241290328,253173668
0,124241333528,252901959
0,124241376728,252664214
0,124241419928,252456187
0,124241463128,252274163
0,124241506328,252114892
0,124241549528,251975530
0,124241592728,251853588
0,124241635928,251746889
0,124241679128,251653527
0,124241722328,251571836
0,124241765528,251500356
0,124241808728,251437811
0,124241851928,251383084
0,124241895128,251335198
0,124241938328,251293298
0,124243312570,251506635
0,124245606968,251693305
0,124247901366,251856641
0,124250195764,252124560
0,124252490162,252233990
0,124254784560,252329741
0,124257078958,252538523
0,124259373356,252721207
0,124261667754,252756056
0,124263962152,252786549
0,124266256550,252938230
0,124268550948,252945951
0,124270845346,252952707
0,124273139744,253083618
0,124275434142,253073165
0,124277728540,253064019
0,124280022938,253181016
0,124282317336,253283389
0,124284611734,253247965
0,124286906132,253216969
0,124289200530,253314847
0,124291494928,253275491
0,124293789326,253241054
0,124296083724,253335922
0,124298378122,253418931
0,124300672520,253366564
0,124302966918,253320743
0,124305261316,253405650
0,124307555714,253354943
0,124309850112,253310575
0,124312144510,253396753
0,124314438908,253347158
0,124316733306,253303763
0,124492753952,275015792
0,124492797152,272138818
0,124492840352,269621465
0,124492883552,267418781
0,124492926752,265491433
0,124492969952,263805003
0,124493013152,262454377
0,124493056352,261272579
0,124493099552,260238506
0,124493142752,259333692
0,124493185952,258541980
0,124493229152,257849232
0,124493272352,257243078
0,124493315552,256712693
0,124493358752,256123606
0,124493401952,255608155
0,124493445152,255157135
0,124493488352,254762493
0,124493531552,254417181
0,124493574752,254115033
0,124493617952,253850653
0,124493661152,253619321
0,124493704352,253416905
0,124493747552,253239791
0,124493790752,253084817
0,124493833952,252949214
0,124493877152,252830562
0,124493920352,252726741
0,124493963552,252635898
0,124494006752,252681410
0,124494049952,252721233
0,124494093152,252756078
0,124494136352,252786568
0,124494179552,252813247
0,124494222752,252836591
0,124494449795,252857017
0,124496744193,252874889
0,124499038591,253015527
0,124501332989,253138586
0,124503627387,253121262
0,124505921785,253106104
0,124508216183,253217841
0,124510510581,253190610
0,124512804979,253166783
0,124515099377,253270935
0,124517393775,253362068
0,124519688173,253316809
0,124521982571,253277207
0,124524276969,253367556
0,124526571367,253321611
0,124528865765,253281409
0,124531160163,253371232
0,124533454561,253324828
0,124535748959,253284224
0,124538043357,253373696
0,124540337755,253451984
0,124542632153,253395486
0,124544926551,253346050
0,124547220949,253427793
0,124549515347,253374318
0,124551809745,253327528
0,124554104143,253411587
0,124556398541,253485138
0,124558692939,253424495
0,124560987337,253371433
0,124563281735,253450003
0,124565576133,253393752
0,124567870531,253344533
0,124570164929,253426466
0,124746185575,253498157
0,124746228775,253560887
0,124746271975,253615776
0,124746315175,253663804
0,124746358375,253705828
0,124746401575,253742599
0,124746444775,253649774
0,124746487975,253568552
0,124746531175,253497483
0,124746574375,253435297
0,124746617575,253380884
0,124746660775,253333273
0,124746703975,253291613
0,124746747175,253255161
0,124746790375,253223265
0,124746833575,253195356
0,124746876775,253170936
0,124746919975,253149569
0,124746963175,253130872
0,124747006375,253239513
0,124747049575,253334573
0,124747092775,253417751
0,124747135975,253490532
0,124747179175,253554215
0,124747222375,253609938
0,124747265575,253658695
0,124747308775,253701358
0,124747351975,253738688
0,124747395175,253771352
0,124747438375,253674933
0,124747481575,253590566
0,124747524775,253516745
0,124747567975,253452151
0,124747611175,253395632
0,124747654375,253346178
0,124747881418,253302905
0,124750175816,253390041
0,124752470214,253341285
0,124754764612,253298624
0,124757059010,253386296
0,124759353408,253463009
0,124761647806,253405132
0,124763942204,253354490
0,124766236602,253435178
0,124768531000,253380780
0,124770825398,253333182
0,124773119796,253416534
0,124775414194,253489467
0,124777708592,253428283
0,124780002990,253499747
0,124782297388,253562278
0,124784591786,253491993
0,124786886184,253430493
0,124789180582,253501681
0,124791474980,253438970
0,124793769378,253384098
0,124796063776,253461085
0,124798358174,253528449
0,124800652572,253462392
0,124802946970,253404593
0,124805241368,253479018
0,124807535766,253419140
0,124809830164,253366747
0,124812124562,253445903
0,124814418960,253515165
0,124816713358,253450769
0,124819007756,253519422
0,124821302154,253579494
0,124823596552,253507057
0,125000764397,253568674
0,125000807597,253622589
0,125000850797,253669765
0,125000893997,253711044
0,125000937197,253747163
0,125000980397,253778767
0,125001023597,253931421
0,125001066797,254064993
0,125001109997,254181868
0,125001153197,254284134
0,125001196397,254373617
0,125001239597,254451914
0,125001282797,254520424
0,125001325997,254580371
0,125001369197,254632824
0,125001412397,254678721
0,125001455597,254718880
0,125001498797,254754020
0,125001541997,254784767
0,125001585197,254686671
0,125001628397,254600837
0,125001671597,254525732
0,125001714797,254460015
0,125001757997,254402513
0,125001801197,254352198
0,125001844397,254308173
0,125001887597,254269651
0,125001930797,254235944
0,125001973997,254206451
0,125002017197,254305644
0,125002060397,254392438
0,125002103597,254468383
0,125002146797,254534835
0,125002189997,254592980
0,125002233197,254643857
0,125002276397,254688374
0,125003607439,254477327
0,125005901837,254292661
0,125008196235,254256078
0,125010490633,254099068
0,125012785031,253961684
0,125015079429,253966473
0,125017373827,253970663
0,125019668225,253849330
0,125021962623,253743163
0,125024257021,253775267
0,125026551419,253678358
0,125028845817,253593563
0,125031140215,253644367
0,125033434613,253563821
0,125035729011,253493343
0,125038023409,253556675
0,125040317807,253612090
0,125042612205,253535578
0,125044906603,253468630
0,125047201001,253535051
0,125049495399,253468169
0,125051789797,253409647
0,125054084195,253483441
0,125056378593,253548010
0,125058672991,253479508
0,125060967389,253419569
0,125063261787,253492122
0,125065556185,253430606
0,125067850583,253626780
0,125070144981,253923432
0,125072439379,254183003
0,125074733777,254285127
0,125077028175,254499486
0,125254196020,276562050
0,125254239220,273741793
0,125254282420,271274068
0,125254325620,269114809
0,125254368820,267225457
0,125254412020,265572274
0,125254455220,264125739
0,125254498420,262735021
0,125254541620,261518143
0,125254584820,260453375
0,125254628020,259521703
0,125254671220,258706490
0,125254714420,257993178
0,125254757620,257369030
0,125254800820,256822901
0,125254844020,256345038
0,125254887220,255926908
0,125254930420,255561044
0,125254973620,255240913
0,125255016820,255085798
0,125255060020,254950073
0,125255103220,254831313
0,125255146420,254727398
0,125255189620,254636473
0,125255232820,254556913
0,125255276020,254487298
0,125255319220,254426385
0,125255362420,254373086
0,125255405620,254326450
0,125255448820,254285643
0,125255492020,254124937
0,125255535220,253984319
0,125255578420,253861279
0,125255621620,253753619
0,125255664820,253659416
0,125255708020,253576989
0,125257039062,253754865
0,125259333460,254035506
0,125261627858,254281067
0,125263922256,254370933
0,125266216654,254574566
0,125268511052,254752745
0,125270805450,254783651
0,125273099848,254935694
0,125275394246,255068732
0,125277688644,255185140
0,125279983042,255161997
0,125282277440,255266747
0,125284571838,255358403
0,125286866236,255313602
0,125289160634,255399401
0,125291455032,255474475
0,125293749430,255415165
0,125296043828,255488269
0,125298338226,255552235
0,125300632624,255608205
0,125302927022,255532179
0,125305221420,255590656
0,125307515818,255641824
0,125309810216,255561596
0,125312104614,255616396
0,125314399012,255664346
0,125316693410,255706302
0,125318987808,255618014
0,125321282206,255665762
0,125323576604,255707541
0,125325871002,255619098
0,125328165400,255666710
0,125330459798,255708371
0,125507627643,277494824
0,125507670843,274432971
0,125507714043,271753849
0,125507757243,269409617
0,125507800443,267358414
0,125507843643,265563612
0,125507886843,263993160
0,125507930043,262619015
0,125507973243,261416638
0,125508016443,260489558
0,125508059643,259678363
0,125508102843,258968567
0,125508146043,258347496
0,125508189243,257804059
0,125508232443,257328551
0,125508275643,256912482
0,125508318843,256548421
0,125508362043,256229868
0,125508405243,255951134
0,125508448443,255707242
0,125508491643,255368836
0,125508534843,255072731
0,125508578043,254813639
0,125508621243,254586934
0,125508664443,254388567
0,125508707643,254214996
0,125508750843,254063121
0,125508794043,253930230
0,125508837243,253813951
0,125508880443,253712207
0,125508923643,253623181
0,125508966843,253545283
0,125509010043,253602122
0,125509053243,253651856
0,125509096443,253695374
0,125509139643,253733452
0,125510470685,253891770
0,125512765083,254030298
0,125515059481,254276510
0,125517353879,254491946
0,125519648277,254680452
0,125521942675,254720395
0,125524237073,254880345
0,125526531471,255020301
0,125528825869,255017763
0,125531120267,255140542
0,125533414665,255247974
0,125535709063,255341977
0,125538003461,255424229
0,125540297859,255496200
0,125542592257,255559175
0,125544886655,255489278
0,125547181053,255553118
0,125549475451,255608978
0,125551769849,255532855
0,125554064247,255591248
0,125556358645,255642342
0,125558653043,255687049
0,125560947441,255601167
0,125563241839,255651021
0,125565536237,255694643
0,125567830635,255607812
0,125570125033,255656835
0,125572419431,255699730
0,125574713829,255737263
0,125577008227,255770105
0,125579302625,255798841
0,125581597023,255823985
0,125583891421,255720986
0,125762206465,277755862
0,125762249665,274911379
0,125762292865,272422456
0,125762336065,270244649
0,125762379265,268339067
0,125762422465,266671683
0,125762465665,265212722
0,125762508865,263936131
0,125762552065,262819114
0,125762595265,261841724
0,125762638465,260861508
0,125762681665,260003819
0,125762724865,259253341
0,125762768065,258596673
0,125762811265,258022088
0,125762854465,257519327
0,125762897665,257079411
0,125762940865,256694484
0,125762984065,256357673
0,125763027265,256187963
0,125763070465,256039467
0,125763113665,255909533
0,125763156865,255795841
0,125763200065,255696360
0,125763243265,255609315
0,125763286465,255533150
0,125763329665,255466506
0,125763372865,255408192
0,125763416065,255357168
0,125763459265,255312522
0,125763502465,255273456
0,125763545665,255239274
0,125763588865,255209364
0,125763632065,255058193
0,125763675265,254925918
0,125763718465,254810178
0,125763902308,254708905
0,125766196706,254870291
0,125768491104,255011504
0,125770785502,255010066
0,125773079900,255133807
0,125775374298,255242081
0,125777668696,255336820
0,125779963094,255294717
0,125782257492,255382877
0,125784551890,255460017
0,125786846288,255402514
0,125789140686,255477199
0,125791435084,255542549
0,125793729482,255474730
0,125796023880,255540388
0,125798318278,255597839
0,125800612676,255648109
0,125802907074,255567095
0,125805201472,255621208
0,125807495870,255668557
0,125809790268,255584987
0,125812084666,255636863
0,125814379064,255682255
0,125816673462,255721973
0,125818967860,255631726
0,125821262258,255677760
0,125823556656,255718040
0,125825851054,255628285
0,125828145452,255674749
0,125830439850,255715405
0,125832734248,255625979
0,125835028646,255672731
0,125837323044,255713639
0,125839617442,255749434
0,126017932486,255655754
0,126017975686,255573784
0,126018018886,255627061
0,126018062086,255673678
0,126018105286,255714468
0,126018148486,255750159
0,126018191686,255781389
0,126018234886,255808715
0,126018278086,255832625
0,126018321286,255853546
0,126018364486,255871852
0,126018407686,255887870
0,126018450886,255901886
0,126018494086,255914150
0,126018537286,255924881
0,126018580486,255934270
0,126018623686,255942486
0,126018666886,255949675
0,126018710086,255955965
0,126018753286,255836469
0,126018796486,255731910
0,126018839686,255640421
0,126018882886,255560368
0,126018926086,255490322
0,126018969286,255429031
0,126019012486,255500402
0,126019055686,255562851
0,126019098886,255617494
0,126019142086,255665307
0,126019185286,255707143
0,126019228486,255743750
0,126019271686,255775781
0,126019314886,255803808
0,126019358086,255828332
0,126019401286,255849790
0,126019444486,255868566
0,126019628329,255884995
0,126021922727,255774370
0,126024217125,255802573
0,126026511523,255827251
0,126028805921,255723844
0,126031100319,255758363
0,126033394717,255788567
0,126035689115,255814996
0,126037983513,255713121
0,126040277911,255748980
0,126042572309,255780357
0,126044866707,255682812
0,126047161105,255722460
0,126049455503,255757152
0,126051749901,255662508
0,126054044299,255704694
0,126056338697,255741607
0,126058633095,255773906
0,126060927493,255677167
0,126063221891,255717521
0,126065516289,255752830
0,126067810687,255658726
0,126070105085,255701385
0,126072399483,255738711
0,126074693881,255771372
0,126076988279,255674950
0,126079282677,255715581
0,126081577075,255751133
0,126083871473,255657241
0,126086165871,255700085
0,126088460269,255737574
0,126090754667,255645377
0,126093049065,255689704
0,126095343463,255728491
0,126274805706,255887429
0,126274848906,256026500
0,126274892106,256023187
0,126274935306,256020288
0,126274978506,256017752
0,126275021706,256140533
0,126275064906,256247966
0,126275108106,256341970
0,126275151306,256424223
0,126275194506,256496195
0,126275237706,256559170
0,126275280906,256614273
0,126275324106,256662488
0,126275367306,256704677
0,126275410506,256741592
0,126275453706,256773893
0,126275496906,256802156
0,126275540106,256826886
0,126275583306,256848525
0,126275626506,256867459
0,126275669706,256884026
0,126275712906,256898522
0,126275756106,256911206
0,126275799306,256922305
0,126275842506,256932016
0,126275885706,256940514
0,126275928906,256822949
0,126275972106,256720080
0,126276015306,256755070
0,126276058506,256785686
0,126276101706,256812475
0,126276144906,256835915
0,126276188106,256856425
0,126276231306,256874371
0,126276274506,256890074
0,126276317706,256903814
0,126276360906,256915837
0,126277648748,257051357
0,126279943146,257169937
0,126282237544,257273694
0,126284531942,257364482
0,126286826340,257443921
0,126289120738,257513430
0,126291415136,257574251
0,126293709534,257627469
0,126296003932,257799035
0,126298298330,257824155
0,126300592728,257846135
0,126302887126,257865368
0,126305181524,257882197
0,126307475922,257896922
0,126309770320,257909806
0,126312064718,257921080
0,126314359116,257930945
0,126316653514,257939576
0,126318947912,257947129
0,126321242310,257953737
0,126323536708,257959519
0,126325831106,257964579
0,126328125504,257969006
0,126330419902,257972880
0,126332714300,257976270
0,126335008698,258104236
0,126337303096,258091206
0,126339597494,258079805
0,126341891892,258069829
0,126344186290,258061100
0,126346480688,258053462
0,126348775086,258046779
0,126351069484,258040931
0,126530531727,280160814
0,126530574927,277140712
0,126530618127,274498123
0,126530661327,272185857
0,126530704527,270162624
0,126530747727,268392296
0,126530790927,266718259
0,126530834127,265253476
0,126530877327,263971791
0,126530920527,262850317
0,126530963727,261869027
0,126531006927,261135398
0,126531050127,260493473
0,126531093327,259931788
0,126531136527,259440314
0,126531179727,259010274
0,126531222927,258633989
0,126531266127,258304740
0,126531309327,258016647
0,126531352527,257764566
0,126531395727,257543995
0,126531438927,257350995
0,126531482127,257182120
0,126531525327,257034355
0,126531568527,256905060
0,126531611727,256791927
0,126531654927,256692936
0,126531698127,256606319
0,126531741327,256530529
0,126531784527,256339212
0,126531827727,256171810
0,126531870927,256025333
0,126531914127,255897166
0,126531957327,255785020
0,126532000527,255811892
0,126532043727,255835405
0,126532086927,255855979
0,126533374769,255998981
0,126535669167,256249108
0,126537963565,256467969
0,126540257963,256659472
0,126542552361,256827038
0,126544846759,256973658
0,126547141157,257101950
0,126549435555,257214206
0,126551729953,257312430
0,126554024351,257398376
0,126556318749,257473579
0,126558613147,257539381
0,126560907545,257596958
0,126563201943,257647338
0,126565496341,257691420
0,126567790739,257729992
0,126570085137,257763743
0,126572379535,257793275
0,126574673933,257819115
0,126576968331,257841725
0,126579262729,257861509
0,126581557127,257878820
0,126583851525,257893967
0,126586145923,257907221
0,126588440321,257918818
0,126590734719,257928965
0,126593029117,257937844
0,126595323515,257945613
0,126597617913,257952411
0,126599912311,257958359
0,126602206709,257963564
0,126604501107,257968118
0,126606795505,257972103
0,126787404947,280225590
0,126787448147,277322391
0,126787491347,274782092
0,126787534547,272559330
0,126787577747,270614413
0,126787620947,268912611
0,126787664147,267423534
0,126787707347,266120592
0,126787750547,264980518
0,126787793747,263982953
0,126787836947,263110083
0,126787880147,262346322
0,126787923347,261553031
0,126787966547,260858902
0,126788009747,260376539
0,126788052947,259954471
0,126788096147,259585162
0,126788139347,259262016
0,126788182547,258979264
0,126788225747,258731856
0,126788268947,258515374
0,126788312147,258325952
0,126788355347,258160208
0,126788398547,258015182
0,126788441747,257888284
0,126788484947,257777248
0,126788528147,257680092
0,126788571347,257595080
0,126788614547,257520695
0,126788657747,257455608
0,126788700947,257398657
0,126788744147,257348824
0,126788787347,257305221
0,126788830547,257267068
0,126788873747,257233684
0,126788916947,257079473
0,126788960147,256944538
0,126789100790,256951470
0,126791395188,257082536
0,126793689586,257197219
0,126795983984,257297566
0,126798278382,257385370
0,126800572780,257462198
0,126802867178,257529423
0,126805161576,257588245
0,126807455974,257639714
0,126809750372,257684749
0,126812044770,257724155
0,126814339168,257758635
0,126816633566,257788805
0,126818927964,257815204
0,126821222362,257838303
0,126823516760,257858515
0,126825811158,257876200
0,126828105556,257891675
0,126830399954,257905215
0,126832694352,257917063
0,126834988750,257927430
0,126837283148,257936501
0,126839577546,257944438
0,126841871944,257951383
0,126844166342,257957460
0,126846460740,257962777
0,126848755138,257967429
0,126851049536,257971500
0,126853343934,257975062
0,126855638332,257978179
0,126857932730,257980906
0,126860227128,257983292
0,126862521526,257985380
0,126864815924,257987207
0,127045425366,257988806
0,127045468566,257990205
0,127045511766,257991429
0,127045554966,257992500
0,127045598166,257993437
0,127045641366,257994257
0,127045684566,257994974
0,127045727766,257995602
0,127045770966,257996151
0,127045814166,257996632
0,127045857366,257997053
0,127045900566,257997421
0,127045943766,257997743
0,127045986966,257998025
0,127046030166,257998271
0,127046073366,257998487
0,127046116566,257998676
0,127046159766,257998841
0,127046202966,257998985
0,127046246166,257999111
0,127046289366,257999222
0,127046332566,257999319
0,127046375766,257999404
0,127046418966,257999478
0,127046462166,257999543
0,127046505366,257999600
0,127046548566,257999650
0,127046591766,257999693
0,127046634966,257999731
0,127046678166,257999764
0,127046721366,257999793
0,127046764566,257999818
0,127046807766,257999840
0,127046850966,257999860
0,127046894166,257999877
0,127046937366,257999892
0,127046980566,257999905
0,127047121209,257999916
0,127049415607,257999926
0,127051710005,257999935
0,127054004403,258124943
0,127056298801,258109325
0,127058593199,258095659
0,127060887597,258083701
0,127063181995,258073238
0,127065476393,258064083
0,127067770791,258056072
0,127070065189,258049063
0,127072359587,258042930
0,127074653985,258037563
0,127076948383,258032867
0,127079242781,258028758
0,127081537179,258025163
0,127083831577,258022017
0,127086125975,258019264
0,127088420373,258016856
0,127090714771,258014749
0,127093009169,258137905
0,127095303567,258120666
0,127097597965,258105582
0,127099892363,258092384
0,127102186761,258080836
0,127104481159,258070731
0,127106775557,258061889
0,127109069955,258054152
0,127111364353,258047383
0,127113658751,258041460
0,127115953149,258036277
0,127118247547,258031742
0,127120541945,258027774
0,127122836343,258024302
0,127304592984,258146264
0,127304636184,258252981
0,127304679384,258346358
0,127304722584,258428063
0,127304765784,258499555
0,127304808984,258562110
0,127304852184,258616846
0,127304895384,258664740
0,127304938584,258706647
0,127304981784,258743316
0,127305024984,258900401
0,127305068184,259037850
0,127305111384,259158118
0,127305154584,259263353
0,127305197784,259230433
0,127305240984,259201628
0,127305284184,259176424
0,127305327384,259154371
0,127305370584,259135074
0,127305413784,259118189
0,127305456984,259103415
0,127305500184,259090488
0,127305543384,259079177
0,127305586584,259069279
0,127305629784,259060619
0,127305672984,259053041
0,127305716184,259046410
0,127305759384,259040608
0,127305802584,259035532
0,127305845784,259031090
0,127305888984,259027203
0,127305932184,259023802
0,127305975384,259020826
0,127306018584,259143222
0,127306061784,259250319
0,127306104984,259344029
0,127306148184,259426025
0,127306191384,259372771
0,127307436026,259201174
0,127309730424,259051027
0,127312024822,258919648
0,127314319220,258804692
0,127316613618,258704105
0,127318908016,258616091
0,127321202414,258539079
0,127323496812,258471694
0,127325791210,258412732
0,127328085608,258361140
0,127330380006,258315997
0,127332674404,258276497
0,127334968802,258241934
0,127337263200,258586692
0,127339557598,258763355
0,127341851996,258917935
0,127344146394,259178193
0,127346440792,259280918
0,127348735190,259370803
0,127351029588,259574452
0,127353323986,259627645
0,127355618384,259674189
0,127357912782,259714915
0,127360207180,259875550
0,127362501578,259891106
0,127364795976,259904717
0,127367090374,260041627
0,127369384772,260036423
0,127371679170,260031870
0,127373973568,260027886
0,127376267966,260149400
0,127378562364,260130725
0,127380856762,260114384
0,127562613403,282600086
0,127562656603,279525075
0,127562699803,276834440
0,127562743003,274480135
0,127562786203,272420118
0,127562829403,270617603
0,127562872603,269040402
0,127562915803,267660351
0,127562959003,266452807
0,127563002203,265521206
0,127563045403,264706055
0,127563088603,263867798
0,127563131803,263134323
0,127563175003,262492532
0,127563218203,261930965
0,127563261403,261439594
0,127563304603,261009644
0,127563347803,260633438
0,127563391003,260304258
0,127563434203,260016225
0,127563477403,259764196
0,127563520603,259543671
0,127563563803,259350712
0,127563607003,259181873
0,127563650203,259034138
0,127563693403,258904870
0,127563736603,258791761
0,127563779803,258692790
0,127563823003,258606191
0,127563866203,258530417
0,127563909403,258464114
0,127563952603,258406099
0,127563995803,258355336
0,127564039003,258435919
0,127564082203,258381429
0,127564125403,258333750
0,127564168603,258292031
0,127564211803,258255527
0,127565456445,258348586
0,127567750843,258555012
0,127570045241,258860635
0,127572339639,259003055
0,127574634037,259127673
0,127576928435,259236713
0,127579222833,259457123
0,127581517231,259524982
0,127583811629,259584359
0,127586106027,259761314
0,127588400425,259791149
0,127590694823,259817255
0,127592989221,259840098
0,127595283619,259985085
0,127597578017,259986949
0,127599872415,259988580
0,127602166813,260115007
0,127604461211,260100631
0,127606755609,260088052
0,127609050007,260202045
0,127611344405,260176789
0,127613638803,260154690
0,127615933201,260135353
0,127618227599,260243433
0,127620521997,260213003
0,127622816395,260186377
0,127625110793,260288079
0,127627405191,260252069
0,127629699589,260220560
0,127631993987,260192990
0,127634288385,260293866
0,127636582783,260257132
0,127638877181,260224990
0,127821781021,282821866
0,127821824221,279844132
0,127821867421,277238615
0,127821910621,274958788
0,127821953821,272963939
0,127821997021,271218446
0,127822040221,269816140
0,127822083421,268589122
0,127822126621,267515481
0,127822169821,266576045
0,127822213021,265629039
0,127822256221,264800409
0,127822299421,264075357
0,127822342621,263440937
0,127822385821,262885819
0,127822429021,262400091
0,127822472221,261975079
0,127822515421,261603194
0,127822558621,261277794
0,127822601821,260993069
0,127822645021,260743935
0,127822688221,260525943
0,127822731421,260335200
0,127822774621,260168300
0,127822817821,260022262
0,127822861021,259894479
0,127822904221,259782669
0,127822947421,259684835
0,127822990621,259599230
0,127823033821,259649326
0,127823077021,259693160
0,127823120221,259731515
0,127823163421,259765075
0,127823206621,259794440
0,127823249821,259695135
0,127823293021,259608243
0,127823336221,259532212
0,127823379421,259465685
0,127823476864,259407474
0,127825771262,259481539
0,127828065660,259671346
0,127830360058,259712427
0,127832654456,259748373
0,127834948854,259779826
0,127837243252,259932347
0,127839537650,259940803
0,127841832048,259948202
0,127844126446,260079676
0,127846420844,260069716
0,127848715242,260061001
0,127851009640,260178375
0,127853304038,260281078
0,127855598436,260245943
0,127857892834,260215200
0,127860187232,260313300
0,127862481630,260274137
0,127864776028,260239869
0,127867070426,260334885
0,127869364824,260293024
0,127871659222,260256396
0,127873953620,260224346
0,127876248018,260321302
0,127878542416,260281139
0,127880836814,260245996
0,127883131212,260340246
0,127885425610,260297715
0,127887720008,260260500
0,127890014406,260352937
0,127892308804,260433819
0,127894603202,260379591
0,127896897600,260332142
0,127899191998,260415624
0,128082095838,260488671
0,128082139038,260552587
0,128082182238,260608513
0,128082225438,260657448
0,128082268638,260700267
0,128082311838,260737733
0,128082355038,260645516
0,128082398238,260564826
0,128082441438,260494222
0,128082484638,260432444
0,128082527838,260378388
0,128082571038,260331089
0,128082614238,260289702
0,128082657438,260253489
0,128082700638,260221802
0,128082743838,260194076
0,128082787038,260169816
0,128082830238,260148589
0,128082873438,260130015
0,128082916638,260113763
0,128082959838,260099542
0,128083003038,260212099
0,128083046238,260310586
0,128083089438,260396762
0,128083132638,260472166
0,128083175838,260538145
0,128083219038,260595876
0,128083262238,260646391
0,128083305438,260690592
0,128083348638,260604268
0,128083391838,260528734
0,128083435038,260462642
0,128083478238,260404811
0,128083521438,260354209
0,128083564638,260309932
0,128083607838,260271190
0,128083651038,260237291
0,128083694238,260207629
0,128083791681,260181675
0,128086086079,260283965
0,128088380477,260248469
0,128090674875,260217410
0,128092969273,260190233
0,128095263671,260291453
0,128097558069,260255021
0,128099852467,260223143
0,128102146865,260320250
0,128104441263,260280218
0,128106735661,260245190
0,128109030059,260339541
0,128111324457,260297098
0,128113618855,260259960
0,128115913253,260227465
0,128118207651,260324031
0,128120502049,260283527
0,128122796447,260248086
0,128125090845,260342075
0,128127385243,260299315
0,128129679641,260261900
0,128131974039,260229162
0,128134268437,260325516
0,128136562835,260284826
0,128138857233,260249222
0,128141151631,260343069
0,128143446029,260300185
0,128145740427,260262661
0,128148034825,260354828
0,128150329223,260310474
0,128152623621,260271664
0,128154918019,260237706
0,128157212417,260332992
0,128159506815,260291368
0,128343557854,260379947
0,128343601054,260457453
0,128343644254,260525271
0,128343687454,260584612
0,128343730654,260636535
0,128343773854,260681968
0,128343817054,260721722
0,128343860254,260756506
0,128343903454,260786942
0,128343946654,260813574
0,128343989854,260836877
0,128344033054,260982267
0,128344076254,261109483
0,128344119454,261220797
0,128344162654,261318197
0,128344205854,261403422
0,128344249054,261477994
0,128344292254,261543244
0,128344335454,261600338
0,128344378654,261650295
0,128344421854,261694008
0,128344465054,261607257
0,128344508254,261531349
0,128344551454,261464930
0,128344594654,261406813
0,128344637854,261355961
0,128344681054,261311465
0,128344724254,261272531
0,128344767454,261238464
0,128344810654,261208656
0,128344853854,261182574
0,128344897054,261159752
0,128344940254,261139783
0,128344983454,261122310
0,128345026654,261232021
0,128345069854,261328018
0,128345113054,261412015
0,128345156254,261485513
0,128345199454,261549823
0,128346400896,261356095
0,128348695294,261186583
0,128350989692,261038260
0,128353284090,261033477
0,128355578488,260904292
0,128357872886,260791255
0,128360167284,260817348
0,128362461682,260715179
0,128364756080,260625781
0,128367050478,260672558
0,128369344876,260588488
0,128371639274,260514927
0,128373933672,260450561
0,128376228070,260519240
0,128378522468,260454335
0,128380816866,260397543
0,128383111264,260472850
0,128385405662,260413743
0,128387700060,260362025
0,128389994458,260316771
0,128392288856,260402174
0,128394583254,260351902
0,128396877652,260307914
0,128399172050,260394424
0,128401466448,260345121
0,128403760846,260301980
0,128406055244,260389232
0,128408349642,260340578
0,128410644040,260298005
0,128412938438,260260754
0,128415232836,260353159
0,128417527234,260309014
0,128419821632,260270387
0,128603872671,283236588
0,128603915871,280332014
0,128603959071,277790512
0,128604002271,275691698
0,128604045471,273855235
0,128604088671,272248330
0,128604131871,270842288
0,128604175071,269612002
0,128604218271,268535501
0,128604261471,267593563
0,128604304671,266769367
0,128604347871,266048196
0,128604391071,265292171
0,128604434271,264630649
0,128604477471,264051817
0,128604520671,263545339
0,128604563871,263102171
0,128604607071,262714399
0,128604650271,262375099
0,128604693471,262078211
0,128604736671,261818434
0,128604779871,261591129
0,128604823071,261392237
0,128604866271,261218207
0,128604909471,261065931
0,128604952671,260932689
0,128604995871,260816102
0,128605039071,260839089
0,128605082271,260859202
0,128605125471,260876801
0,128605168671,260892200
0,128605211871,260905675
0,128605255071,260917465
0,128605298271,260927781
0,128605341471,260936808
0,128605384671,260819707
0,128605427871,260717243
0,128605471071,260627587
0,128605514271,260549138
0,128606715713,260605495
0,128609010111,260904808
0,128611304509,261166707
0,128613598907,261395868
0,128615893305,261471384
0,128618187703,261662461
0,128620482101,261829653
0,128622776499,261850946
0,128625070897,261994577
0,128627365295,262120254
0,128629659693,262105222
0,128631954091,262092069
0,128634248489,262205560
0,128636542887,262304865
0,128638837285,262266756
0,128641131683,262358411
0,128643426081,262438609
0,128645720479,262383782
0,128648014877,262460809
0,128650309275,262528207
0,128652603673,262587181
0,128654898071,262513783
0,128657192469,262574560
0,128659486867,262627740
0,128661781265,262549272
0,128664075663,262605613
0,128666370061,262654911
0,128668664459,262573047
0,128670958857,262501416
0,128673253255,262563739
0,128675547653,262618271
0,128677842051,262540987
0,128680136449,262598363
0,128864187488,285398567
0,128864230688,282348746
0,128864273888,279680152
0,128864317088,277345133
0,128864360288,275176991
0,128864403488,273279867
0,128864446688,271619883
0,128864489888,270167397
0,128864533088,268896472
0,128864576288,267784413
0,128864619488,266811361
0,128864662688,265959940
0,128864705888,265214947
0,128864749088,264563078
0,128864792288,263992693
0,128864835488,263493606
0,128864878688,263056905
0,128864921888,262674791
0,128864965088,262340442
0,128865008288,262172886
0,128865051488,262026275
0,128865094688,261897990
0,128865137888,261785741
0,128865181088,261687523
0,128865224288,261601582
0,128865267488,261526384
0,128865310688,261460586
0,128865353888,261403012
0,128865397088,261227635
0,128865440288,261074180
0,128865483488,260939907
0,128865526688,260822418
0,128865569888,260719615
0,128865613088,260629663
0,128865656288,260550955
0,128865699488,260482085
0,128865742688,260421824
0,128865785888,260369096
0,128865829088,260322959
0,128867030530,260532589
0,128869324928,260841015
0,128871619326,260985888
0,128873913724,261112652
0,128876208122,261348570
0,128878502520,261554998
0,128880796918,261610623
0,128883091316,261784295
0,128885385714,261936258
0,128887680112,261944225
0,128889974510,261951196
0,128892268908,262082296
0,128894563306,262197009
0,128896857704,262172382
0,128899152102,262275834
0,128901446500,262366354
0,128903740898,262320559
0,128906035296,262405489
0,128908329694,262479802
0,128910624092,262419826
0,128912918490,262367347
0,128915212888,262446428
0,128917507286,262515624
0,128919801684,262451171
0,128922096082,262519774
0,128924390480,262579802
0,128926684878,262507326
0,128928979276,262443910
0,128931273674,262513421
0,128933568072,262574243
0,128935862470,262502462
0,128938156868,262564654
0,128940451266,262619072
0,129125649504,285416688
0,129125692704,282364602
0,129125735904,279694026
0,129125779104,277357272
0,129125822304,275312613
0,129125865504,273523536
0,129125908704,271958094
0,129125951904,270588332
0,129125995104,269389790
0,129126038304,268466066
0,129126081504,267657807
0,129126124704,266950581
0,129126167904,266331758
0,129126211104,265790288
0,129126254304,265316502
0,129126297504,264901939
0,129126340704,264539196
0,129126383904,264221796
0,129126427104,263944071
0,129126470304,263701062
0,129126513504,263363429
0,129126556704,263068000
0,129126599904,262809500
0,129126643104,262583312
0,129126686304,262385398
0,129126729504,262212223
0,129126772704,262060695
0,129126815904,261928108
0,129126859104,261812094
0,129126902304,261710582
0,129126945504,261621759
0,129126988704,261544039
0,129127031904,261601034
0,129127075104,261650904
0,129127118304,261694541
0,129127161504,261732723
0,129127204704,261766132
0,129127247904,261795365
0,129127291104,261820944
0,129127345347,261843326
0,129129639745,261862910
0,129131934143,261880046
0,129134228541,262020040
0,129136522939,262142535
0,129138817337,262124718
0,129141111735,262234128
0,129143406133,262329862
0,129145700531,262288629
0,129147994929,262252550
0,129150289327,262345981
0,129152583725,262427733
0,129154878123,262374266
0,129157172521,262452482
0,129159466919,262520921
0,129161761317,262455805
0,129164055715,262523829
0,129166350113,262583350
0,129168644511,262510431
0,129170938909,262446627
0,129173233307,262515798
0,129175527705,262576323
0,129177822103,262504282
0,129180116501,262566246
0,129182410899,262620465
0,129184705297,262542906
0,129186999695,262475042
0,129189294093,262540661
0,129191588491,262598078
0,129193882889,262523318
0,129196177287,262582903
0,129198471685,262635040
0,129200766083,262555660
0,129203060481,262611202
0,129388258719,262659801
0,129388301919,262702325
0,129388345119,262739534
0,129388388319,262772092
0,129388431519,262800580
0,129388474719,262825507
0,129388517919,262847318
0,129388561119,262866403
0,129388604319,262883102
0,129388647519,262772714
0,129388690719,262676124
0,129388733919,262591608
0,129388777119,262517657
0,129388820319,262452949
0,129388863519,262396330
0,129388906719,262346788
0,129388949919,262303439
0,129388993119,262265509
0,129389036319,262357320
0,129389079519,262437655
0,129389122719,262507948
0,129389165919,262569454
0,129389209119,262623272
0,129389252319,262670363
0,129389295519,262711567
0,129389338719,262747621
0,129389381919,262779168
0,129389425119,262806772
0,129389468319,262830925
0,129389511519,262852059
0,129389554719,262870551
0,129389597919,262886732
0,129389641119,262775890
0,129389684319,262678903
0,129389727519,262594040
0,129389770719,262519785
0,129389813919,262454811
0,129389857119,262397959
0,129389900319,262348214
0,129389954562,262304687
0,129392248960,262391601
0,129394543358,262467650
0,129396837756,262409193
0,129399132154,262483043
0,129401426552,262547662
0,129403720950,262479204
0,129406015348,262544303
0,129408309746,262601265
0,129410604144,262651106
0,129412898542,262569717
0,129415192940,262623502
0,129417487338,262670564
0,129419781736,262586743
0,129422076134,262638400
0,129424370532,262683600
0,129426664930,262598150
0,129428959328,262523381
0,129431253726,262582958
0,129433548124,262635088
0,129435842522,262555702
0,129438136920,262611239
0,129440431318,262659834
0,129442725716,262577354
0,129445020114,262630184
0,129447314512,262676411
0,129449608910,262716859
0,129451903308,262627251
0,129454197706,262673844
0,129456492104,262714613
0,129458786502,262625286
0,129461080900,262672125
0,129463375298,262713109
0,129465669696,262623970
0,129652015133,262795973
0,129652058333,262946476
0,129652101533,263078166
0,129652144733,263193395
0,129652187933,263294220
0,129652231133,263382442
0,129652274333,263459636
0,129652317533,263527181
0,129652360733,263586283
0,129652403933,263637997
0,129652447133,263683247
0,129652490333,263722841
0,129652533533,263757485
0,129652576733,263787799
0,129652619933,263814324
0,129652663133,263837533
0,129652706333,263857841
0,129652749533,263875610
0,129652792733,263891158
0,129652835933,263779763
0,129652879133,263682292
0,129652922333,263597005
0,129652965533,263522379
0,129653008733,263582081
0,129653051933,263634320
0,129653095133,263680030
0,129653138333,263720026
0,129653181533,263755022
0,129653224733,263785644
0,129653267933,263812438
0,129653311133,263835883
0,129653354333,263856397
0,129653397533,263874347
0,129653440733,263890053
0,129653483933,263903796
0,129653527133,263915821
0,129653570333,263926343
0,129653613533,263935550
0,129653656733,263943606
0,129653699933,263950655
0,129654858175,264081823
0,129657152573,264196595
0,129659446971,264297020
0,129661741369,264384892
0,129664035767,264461780
0,129666330165,264529057
0,129668624563,264587924
0,129670918961,264514433
0,129673213359,264575128
0,129675507757,264628237
0,129677802155,264674707
0,129680096553,264715368
0,129682390951,264750947
0,129684685349,264782078
0,129686979747,264684318
0,129689274145,264723778
0,129691568543,264758305
0,129693862941,264788516
0,129696157339,264814951
0,129698451737,264838082
0,129700746135,264858321
0,129703040533,264876030
0,129705334931,264891526
0,129707629329,264905085
0,129709923727,264791949
0,129712218125,264817955
0,129714512523,264840710
0,129716806921,264860621
0,129719101319,264878043
0,129721395717,264893287
0,129723690115,264906626
0,129725984513,264793297
0,129728278911,264819134
0,129914624348,287841742
0,129914667548,284611524
0,129914710748,281785083
0,129914753948,279311947
0,129914797148,277147953
0,129914840348,275254458
0,129914883548,273597650
0,129914926748,272147943
0,129914969948,270879450
0,129915013148,269894518
0,129915056348,269032703
0,129915099548,268278615
0,129915142748,267618788
0,129915185948,267041439
0,129915229148,266536259
0,129915272348,266094226
0,129915315548,265707447
0,129915358748,265369016
0,129915401948,265072889
0,129915445148,264813777
0,129915488348,264587054
0,129915531548,264388672
0,129915574748,264215088
0,129915617948,264063202
0,129915661148,263805301
0,129915704348,263579638
0,129915747548,263382183
0,129915790748,263209410
0,129915833948,263058233
0,129915877148,262925953
0,129915920348,262810208
0,129915963548,262708932
0,129916006748,262745315
0,129916049948,262777150
0,129916093148,262805006
0,129916136348,262829380
0,129916179548,262850707
0,129916222748,262869368
0,129916265948,262885697
0,129916309148,262899984
0,129917467390,263037486
0,129919761788,263282800
0,129922056186,263497450
0,129924350584,263685268
0,129926644982,263849609
0,129928939380,263868407
0,129931233778,264009856
0,129933528176,264133624
0,129935822574,264241921
0,129938116972,264336680
0,129940411370,264419595
0,129942705768,264492145
0,129945000166,264555626
0,129947294564,264611172
0,129949588962,264659775
0,129951883360,264702303
0,129954177758,264739515
0,129956472156,264772075
0,129958766554,264800565
0,129961060952,264825494
0,129963355350,264847307
0,129965649748,264866393
0,129967944146,264758093
0,129970238544,264788331
0,129972532942,264814789
0,129974827340,264837940
0,129977121738,264858197
0,129979416136,264875922
0,129981710534,264891431
0,129984004932,264905002
0,129986299330,264916876
0,129988593728,264927266
0,129990888126,264936357
0,130178380762,288069312
0,130178423962,285060648
0,130178467162,282428067
0,130178510362,280124558
0,130178553562,278108988
0,130178596762,276345364
0,130178639962,274802193
0,130178683162,273451918
0,130178726362,272270428
0,130178769562,271236624
0,130178812762,270207046
0,130178855962,269306165
0,130178899162,268517894
0,130178942362,267828157
0,130178985562,267224637
0,130179028762,266821557
0,130179071962,266468862
0,130179115162,266160254
0,130179158362,265890222
0,130179201562,265653944
0,130179244762,265447201
0,130179287962,265266300
0,130179331162,265108012
0,130179374362,264969510
0,130179417562,264848321
0,130179460762,264742280
0,130179503962,264649495
0,130179547162,264568308
0,130179590362,264497269
0,130179633562,264435110
0,130179676762,264380721
0,130179719962,264333130
0,130179763162,264291488
0,130179806362,264130052
0,130179849562,263988795
0,130179892762,263865195
0,130179935962,263757045
0,130179979162,263662414
0,130180022362,263704612
0,130180065562,263741535
0,130180108762,263773843
0,130182371003,263927112
0,130184665401,264061223
0,130186959799,264053570
0,130189254197,264171873
0,130191548595,264275388
0,130193842993,264365964
0,130196137391,264445218
0,130198431789,264514565
0,130200726187,264575244
0,130203020585,264628338
0,130205314983,264674795
0,130207609381,264715445
0,130209903779,264626014
0,130212198177,264672762
0,130214492575,264713666
0,130216786973,264749457
0,130219081371,264780774
0,130221375769,264808177
0,130223670167,264832154
0,130225964565,264728134
0,130228258963,264762117
0,130230553361,264791852
0,130232847759,264817870
0,130235142157,264840636
0,130237436555,264860556
0,130239730953,264877986
0,130242025351,264893237
0,130244319749,264906582
0,130246614147,264918259
0,130248908545,264803476
0,130251202943,264828041
0,130253497341,264849535
0,130255791739,264868343
0,130443284375,264884800
0,130443327575,264899200
0,130443370775,264911800
0,130443413975,264922825
0,130443457175,264932471
0,130443500375,264940912
0,130443543575,264948298
0,130443586775,264954760
0,130443629975,264960415
0,130443673175,264965363
0,130443716375,264969692
0,130443759575,264973480
0,130443802775,264976795
0,130443845975,264979695
0,130443889175,264982233
0,130443932375,264859453
0,130443975575,264752021
0,130444018775,264783018
0,130444061975,264810140
0,130444105175,264833872
0,130444148375,264854638
0,130444191575,264872808
0,130444234775,264888707
0,130444277975,264902618
0,130444321175,264914790
0,130444364375,264925441
0,130444407575,264934760
0,130444450775,264942915
0,130444493975,264950050
0,130444537175,264956293
0,130444580375,264961756
0,130444623575,264966536
0,130444666775,264970719
0,130444709975,264974379
0,130444753175,264977581
0,130444796375,264980383
0,130444839575,264982835
0,130444882775,264984980
0,130444925975,264861857
0,130444969175,264754124
0,130445012375,264784858
0,130447274616,264811750
0,130449569014,264835281
0,130451863412,264855870
0,130454157810,264873886
0,130456452208,264889650
0,130458746606,264903443
0,130461041004,264915512
0,130463335402,264926073
0,130465629800,264935313
0,130467924198,264818398
0,130470218596,264841098
0,130472512994,264860960
0,130474807392,264878340
0,130477101790,264893547
0,130479396188,264906853
0,130481690586,264918496
0,130483984984,264803684
0,130486279382,264828223
0,130488573780,264849695
0,130490868178,264868483
0,130493162576,264884922
0,130495456974,264899306
0,130497751372,264911892
0,130500045770,264922905
0,130502340168,264932541
0,130504634566,264940973
0,130506928964,264823351
0,130509223362,264845432
0,130511517760,264864753
0,130513812158,264881658
0,130516106556,264896450
0,130518400954,264909393
0,130520695352,264920718
0,130709335187,265055628
0,130709378387,265173674
0,130709421587,265276964
0,130709464787,265367343
0,130709507987,265446425
0,130709551187,265515621
0,130709594387,265576168
0,130709637587,265629147
0,130709680787,265675503
0,130709723987,265716065
0,130709767187,265751556
0,130709810387,265782611
0,130709853587,265809784
0,130709896787,265833561
0,130709939987,265854365
0,130709983187,265872569
0,130710026387,266013497
0,130710069587,266011809
0,130710112787,266010332
0,130710155987,266009040
0,130710199187,266007910
0,130710242387,266006921
0,130710285587,266006055
0,130710328787,266005298
0,130710371987,266004635
0,130710415187,266004055
0,130710458387,266003548
0,130710501587,266003104
0,130710544787,266002716
0,130710587987,266002376
0,130710631187,266002079
0,130710674387,266001819
0,130710717587,266001591
0,130710760787,266001392
0,130710803987,266001218
0,130710847187,266001065
0,130710890387,266000931
0,130710933587,266000814
0,130710976787,266000712
0,130711019987,266125623
0,130711063187,266234920
0,130712178229,266330555
0,130714472627,266414235
0,130716767025,266487455
0,130719061423,266676523
0,130721355821,266716957
0,130723650219,266752337
0,130725944617,266783294
0,130728239015,266810382
0,130730533413,266834084
0,130732827811,266854823
0,130735122209,266997970
0,130737416607,266998223
0,130739711005,266998445
0,130742005403,267123639
0,130744299801,267108184
0,130746594199,267094661
0,130748888597,267082828
0,130751182995,267197474
0,130753477393,267172789
0,130755771791,267151190
0,130758066189,267257291
0,130760360587,267225129
0,130762654985,267196987
0,130764949383,267172363
0,130767243781,267150817
0,130769538179,267131964
0,130771832577,267115468
0,130774126975,267226034
0,130776421373,267197779
0,130778715771,267173056
0,130781010169,267276424
0,130783304567,267241871
0,130785598965,267211637
0,130974238800,290560182
0,130974282000,287365159
0,130974325200,284569514
0,130974368400,282123324
0,130974411600,279982908
0,130974454800,278110044
0,130974498000,276471288
0,130974541200,275037377
0,130974584400,273782704
0,130974627600,272684866
0,130974670800,271724257
0,130974714000,270883724
0,130974757200,270148258
0,130974800400,269504725
0,130974843600,268941634
0,130974886800,268448929
0,130974930000,268017812
0,130974973200,267515585
0,130975016400,267201136
0,130975059600,266925994
0,130975102800,266685244
0,130975146000,266474588
0,130975189200,266290264
0,130975232400,266128981
0,130975275600,265987858
0,130975318800,265864375
0,130975362000,265756328
0,130975405200,265661787
0,130975448400,265579063
0,130975491600,265506680
0,130975534800,265443345
0,130975578000,265387926
0,130975621200,265339435
0,130975664400,265297005
0,130975707600,265259879
0,130975750800,265227394
0,130975794000,265198969
0,130975837200,265174097
0,130975880400,265152334
0,130975923600,265133292
0,130975966800,264991630
0,130977081842,265117676
0,130979376240,265352966
0,130981670638,265558845
0,130983965036,265738989
0,130986259434,265896615
0,130988553832,266034538
0,130990848230,266155220
0,130993142628,266385817
0,130995437026,266462589
0,130997731424,266529765
0,131000025822,266713544
0,131002320220,266749351
0,131004614618,266780682
0,131006909016,266808096
0,131009203414,266832084
0,131011497812,266853073
0,131013792210,266871438
0,131016086608,267012508
0,131018381006,267010944
0,131020675404,267009576
0,131022969802,267008379
0,131025264200,267007331
0,131027558598,267006414
0,131029852996,267005612
0,131032147394,267129910
0,131034441792,267113671
0,131036736190,267099462
0,131039030588,267212029
0,131041324986,267185525
0,131043619384,267162334
0,131045913782,267142042
0,131048208180,267124286
0,131050502578,267108750
0,131240289612,290595156
0,131240332812,287520761
0,131240376012,284830665
0,131240419212,282476831
0,131240462412,280417227
0,131240505612,278615073
0,131240548812,277038188
0,131240592012,275658414
0,131240635212,274451112
0,131240678412,273394723
0,131240721612,272470382
0,131240764812,271661584
0,131240808012,270953886
0,131240851212,270334650
0,131240894412,269792818
0,131240937612,269318715
0,131240980812,268903875
0,131241024012,268665890
0,131241067212,268457653
0,131241110412,268150446
0,131241153612,267881640
0,131241196812,267646435
0,131241240012,267440630
0,131241283212,267260551
0,131241326412,267102982
0,131241369612,266965109
0,131241412812,266844470
0,131241456012,266738911
0,131241499212,266646547
0,131241542412,266565728
0,131241585612,266495012
0,131241628812,266433135
0,131241672012,266378993
0,131241715212,266331618
0,131241758412,266290165
0,131241801612,266253894
0,131241844812,266222157
0,131241888012,266194387
0,131241931212,266170088
0,131241974412,266148827
0,131242017612,266255223
0,131242060812,266348320
0,131244279853,266429780
0,131246574251,266501057
0,131248868649,266563424
0,131251163047,266742996
0,131253457445,266775121
0,131255751843,266803230
0,131258046241,266952826
0,131260340639,266958722
0,131262635037,266963881
0,131264929435,266968395
0,131267223833,266972345
0,131269518231,266975801
0,131271812629,266978825
0,131274107027,267106471
0,131276401425,267093162
0,131278695823,267081516
0,131280990221,267071326
0,131283284619,267062410
0,131285579017,267054608
0,131287873415,267047782
0,131290167813,267166809
0,131292462211,267145957
0,131294756609,267127712
0,131297051007,267236748
0,131299345405,267207154
0,131301639803,267181259
0,131303934201,267158601
0,131306228599,267138775
0,131308522997,267121428
0,131310817395,267106249
0,131313111793,267217967
0,131315406191,267190721
0,131317700589,267166880
0,131507487623,267146020
0,131507530823,267127767
0,131507574023,267111796
0,131507617223,267097821
0,131507660423,267085593
0,131507703623,267074893
0,131507746823,267065531
0,131507790023,267057339
0,131507833223,267050171
0,131507876423,267043899
0,131507919623,267038411
0,131507962823,267033609
0,131508006023,267154407
0,131508049223,267260106
0,131508092423,267352592
0,131508135623,267433518
0,131508178823,267504328
0,131508222023,267441287
0,131508265223,267386126
0,131508308423,267337860
0,131508351623,267295627
0,131508394823,267258673
0,131508438023,267226338
0,131508481223,267198045
0,131508524423,267173289
0,131508567623,267151627
0,131508610823,267132673
0,131508654023,267116088
0,131508697223,267101577
0,131508740423,267088879
0,131508783623,267077769
0,131508826823,267068047
0,131508870023,267059541
0,131508913223,267052098
0,131508956423,267045585
0,131508999623,267039886
0,131509042823,267159900
0,131509086023,267264912
0,131509129223,267356798
0,131509172423,267437198
0,131509215623,267382548
0,131509258823,267334729
0,131511477864,267292887
0,131513772262,267256276
0,131516066660,267349241
0,131518361058,267305585
0,131520655456,267267386
0,131522949854,267233962
0,131525244252,267204716
0,131527538650,267179126
0,131529833048,267156735
0,131532127446,267262143
0,131534421844,267229375
0,131536716242,267200703
0,131539010640,267300615
0,131541305038,267263038
0,131543599436,267230158
0,131545893834,267201388
0,131548188232,267301214
0,131550482630,267263562
0,131552777028,267230616
0,131555071426,267326789
0,131557365824,267285940
0,131559660222,267250197
0,131561954620,267218922
0,131564249018,267191556
0,131566543416,267167611
0,131568837814,267146659
0,131571132212,267253326
0,131573426610,267221660
0,131575721008,267193952
0,131578015406,267294708
0,131580309804,267257869
0,131582604202,267225635
0,131584898600,267197430
0,131775832833,267297751
0,131775876033,267385532
0,131775919233,267462340
0,131775962433,267529547
0,131776005633,267713353
0,131776048833,267874183
0,131776092033,268014910
0,131776135233,268138046
0,131776178433,268245790
0,131776221633,268340066
0,131776264833,268422557
0,131776308033,268494737
0,131776351233,268432894
0,131776394433,268378782
0,131776437633,268331434
0,131776480833,268290004
0,131776524033,268253753
0,131776567233,268222033
0,131776610433,268194278
0,131776653633,268169993
0,131776696833,268148743
0,131776740033,268130150
0,131776783233,268113881
0,131776826433,268099645
0,131776869633,268087189
0,131776912833,268076290
0,131776956033,268066753
0,131776999233,268058408
0,131777042433,268176107
0,131777085633,268279093
0,131777128833,268369206
0,131777172033,268448055
0,131777215233,268517048
0,131777258433,268577417
0,131777301633,268630239
0,131777344833,268676459
0,131777388033,268591901
0,131777431233,268517913
0,131777474433,268453173
0,131777517633,268396526
0,131777560833,268346960
0,131777604033,268303590
0,131778675875,268390641
0,131780970273,268466810
0,131783264671,268658458
0,131785559069,268701150
0,131787853467,268738506
0,131790147865,268896192
0,131792442263,269034168
0,131794736661,269029897
0,131797031059,269151159
0,131799325457,269257264
0,131801619855,269225106
0,131803914253,269196967
0,131806208651,269297346
0,131808503049,269260177
0,131810797447,269227654
0,131813091845,269324197
0,131815386243,269408672
0,131817680641,269357588
0,131819975039,269312889
0,131822269437,269398777
0,131824563835,269348929
0,131826858233,269305312
0,131829152631,269392148
0,131831447029,269468129
0,131833741427,269409612
0,131836035825,269483410
0,131838330223,269547983
0,131840624621,269479485
0,131842919019,269419549
0,131845213417,269492105
0,131847507815,269430591
0,131849802213,269376767
0,131852096611,269454671
0,132043030844,293147837
0,132043074044,290004357
0,132043117244,287253812
0,132043160444,284847085
0,132043203644,282741199
0,132043246844,280773549
0,132043290044,279051855
0,132043333244,277545373
0,132043376444,276227201
0,132043419644,275073800
0,132043462844,274064575
0,132043506044,273181503
0,132043549244,272408815
0,132043592444,271732713
0,132043635644,271141123
0,132043678844,270623482
0,132043722044,270170546
0,132043765244,269774227
0,132043808444,269427448
0,132043851644,269124017
0,132043894844,268858514
0,132043938044,268626199
0,132043981244,268422924
0,132044024444,268370058
0,132044067644,268323800
0,132044110844,268283325
0,132044154044,268247909
0,132044197244,268216920
0,132044240444,268189805
0,132044283644,268041079
0,132044326844,267910944
0,132044370044,267797076
0,132044413244,267697441
0,132044456444,267610260
0,132044499644,267533977
0,132044542844,267467229
0,132044586044,267408825
0,132044629244,267357721
0,132044672444,267313005
0,132044715644,267273879
0,132044758844,267239644
0,132044802044,267209688
0,132045873886,267308477
0,132048168284,267644917
0,132050462682,267939302
0,132052757080,268071889
0,132055051478,268312902
0,132057345876,268523789
0,132059640274,268583315
0,132061934672,268635400
0,132064229070,268805975
0,132066523468,268830228
0,132068817866,268851449
0,132071112264,268995017
0,132073406662,269120639
0,132075701060,269105559
0,132077995458,269092364
0,132080289856,269205818
0,132082584254,269180090
0,132084878652,269157578
0,132087173050,269262880
0,132089467448,269355020
0,132091761846,269310642
0,132094056244,269396811
0,132096350642,269472209
0,132098645040,269413182
0,132100939438,269361534
0,132103233836,269441342
0,132105528234,269386174
0,132107822632,269337902
0,132110117030,269420664
0,132112411428,269493081
0,132114705826,269431445
0,132117000224,269502514
0,132119294622,269564699
0,132311376054,293244111
0,132311419254,290088597
0,132311462454,287327522
0,132311505654,284911581
0,132311548854,282797633
0,132311592054,280947928
0,132311635254,279329437
0,132311678454,277913257
0,132311721654,276674099
0,132311764854,275589836
0,132311808054,274641106
0,132311851254,273810967
0,132311894454,273084596
0,132311937654,272449021
0,132311980854,271892893
0,132312024054,271531281
0,132312067254,271214870
0,132312110454,270938011
0,132312153654,270695759
0,132312196854,270483789
0,132312240054,270298315
0,132312283254,270136025
0,132312326454,269994021
0,132312369654,269869768
0,132312412854,269636047
0,132312456054,269431541
0,132312499254,269252598
0,132312542454,269096023
0,132312585654,268959020
0,132312628854,268839142
0,132312672054,268734249
0,132312715254,268642467
0,132312758454,268562158
0,132312801654,268491888
0,132312844854,268430402
0,132312888054,268376601
0,132312931254,268329525
0,132312974454,268288334
0,132313017654,268377292
0,132313060854,268455130
0,132313104054,268523238
0,132313147254,268582833
0,132313190454,268634978
0,132315366295,268805605
0,132317660693,268829904
0,132319955091,268851166
0,132322249489,268994770
0,132324543887,268995423
0,132326838285,268995995
0,132329132683,269121495
0,132331427081,269231308
0,132333721479,269202394
0,132336015877,269302094
0,132338310275,269389332
0,132340604673,269340665
0,132342899071,269298081
0,132345193469,269385820
0,132347487867,269462592
0,132349782265,269404768
0,132352076663,269479172
0,132354371061,269544275
0,132356665459,269476240
0,132358959857,269416710
0,132361254255,269489621
0,132363548653,269428418
0,132365843051,269374865
0,132368137449,269453006
0,132370431847,269521380
0,132372726245,269456207
0,132375020643,269524181
0,132377315041,269583658
0,132379609439,269510700
0,132381903837,269446862
0,132384198235,269516004
0,132386492633,269451503
0,132388787031,269395065
0,132580868463,269345681
0,132580911663,269302470
0,132580954863,269264661
0,132580998063,269231578
0,132581041263,269327630
0,132581084463,269411676
0,132581127663,269485216
0,132581170863,269549564
0,132581214063,269605868
0,132581257263,269655134
0,132581300463,269698242
0,132581343663,269735961
0,132581386863,269768965
0,132581430063,269797844
0,132581473263,269823113
0,132581516463,269720223
0,132581559663,269630195
0,132581602863,269551420
0,132581646063,269482492
0,132581689263,269422180
0,132581732463,269369407
0,132581775663,269323231
0,132581818863,269282827
0,132581862063,269247473
0,132581905263,269216538
0,132581948463,269189470
0,132581991663,269165786
0,132582034863,269270062
0,132582078063,269361304
0,132582121263,269441141
0,132582164463,269510998
0,132582207663,269572123
0,132582250863,269625607
0,132582294063,269672406
0,132582337263,269713355
0,132582380463,269749185
0,132582423663,269780536
0,132582466863,269807969
0,132582510063,269706972
0,132582553263,269618600
0,132582596463,269541275
0,132582639663,269473615
0,132582682863,269414413
0,132584858704,269362611
0,132587153102,269442284
0,132589447500,269511998
0,132591741898,269447998
0,132594036296,269516998
0,132596330694,269577373
0,132598625092,269505201
0,132600919490,269442050
0,132603213888,269511793
0,132605508286,269447818
0,132607802684,269391840
0,132610097082,269467860
0,132612391480,269534377
0,132614685878,269467579
0,132616980276,269409131
0,132619274674,269482989
0,132621569072,269422615
0,132623863470,269369788
0,132626157868,269448564
0,132628452266,269517493
0,132630746664,269452806
0,132633041062,269521205
0,132635335460,269581054
0,132637629858,269508422
0,132639924256,269444869
0,132642218654,269514260
0,132644513052,269449977
0,132646807450,269393729
0,132649101848,269469512
0,132651396246,269535823
0,132653690644,269468845
0,132655985042,269410239
0,132658279440,269483959
0,132851508071,269673464
0,132851551271,269839281
0,132851594471,269984370
0,132851637671,270111323
0,132851680871,270097407
0,132851724071,270085231
0,132851767271,270074577
0,132851810471,270065254
0,132851853671,270057097
0,132851896871,270049959
0,132851940071,270043714
0,132851983271,270038249
0,132852026471,270158467
0,132852069671,270263658
0,132852112871,270355700
0,132852156071,270436237
0,132852199271,270506707
0,132852242471,270568368
0,132852285671,270622322
0,132852328871,270669531
0,132852372071,270710839
0,132852415271,270746984
0,132852458471,270778611
0,132852501671,270806284
0,132852544871,270830498
0,132852588071,270851685
0,132852631271,270870224
0,132852674471,270761446
0,132852717671,270666265
0,132852760871,270582981
0,132852804071,270510108
0,132852847271,270446344
0,132852890471,270390551
0,132852933671,270341732
0,132852976871,270299015
0,132853020071,270386638
0,132853063271,270463308
0,132853106471,270530394
0,132853149671,270589094
0,132853192871,270640457
0,132853236071,270685399
0,132853279271,270724724
0,132853322471,270759133
0,132854351113,270664241
0,132856645511,270456210
0,132858939909,270274183
0,132861234307,270239910
0,132863528705,270459921
0,132865823103,270527430
0,132868117501,270711501
0,132870411899,270872563
0,132872706297,271013492
0,132875000695,271136805
0,132877295093,271244704
0,132879589491,271339116
0,132881883889,271296726
0,132884178287,271384635
0,132886472685,271461555
0,132888767083,271528860
0,132891061481,271587752
0,132893355879,271639283
0,132895650277,271684372
0,132897944675,271598825
0,132900239073,271648971
0,132902533471,271692849
0,132904827869,271606242
0,132907122267,271655461
0,132909416665,271698528
0,132911711063,271736212
0,132914005461,271769185
0,132916299859,271798036
0,132918594257,271823281
0,132920888655,271720370
0,132923183053,271755323
0,132925477451,271785907
0,132927771849,271812668
0,133121000480,295711084
0,133121043680,292497198
0,133121086880,289685048
0,133121130080,287224417
0,133121173280,285071364
0,133121216480,283187443
0,133121259680,281539012
0,133121302880,280096635
0,133121346080,278834555
0,133121389280,277730235
0,133121432480,276763955
0,133121475680,275918460
0,133121518880,275178652
0,133121562080,274406320
0,133121605280,273730530
0,133121648480,273139213
0,133121691680,272621811
0,133121734880,272169084
0,133121778080,271772948
0,133121821280,271426329
0,133121864480,271123037
0,133121907680,270857657
0,133121950880,270625449
0,133121994080,270422267
0,133122037280,270369483
0,133122080480,270323297
0,133122123680,270282884
0,133122166880,270247523
0,133122210080,270216582
0,133122253280,270189509
0,133122296480,270165820
0,133122339680,270145092
0,133122382880,270126955
0,133122426080,270111085
0,133122469280,270097199
0,133122512480,270085049
0,133122555680,269949417
0,133122598880,269830739
0,133122642080,269726896
0,133122685280,269636034
0,133122728480,269556529
0,133122771680,269486962
0,133122814880,269426091
0,133123843522,269497829
0,133126137920,269810600
0,133128432318,270084275
0,133130726716,270323740
0,133133021114,270533272
0,133135315512,270716613
0,133137609910,270877036
0,133139904308,270892406
0,133142198706,271030855
0,133144493104,271151998
0,133146787502,271132998
0,133149081900,271241373
0,133151376298,271336201
0,133153670696,271419175
0,133155965094,271366778
0,133158259492,271445930
0,133160553890,271515188
0,133162848288,271450789
0,133165142686,271519440
0,133167437084,271579510
0,133169731482,271632071
0,133172025880,271678062
0,133174320278,271718304
0,133176614676,271753516
0,133178909074,271659326
0,133181203472,271701910
0,133183497870,271739171
0,133185792268,271646774
0,133188086666,271690927
0,133190381064,271729561
0,133192675462,271763365
0,133194969860,271667944
0,133197264258,271709451
0,133391640088,295745769
0,133391683288,292527547
0,133391726488,289711603
0,133391769688,287247652
0,133391812888,285091695
0,133391856088,283205233
0,133391899288,281554578
0,133391942488,280110255
0,133391985688,278846473
0,133392028888,277865663
0,133392072088,277007455
0,133392115288,276256523
0,133392158488,275599457
0,133392201688,275024524
0,133392244888,274521458
0,133392288088,274081275
0,133392331288,273696115
0,133392374488,273359100
0,133392417688,273064212
0,133392460888,272806185
0,133392504088,272580411
0,133392547288,272382859
0,133392590488,272210001
0,133392633688,272058750
0,133392676888,271926406
0,133392720088,271685605
0,133392763288,271474904
0,133392806488,271290541
0,133392849688,271129223
0,133392892888,270988070
0,133392936088,270864561
0,133392979288,270756490
0,133393022488,270786928
0,133393065688,270813562
0,133393108888,270836866
0,133393152088,270857257
0,133393195288,270875099
0,133393238488,270890711
0,133393281688,270904372
0,133393324888,270916325
0,133393368088,270926784
0,133393411288,270935936
0,133393454488,270943944
0,133393497688,270950951
0,133395630329,271082082
0,133397924727,271071821
0,133400219125,271187843
0,133402513523,271289362
0,133404807921,271253191
0,133407102319,271346542
0,133409396717,271428224
0,133411691115,271499696
0,133413985513,271437234
0,133416279911,271507579
0,133418574309,271569131
0,133420868707,271497989
0,133423163105,271560740
0,133425457503,271615647
0,133427751901,271663691
0,133430046299,271705729
0,133432340697,271742512
0,133434635095,271774698
0,133436929493,271677860
0,133439223891,271718127
0,133441518289,271753361
0,133443812687,271659190
0,133446107085,271701791
0,133448401483,271739067
0,133450695881,271771683
0,133452990279,271675222
0,133455284677,271715819
0,133457579075,271751341
0,133459873473,271657423
0,133462167871,271700245
0,133464462269,271737714
0,133466756667,271770499
0,133469051065,271799186
0,133663426895,271824287
0,133663470095,271846251
0,133663513295,271865469
0,133663556495,271882285
0,133663599695,271896999
0,133663642895,271909874
0,133663686095,271921139
0,133663729295,271930996
0,133663772495,271939621
0,133663815695,271822168
0,133663858895,271719397
0,133663902095,271629472
0,133663945295,271550788
0,133663988495,271481939
0,133664031695,271546696
0,133664074895,271603359
0,133664118095,271652939
0,133664161295,271696321
0,133664204495,271734280
0,133664247695,271767495
0,133664290895,271796558
0,133664334095,271821988
0,133664377295,271844239
0,133664420495,271863709
0,133664463695,271880745
0,133664506895,271895651
0,133664550095,271908694
0,133664593295,271920107
0,133664636495,271930093
0,133664679695,271938831
0,133664722895,271946477
0,133664766095,271953167
0,133664809295,271834021
0,133664852495,271729768
0,133664895695,271638547
0,133664938895,271558728
0,133664982095,271488887
0,133665025295,271552776
0,133665068495,271608679
0,133665111695,271657594
0,133665154895,271700394
0,133665198095,271737844
0,133665241295,271770613
0,133665284495,271799286
0,133667417136,271824375
0,133669711534,271846328
0,133672005932,271865537
0,133674300330,271882344
0,133676594728,271897051
0,133678889126,271784919
0,133681183524,271811804
0,133683477922,271835328
0,133685772320,271855912
0,133688066718,271873923
0,133690361116,271889682
0,133692655514,271903471
0,133694949912,271790537
0,133697244310,271816719
0,133699538708,271839629
0,133701833106,271734675
0,133704127504,271767840
0,133706421902,271796860
0,133708716300,271822252
0,133711010698,271844470
0,133713305096,271863911
0,133715599494,271880922
0,133717893892,271770806
0,133720188290,271799455
0,133722482688,271824523
0,133724777086,271846457
0,133727071484,271865649
0,133729365882,271882442
0,133731660280,271897136
0,133733954678,271784994
0,133736249076,271811869
0,133738543474,271835385
0,133740837872,271730961
0,133935213702,271764590
0,133935256902,271794016
0,133935300102,271819764
0,133935343302,271842293
0,133935386502,271862006
0,133935429702,271879255
0,133935472902,271894348
0,133935516102,271907554
0,133935559302,271919109
0,133935602502,271929220
0,133935645702,271938067
0,133935688902,271945808
0,133935732102,271952582
0,133935775302,271958509
0,133935818502,271838695
0,133935861702,271733858
0,133935904902,271642125
0,133935948102,271561859
0,133935991302,271491626
0,133936034502,271555172
0,133936077702,271610775
0,133936120902,271659428
0,133936164102,271701999
0,133936207302,271739249
0,133936250502,271771842
0,133936293702,271800361
0,133936336902,271825315
0,133936380102,271847150
0,133936423302,271866256
0,133936466502,271882974
0,133936509702,271897602
0,133936552902,271910401
0,133936596102,271921600
0,133936639302,271931400
0,133936682502,271939975
0,133936725702,271947478
0,133936768902,271954043
0,133936812102,271834787
0,133936855302,271730438
0,133936898502,271639133
0,133936941702,271559241
0,133936984902,271489335
0,133937028102,271553168
0,133937071302,271609022
0,133939203943,271657894
0,133941498341,271700657
0,133943792739,271613074
0,133946087137,271661439
0,133948381535,271703759
0,133950675933,271740789
0,133952970331,271648190
0,133955264729,271692166
0,133957559127,271730645
0,133959853525,271639314
0,133962147923,271684399
0,133964442321,271723849
0,133966736719,271758367
0,133969031117,271788571
0,133971325515,271814999
0,133973619913,271838124
0,133975914311,271733358
0,133978208709,271766688
0,133980503107,271795852
0,133982797505,271696370
0,133985091903,271734323
0,133987386301,271767532
0,133989680699,271796590
0,133991975097,271697016
0,133994269495,271734889
0,133996563893,271768027
0,133998858291,271672023
0,134001152689,271713020
0,134003447087,271748892
0,134005741485,271780280
0,134008035883,271807745
0,134010330281,271831776
0,134012624679,271852804
0,134208147708,271996203
0,134208190908,272121677
0,134208234108,272231467
0,134208277308,272327533
0,134208320508,272411591
0,134208363708,272485142
0,134208406908,272549499
0,134208450108,272605811
0,134208493308,272655084
0,134208536508,272698198
0,134208579708,272735923
0,134208622908,272768932
0,134208666108,272797815
0,134208709308,272823088
0,134208752508,272845202
0,134208795708,272864551
0,134208838908,272881482
0,134208882108,272896296
0,134208925308,272909259
0,134208968508,272920601
0,134209011708,272930525
0,134209054908,272939209
0,134209098108,272946807
0,134209141308,272953456
0,134209184508,272959274
0,134209227708,272964364
0,134209270908,272968818
0,134209314108,272972715
0,134209357308,272976125
0,134209400508,272979109
0,134209443708,272981720
0,134209486908,272984005
0,134209530108,272986004
0,134209573308,272987753
0,134209616508,272989283
0,134209659708,272990622
0,134209702908,272991794
0,134209746108,272992819
0,134209789308,272993716
0,134209832508,272994501
0,134209875708,272995188
0,134209918908,272995789
0,134209962108,272996315
0,134210005308,272996775
0,134210990750,272997178
0,134213285148,273122530
0,134215579546,273232213
0,134217873944,273328186
0,134220168342,273412162
0,134222462740,273485641
0,134224757138,273549935
0,134227051536,273731193
0,134229345934,273764793
0,134231640332,273794193
0,134233934730,273819918
0,134236229128,273842428
0,134238523526,273862124
0,134240817924,273879358
0,134243112322,273894438
0,134245406720,273907633
0,134247701118,273919178
0,134249995516,273929280
0,134252289914,273938120
0,134254584312,273945855
0,134256878710,273952623
0,134259173108,273958545
0,134261467506,273963726
0,134263761904,273968260
0,134266056302,274097227
0,134268350700,274085073
0,134270645098,274074438
0,134272939496,274065133
0,134275233894,274056991
0,134277528292,274049867
0,134279822690,274043633
0,134282117088,274038178
0,134284411486,274033405
0,134479934515,298154229
0,134479977715,294759950
0,134480020915,291914956
0,134480064115,289425586
0,134480107315,287247387
0,134480150515,285341463
0,134480193715,283673780
0,134480236915,282214557
0,134480280115,280937737
0,134480323315,279820519
0,134480366515,278842954
0,134480409715,277987584
0,134480452915,277239136
0,134480496115,276584244
0,134480539315,276011213
0,134480582515,275509811
0,134480625715,275071084
0,134480668915,274687198
0,134480712115,274351298
0,134480755315,274057385
0,134480798515,273800211
0,134480841715,273450184
0,134480884915,273143911
0,134480928115,272875922
0,134480971315,272641431
0,134481014515,272561252
0,134481057715,272491095
0,134481100915,272429708
0,134481144115,272375994
0,134481187315,272328994
0,134481230515,272287869
0,134481273715,272251885
0,134481316915,272220399
0,134481360115,272192849
0,134481403315,272168742
0,134481446515,272147649
0,134481489715,272129192
0,134481532915,272113043
0,134481576115,272098912
0,134481619315,272086548
0,134481662515,272075729
0,134481705715,272066262
0,134481748915,272057979
0,134481792115,272050731
0,134482777557,272044389
0,134485071955,272413840
0,134487366353,272612110
0,134489660751,272785596
0,134491955149,272937396
0,134494249547,273070221
0,134496543945,273186443
0,134498838343,273288137
0,134501132741,273377119
0,134503427139,273454979
0,134505721537,273523106
0,134508015935,273707717
0,134510310333,273744252
0,134512604731,273776220
0,134514899129,273804192
0,134517193527,273828668
0,134519487925,273850084
0,134521782323,273868823
0,134524076721,274010220
0,134526371119,274008942
0,134528665517,274007824
0,134530959915,274006846
0,134533254313,274005990
0,134535548711,274005241
0,134537843109,274004585
0,134540137507,274004011
0,134542431905,274003509
0,134544726303,274003070
0,134547020701,274127686
0,134549315099,274111725
0,134551609497,274097759
0,134553903895,274085539
0,134556198293,274074846
0,134752868521,298315490
0,134752911721,295151053
0,134752954921,292382171
0,134752998121,289834399
0,134753041321,287730099
0,134753084521,285888836
0,134753127721,284277731
0,134753170921,282868014
0,134753214121,281634512
0,134753257321,280555198
0,134753300521,279610798
0,134753343721,278784448
0,134753386921,278061392
0,134753430121,277428718
0,134753473321,276875128
0,134753516521,276390737
0,134753559721,275966894
0,134753602921,275596032
0,134753646121,275271528
0,134753689321,274987587
0,134753732521,274739138
0,134753775721,274521745
0,134753818921,274331526
0,134753862121,274165085
0,134753905321,274019449
0,134753948521,273892017
0,134753991721,273655514
0,134754034921,273573574
0,134754078121,273501877
0,134754121321,273439142
0,134754164521,273384249
0,134754207721,273336217
0,134754250921,273294189
0,134754294121,273257415
0,134754337321,273225238
0,134754380521,273197083
0,134754423721,273172447
0,134754466921,273150891
0,134754510121,273132029
0,134754553321,273115525
0,134754596521,273101084
0,134754639721,273088448
0,134754682921,273077392
0,134754726121,273067718
0,134754769321,273059253
0,134756858762,273176846
0,134759153160,273279740
0,134761447558,273369772
0,134763741956,273448550
0,134766036354,273642481
0,134768330752,273687170
0,134770625150,273726273
0,134772919548,273760488
0,134775213946,273790427
0,134777508344,273816623
0,134779802742,273839545
0,134782097140,273859601
0,134784391538,273877150
0,134786685936,273892506
0,134788980334,273905942
0,134791274732,273917699
0,134793569130,273927986
0,134795863528,273936987
0,134798157926,273944863
0,134800452324,273951755
0,134802746722,273957785
0,134805041120,274088061
0,134807335518,274077053
0,134809629916,274067421
0,134811924314,274058993
0,134814218712,274051618
0,134816513110,274045165
0,134818807508,274039519
0,134821101906,274034579
0,134823396304,274030256
0,134825690702,274026474
0,134827985100,274023164
0,134830279498,274020268
0,135026949726,274017734
0,135026992926,274015517
0,135027036126,274138577
0,135027079326,274246254
0,135027122526,274215472
0,135027165726,274188538
0,135027208926,274164970
0,135027252126,274144348
0,135027295326,274126304
0,135027338526,274110516
0,135027381726,274096701
0,135027424926,274084613
0,135027468126,274074036
0,135027511326,274064781
0,135027554526,274056683
0,135027597726,274049597
0,135027640926,274043397
0,135027684126,274037972
0,135027727326,274033225
0,135027770526,274029071
0,135027813726,274025437
0,135027856926,274022257
0,135027900126,274019474
0,135027943326,274017039
0,135027986526,274014909
0,135028029726,274138045
0,135028072926,274245789
0,135028116126,274215065
0,135028159326,274188181
0,135028202526,274164658
0,135028245726,274144075
0,135028288926,274126065
0,135028332126,274110306
0,135028375326,274096517
0,135028418526,274084452
0,135028461726,274073895
0,135028504926,274064658
0,135028548126,274056575
0,135028591326,274049503
0,135028634526,274043315
0,135028677726,274037900
0,135028720926,274033162
0,135028764126,274029016
0,135028807326,274025389
0,135028850526,274022215
0,135030939967,274019438
0,135033234365,274017008
0,135035528763,274014882
0,135037823161,274013021
0,135040117559,274011393
0,135042411957,274009968
0,135044706355,274008722
0,135047000753,274132631
0,135049295151,274116052
0,135051589549,274101545
0,135053883947,274088851
0,135056178345,274077744
0,135058472743,274068026
0,135060767141,274059522
0,135063061539,274177081
0,135065355937,274154945
0,135067650335,274135576
0,135069944733,274118629
0,135072239131,274103800
0,135074533529,274090825
0,135076827927,274079471
0,135079122325,274069537
0,135081416723,274060844
0,135083711121,274053238
0,135086005519,274171583
0,135088299917,274150135
0,135090594315,274131368
0,135092888713,274114947
0,135095183111,274100578
0,135097477509,274088005
0,135099771907,274077004
0,135102066305,274192378
0,135104360703,274168330
0,135302178130,274397288
0,135302221330,274597627
0,135302264530,274647923
0,135302307730,274691932
0,135302350930,274730440
0,135302394130,274764135
0,135302437330,274793618
0,135302480530,274819415
0,135302523730,274841988
0,135302566930,274861739
0,135302610130,274879021
0,135302653330,274894143
0,135302696530,274907375
0,135302739730,274918953
0,135302782930,274929083
0,135302826130,274937947
0,135302869330,274945703
0,135302912530,274952490
0,135302955730,274958428
0,135302998930,274963624
0,135303042130,275093171
0,135303085330,275206524
0,135303128530,275305708
0,135303171730,275392494
0,135303214930,275468432
0,135303258130,275409878
0,135303301330,275358643
0,135303344530,275313812
0,135303387730,275274585
0,135303430930,275240261
0,135303474130,275210228
0,135303517330,275183949
0,135303560530,275160955
0,135303603730,275140835
0,135303646930,275123230
0,135303690130,275107826
0,135303733330,275094347
0,135303776530,275082553
0,135303819730,275072233
0,135303862930,275063203
0,135303906130,275055302
0,135303949330,275048389
0,135303992530,275042340
0,135304035730,275162047
0,135304078930,275266791
0,135305021172,275483442
0,135307315570,275673011
0,135309609968,275713884
0,135311904366,275749648
0,135314198764,275905942
0,135316493162,275917699
0,135318787560,275927986
0,135321081958,276061987
0,135323376356,276054238
0,135325670754,276047458
0,135327965152,276041525
0,135330259550,276161334
0,135332553948,276141167
0,135334848346,276123521
0,135337142744,276233080
0,135339437142,276203945
0,135341731540,276178451
0,135344025938,276281144
0,135346320336,276371001
0,135348614734,276324625
0,135350909132,276284046
0,135353203530,276373540
0,135355497928,276326847
0,135357792326,276285991
0,135360086724,276375242
0,135362381122,276328336
0,135364675520,276287294
0,135366969918,276251382
0,135369264316,276344959
0,135371558714,276301839
0,135373853112,276264109
0,135376147510,276356095
0,135378441908,276311583
0,135576259335,300772635
0,135576302535,297426055
0,135576345735,294497798
0,135576388935,291935573
0,135576432135,289693626
0,135576475335,287731922
0,135576518535,286015431
0,135576561735,284513502
0,135576604935,283199314
0,135576648135,282049399
0,135576691335,281043224
0,135576734535,280162821
0,135576777735,279392468
0,135576820935,278718409
0,135576864135,278128607
0,135576907335,277612531
0,135576950535,277160964
0,135576993735,276765843
0,135577036935,276545112
0,135577080135,276351973
0,135577123335,276182976
0,135577166535,275910104
0,135577209735,275671341
0,135577252935,275462423
0,135577296135,275279620
0,135577339335,275119667
0,135577382535,274979708
0,135577425735,274857244
0,135577468935,274750088
0,135577512135,274656327
0,135577555335,274574286
0,135577598535,274502500
0,135577641735,274439687
0,135577684935,274384726
0,135577728135,274336635
0,135577771335,274294555
0,135577814535,274257735
0,135577857735,274225518
0,135577900935,274197328
0,135577944135,274172662
0,135577987335,274151079
0,135578030535,274257194
0,135578073735,274350044
0,135578116935,274431288
0,135578160135,274377377
0,135579102377,274455204
0,135581396775,274648303
0,135583691173,274817265
0,135585985571,274965106
0,135588279969,275219467
0,135590574367,275317033
0,135592868765,275402403
0,135595163163,275602102
0,135597457561,275651839
0,135599751959,275695359
0,135602046357,275858439
0,135604340755,276001134
0,135606635153,276000992
0,135608929551,276000868
0,135611223949,276125759
0,135613518347,276110039
0,135615812745,276096284
0,135618107143,276209248
0,135620401541,276183092
0,135622695939,276160205
0,135624990337,276140179
0,135627284735,276247656
0,135629579133,276216699
0,135631873531,276189611
0,135634167929,276290909
0,135636462327,276254545
0,135638756725,276222726
0,135641051123,276319885
0,135643345521,276404899
0,135645639919,276354286
0,135647934317,276310000
0,135650228715,276396250
0,135652523113,276346718
0,135851487739,300928378
0,135851530939,297687330
0,135851574139,294851413
0,135851617339,292369986
0,135851660539,290198737
0,135851703739,288298894
0,135851746939,286636532
0,135851790139,285181965
0,135851833339,283909219
0,135851876539,282795566
0,135851919739,281821120
0,135851962939,280968480
0,135852006139,280347420
0,135852049339,279803992
0,135852092539,279328493
0,135852135739,278912431
0,135852178939,278548377
0,135852222139,278229829
0,135852265339,277951100
0,135852308539,277582212
0,135852351739,277259435
0,135852394939,276977005
0,135852438139,276729879
0,135852481339,276513644
0,135852524539,276324438
0,135852567739,276158883
0,135852610939,276014022
0,135852654139,275887269
0,135852697339,275776360
0,135852740539,275679315
0,135852783739,275594400
0,135852826939,275520100
0,135852870139,275455087
0,135852913339,275398201
0,135852956539,275348425
0,135852999739,275304871
0,135853042939,275391762
0,135853086139,275467791
0,135853129339,275534317
0,135853172539,275592527
0,135853215739,275643461
0,135853258939,275688028
0,135853302139,275602024
0,135853345339,275526771
0,135853388539,275460924
0,135853431739,275403308
0,135855477980,275477894
0,135857772378,275543157
0,135860066776,275725262
0,135862361174,275884604
0,135864655572,275899028
0,135866949970,275911649
0,135869244368,276047692
0,135871538766,276041730
0,135873833164,276036513
0,135876127562,276156948
0,135878421960,276137329
0,135880716358,276120162
0,135883010756,276230141
0,135885305154,276326373
0,135887599552,276285576
0,135889893950,276249879
0,135892188348,276343644
0,135894482746,276300688
0,135896777144,276263102
0,135899071542,276355214
0,135901365940,276435812
0,135903660338,276381335
0,135905954736,276333668
0,135908249134,276416959
0,135910543532,276364839
0,135912837930,276319234
0,135915132328,276404329
0,135917426726,276353787
0,135919721124,276309563
0,135922015522,276395867
0,135924309920,276471383
0,135926604318,276412460
0,135928898716,276360902
0,136127863342,276315789
0,136127906542,276276315
0,136127949742,276241775
0,136127992942,276211553
0,136128036142,276310108
0,136128079342,276396344
0,136128122542,276471801
0,136128165742,276537825
0,136128208942,276595596
0,136128252142,276646146
0,136128295342,276690377
0,136128338542,276729079
0,136128381742,276637944
0,136128424942,276558201
0,136128468142,276488425
0,136128511342,276427371
0,136128554542,276373949
0,136128597742,276327205
0,136128640942,276286304
0,136128684142,276250516
0,136128727342,276219201
0,136128770542,276191800
0,136128813742,276167825
0,136128856942,276146846
0,136128900142,276128490
0,136128943342,276112428
0,136128986542,276098374
0,136129029742,276211077
0,136129072942,276309692
0,136129116142,276395980
0,136129159342,276471482
0,136129202542,276537546
0,136129245742,276595352
0,136129288942,276645933
0,136129332142,276690191
0,136129375342,276728917
0,136129418542,276637802
0,136129461742,276558076
0,136129504942,276488316
0,136129548142,276427276
0,136129591342,276373866
0,136129634542,276327132
0,136129677742,276286240
0,136129720942,276250460
0,136129764142,276219152
0,136129807342,276191758
0,136131853583,276167788
0,136134147981,276271814
0,136136442379,276237837
0,136138736777,276208107
0,136141031175,276307093
0,136143325573,276393706
0,136145619971,276344492
0,136147914369,276301430
0,136150208767,276388751
0,136152503165,276340157
0,136154797563,276297637
0,136157091961,276385432
0,136159386359,276337253
0,136161680757,276295096
0,136163975155,276258209
0,136166269553,276350932
0,136168563951,276307065
0,136170858349,276268681
0,136173152747,276360095
0,136175447145,276315083
0,136177741543,276275697
0,136180035941,276366234
0,136182330339,276445454
0,136184624737,276389772
0,136186919135,276341050
0,136189213533,276423418
0,136191507931,276370490
0,136193802329,276324178
0,136196096727,276408655
0,136198391125,276357573
0,136200685523,276312876
0,136202979921,276273766
0,136205274319,276364545
0,136405386144,276568976
0,136405429344,276747854
0,136405472544,276904372
0,136405515744,277041325
0,136405558944,277036159
0,136405602144,277031639
0,136405645344,277027684
0,136405688544,277024223
0,136405731744,277021195
0,136405774944,277018545
0,136405818144,277016226
0,136405861344,277014197
0,136405904544,277012422
0,136405947744,277010869
0,136405990944,277009510
0,136406034144,277133321
0,136406077344,277241655
0,136406120544,277336448
0,136406163744,277419392
0,136406206944,277491968
0,136406250144,277555472
0,136406293344,277611038
0,136406336544,277659658
0,136406379744,277702200
0,136406422944,277739425
0,136406466144,277771996
0,136406509344,277800496
0,136406552544,277700434
0,136406595744,277612879
0,136406638944,277536269
0,136406682144,277469235
0,136406725344,277410580
0,136406768544,277359257
0,136406811744,277314349
0,136406854944,277275055
0,136406898144,277240673
0,136406941344,277210588
0,136406984544,277184264
0,136407027744,277286231
0,136407070944,277375452
0,136407114144,277453520
0,136407157344,277521830
0,136407200544,277581601
0,136407243744,277633900
0,136407286944,277679662
0,136407330144,277719704
0,136408229186,277629741
0,136410523584,277426023
0,136412817982,277247770
0,136415112380,277216798
0,136417406778,277064698
0,136419701176,276931610
0,136421995574,276815158
0,136424289972,276838263
0,136426584370,276733480
0,136428878768,276641795
0,136431173166,276686570
0,136433467564,276600748
0,136435761962,276525654
0,136438056360,276584947
0,136440350758,276636828
0,136442645156,276557224
0,136444939554,276487571
0,136447233952,276551624
0,136449528350,276482671
0,136451822748,276422337
0,136454117146,276494544
0,136456411544,276432726
0,136458705942,276378635
0,136461000340,276456305
0,136463294738,276524266
0,136465589136,276458732
0,136467883534,276651390
0,136470177932,276944966
0,136472472330,277201845
0,136474766728,277301614
0,136477061126,277513912
0,136479355524,277699673
0,136481649922,277862213
0,136681761747,302629436
0,136681804947,299300756
0,136681848147,296388161
0,136681891347,293839640
0,136681934547,291609685
0,136681977747,289658474
0,136682020947,288076164
0,136682064147,286691643
0,136682107347,285480187
0,136682150547,284420163
0,136682193747,283492642
0,136682236947,282681061
0,136682280147,281970928
0,136682323347,281349562
0,136682366547,280805866
0,136682409747,280330132
0,136682452947,279788865
0,136682496147,279315256
0,136682539347,278900849
0,136682582547,278538242
0,136682625747,278220961
0,136682668947,277943340
0,136682712147,277700422
0,136682755347,277487869
0,136682798547,277301885
0,136682841747,277139149
0,136682884947,276996755
0,136682928147,276872160
0,136682971347,276763140
0,136683014547,276792747
0,136683057747,276818653
0,136683100947,276841321
0,136683144147,276861155
0,136683187347,276878510
0,136683230547,276893696
0,136683273747,276906984
0,136683316947,276918611
0,136683360147,276928784
0,136683403347,276937686
0,136683446547,276820475
0,136683489747,276717915
0,136683532947,276628175
0,136683576147,276549653
0,136683619347,276480946
0,136683662547,276420827
0,136683705747,276368223
0,136684604789,276447195
0,136686899187,276641295
0,136689193585,276936133
0,136691487983,277194116
0,136693782381,277294851
0,136696076779,277507994
0,136698371177,277694494
0,136700665575,277857682
0,136702959973,277875471
0,136705254371,278016037
0,136707548769,278139032
0,136709843167,278121653
0,136712137565,278231446
0,136714431963,278327515
0,136716726361,278286575
0,136719020759,278375753
0,136721315157,278453783
0,136723609555,278522060
0,136725903953,278456802
0,136728198351,278524701
0,136730492749,278584113
0,136732787147,278511098
0,136735081545,278572210
0,136737375943,278625683
0,136739670341,278547472
0,136741964739,278479038
0,136744259137,278544158
0,136746553535,278601138
0,136748847933,278525995
0,136751142331,278585245
0,136753436729,278637089
0,136755731127,278557452
0,136758025525,278612770
0,136958137350,303411173
0,136958180550,300109776
0,136958223750,297221054
0,136958266950,294693422
0,136958310150,292481744
0,136958353350,290546526
0,136958396550,288853210
0,136958439750,287246558
0,136958482950,285840738
0,136958526150,284610645
0,136958569350,283534314
0,136958612550,282592524
0,136958655750,281768458
0,136958698950,281047400
0,136958742150,280416475
0,136958785350,279864415
0,136958828550,279381363
0,136958871750,278958692
0,136958914950,278588855
0,136958958150,278265248
0,136959001350,278107092
0,136959044550,277968705
0,136959087750,277847616
0,136959130950,277741664
0,136959174150,277648956
0,136959217350,277567836
0,136959260550,277496856
0,136959303750,277434749
0,136959346950,277380405
0,136959390150,277332854
0,136959433350,277166247
0,136959476550,277020466
0,136959519750,276892907
0,136959562950,276781293
0,136959606150,276683631
0,136959649350,276598177
0,136959692550,276523404
0,136959735750,276457978
0,136959778950,276400730
0,136959822150,276350638
0,136959865350,276306808
0,136959908550,276268457
0,136959951750,276234899
0,136959994950,276205536
0,136960038150,276304844
0,136960081350,276391738
0,136960980392,276467770
0,136963274790,276784298
0,136965569188,277061260
0,136967863586,277178602
0,136970157984,277406276
0,136972452382,277605491
0,136974746780,277654804
0,136977041178,277822953
0,136979335576,277970083
0,136981629974,278098822
0,136983924372,278086469
0,136986218770,278200660
0,136988513168,278300577
0,136990807566,278263004
0,136993101964,278355128
0,136995396362,278435737
0,136997690760,278381269
0,136999985158,278333610
0,137002279556,278416908
0,137004573954,278489794
0,137006868352,278428569
0,137009162750,278499997
0,137011457148,278562497
0,137013751546,278492184
0,137016045944,278555661
0,137018340342,278611203
0,137020634740,278659802
0,137022929138,278577326
0,137025223536,278630160
0,137027517934,278676390
0,137029812332,278591841
0,137032106730,278642860
0,137034401128,278687502
0,137235660152,303476564
0,137235703352,300166993
0,137235746552,297271118
0,137235789752,294737228
0,137235832952,292520074
0,137235876152,290580064
0,137235919352,288882556
0,137235962552,287397236
0,137236005752,286222581
0,137236048952,285194758
0,137236092152,284295413
0,137236135352,283508486
0,137236178552,282819925
0,137236221752,282217434
0,137236264952,281690254
0,137236308152,281228972
0,137236351352,280825350
0,137236394552,280472181
0,137236437752,280163158
0,137236480952,279892763
0,137236524152,279656167
0,137236567352,279324146
0,137236610552,279033627
0,137236653752,278779423
0,137236696952,278556995
0,137236740152,278362370
0,137236783352,278192073
0,137236826552,278043063
0,137236869752,277912680
0,137236912952,277798595
0,137236956152,277698770
0,137236999352,277611423
0,137237042552,277659995
0,137237085752,277702495
0,137237128952,277739683
0,137237172152,277772222
0,137237215352,277800694
0,137237258552,277825607
0,137237301752,277847406
0,137237344952,277866480
0,137237388152,277883170
0,137237431352,277897773
0,137237474552,277910551
0,137237517752,277921732
0,137237560952,277931515
0,137237604152,277815075
0,137237647352,277713190
0,137239650393,277874041
0,137241944791,277889785
0,137244239189,278028561
0,137246533587,278149990
0,137248827985,278131241
0,137251122383,278239835
0,137253416781,278334855
0,137255711179,278292998
0,137258005577,278381373
0,137260299975,278458701
0,137262594373,278526363
0,137264888771,278460567
0,137267183169,278527996
0,137269477567,278586996
0,137271771965,278513621
0,137274066363,278574418
0,137276360761,278627615
0,137278655159,278674163
0,137280949557,278589892
0,137283243955,278641155
0,137285538353,278686010
0,137287832751,278600258
0,137290127149,278650225
0,137292421547,278693946
0,137294715945,278607202
0,137297010343,278656301
0,137299304741,278699263
0,137301599139,278736855
0,137303893537,278644748
0,137306187935,278689154
0,137308482333,278728009
0,137310776731,278637007
0,137313071129,278682381
0,137514330153,278722083
0,137514373353,278756822
0,137514416553,278787219
0,137514459753,278813816
0,137514502953,278837089
0,137514546153,278857452
0,137514589353,278875270
0,137514632553,278890861
0,137514675753,278779503
0,137514718953,278682065
0,137514762153,278596806
0,137514805353,278522205
0,137514848553,278456929
0,137514891753,278399812
0,137514934953,278349835
0,137514978153,278306105
0,137515021353,278392841
0,137515064553,278468735
0,137515107753,278535143
0,137515150953,278593250
0,137515194153,278644093
0,137515237353,278688581
0,137515280553,278727508
0,137515323753,278761569
0,137515366953,278791372
0,137515410153,278817450
0,137515453353,278840268
0,137515496553,278860234
0,137515539753,278877704
0,137515582953,278892991
0,137515626153,278906367
0,137515669353,278918071
0,137515712553,278803312
0,137515755753,278702898
0,137515798953,278615035
0,137515842153,278538155
0,137515885353,278470885
0,137515928553,278412024
0,137515971753,278360521
0,137516014953,278440455
0,137516058153,278510398
0,137516101353,278571598
0,137516144553,278625148
0,137516187753,278672004
0,137516230953,278713003
0,137516274153,278748877
0,137516317353,278780267
0,137518320394,278807733
0,137520614792,278831766
0,137522909190,278727795
0,137525203588,278761820
0,137527497986,278791592
0,137529792384,278692643
0,137532086782,278731062
0,137534381180,278764679
0,137536675578,278669094
0,137538969976,278585457
0,137541264374,278637274
0,137543558772,278682614
0,137545853170,278597287
0,137548147568,278647626
0,137550441966,278691672
0,137552736364,278605213
0,137555030762,278654561
0,137557325160,278697740
0,137559619558,278735522
0,137561913956,278643581
0,137564208354,278688133
0,137566502752,278727116
0,137568797150,278636226
0,137571091548,278681697
0,137573385946,278721484
0,137575680344,278631298
0,137577974742,278552385
0,137580269140,278608336
0,137582563538,278657294
0,137584857936,278575132
0,137587152334,278628240
0,137589446732,278674710
0,137591741130,278590371
0,137794147353,278766574
0,137794190553,278920752
0,137794233753,279055658
0,137794276953,279173700
0,137794320153,279276987
0,137794363353,279367363
0,137794406553,279446442
0,137794449753,279515636
0,137794492953,279576181
0,137794536153,279629158
0,137794579353,279675513
0,137794622553,279716073
0,137794665753,279751563
0,137794708953,279782617
0,137794752153,279809789
0,137794795353,279833565
0,137794838553,279729369
0,137794881753,279638197
0,137794924953,279558422
0,137794968153,279488619
0,137795011353,279552541
0,137795054553,279608473
0,137795097753,279657413
0,137795140953,279700236
0,137795184153,279737706
0,137795227353,279770492
0,137795270553,279799180
0,137795313753,279824282
0,137795356953,279846246
0,137795400153,279865465
0,137795443353,279882281
0,137795486553,279896995
0,137795529753,279909870
0,137795572953,279921136
0,137795616153,279930994
0,137795659353,279939619
0,137795702553,279947166
0,137795745753,279953770
0,137795788953,279959548
0,137795832153,279964604
0,137795875353,279844028
0,137795918553,279738524
0,137795961753,279646208
0,137796004953,279690432
0,137796048153,279729128
0,137796091353,279762987
0,137796134553,279792613
0,137796990395,279818536
0,137799284793,279966219
0,137801579191,280095441
0,137803873589,280208510
0,137806167987,280307446
0,137808462385,280394015
0,137810756783,280469763
0,137813051181,280536042
0,137815345579,280594036
0,137817639977,280644781
0,137819934375,280689183
0,137822228773,280728035
0,137824523171,280762030
0,137826817569,280791776
0,137829111967,280817804
0,137831406365,280840578
0,137833700763,280860505
0,137835995161,280752941
0,137838289559,280783823
0,137840583957,280810845
0,137842878355,280834489
0,137845172753,280855177
0,137847467151,280873279
0,137849761549,280889119
0,137852055947,280902979
0,137854350345,280915106
0,137856644743,280925717
0,137858939141,280935002
0,137861233539,280943126
0,137863527937,280950235
0,137865822335,280956455
0,137868116733,280961898
0,137870411131,280966660
0,138072817354,305970827
0,138072860554,302474473
0,138072903754,299415163
0,138072946954,296738267
0,138072990154,294395983
0,138073033354,292471485
0,138073076554,290787549
0,138073119754,289314105
0,138073162954,288024841
0,138073206154,286896735
0,138073249354,285909643
0,138073292554,285045937
0,138073335754,284290194
0,138073378954,283628919
0,138073422154,283050304
0,138073465354,282544016
0,138073508554,282101014
0,138073551754,281713387
0,138073594954,281374213
0,138073638154,281077436
0,138073681354,280817756
0,138073724554,280465536
0,138073767754,280157344
0,138073810954,279887676
0,138073854154,279651716
0,138073897354,279445251
0,138073940554,279264594
0,138073983754,279106519
0,138074026954,279093204
0,138074070154,279081553
0,138074113354,279071358
0,138074156554,279062438
0,138074199754,279054633
0,138074242954,279047803
0,138074286154,279041827
0,138074329354,279036598
0,138074372554,279032023
0,138074415754,279028020
0,138074458954,279024517
0,138074502154,279021452
0,138074545354,279018770
0,138074588554,279016423
0,138074631754,279014370
0,138074674954,279012573
0,138074718154,278886001
0,138074761354,278775250
0,138074804554,278678343
0,138075660396,278718550
0,138077954794,279003731
0,138080249192,279253264
0,138082543590,279471606
0,138084837988,279662655
0,138087132386,279829823
0,138089426784,279976095
0,138091721182,280104083
0,138094015580,280216072
0,138096309978,280314063
0,138098604376,280399805
0,138100898774,280474829
0,138103193172,280540475
0,138105487570,280597915
0,138107781968,280648175
0,138110076366,280692153
0,138112370764,280730633
0,138114665162,280764303
0,138116959560,280793765
0,138119253958,280819544
0,138121548356,280842101
0,138123842754,280861838
0,138126137152,280879108
0,138128431550,280894219
0,138130725948,280907441
0,138133020346,280919010
0,138135314744,280929133
0,138137609142,280937991
0,138139903540,280945742
0,138142197938,280952524
0,138144492336,280958458
0,138146786734,280963650
0,138149081132,280968193
0,138352634554,306097168
0,138352677754,302835022
0,138352720954,299980644
0,138352764154,297483063
0,138352807354,295297680
0,138352850554,293385470
0,138352893754,291587286
0,138352936954,290013875
0,138352980154,288637140
0,138353023354,287557497
0,138353066554,286612809
0,138353109754,285786207
0,138353152954,285062931
0,138353196154,284430064
0,138353239354,283876306
0,138353282554,283391767
0,138353325754,282967796
0,138353368954,282596821
0,138353412154,282272218
0,138353455354,281988190
0,138353498554,281739666
0,138353541754,281522207
0,138353584954,281331931
0,138353628154,281165439
0,138353671354,281019759
0,138353714554,280892289
0,138353757754,280780752
0,138353800954,280683158
0,138353844154,280597763
0,138353887354,280398042
0,138353930554,280223286
0,138353973754,280070375
0,138354016954,280061578
0,138354060154,280053880
0,138354103354,280047145
0,138354146554,280041251
0,138354189754,280036094
0,138354232954,280031582
0,138354276154,280027634
0,138354319354,280024179
0,138354362554,280021156
0,138354405754,280018511
0,138354448954,280016197
0,138354492154,280014172
0,138354535354,280012400
0,138354578554,280010850
0,138354621754,280009493
0,138354664954,280008306
0,138356624795,280132267
0,138358919193,280240733
0,138361213591,280335641
0,138363507989,280418685
0,138365802387,280491349
0,138368096785,280554930
0,138370391183,280610563
0,138372685581,280659242
0,138374979979,280576836
0,138377274377,280629731
0,138379568775,280676014
0,138381863173,280716512
0,138384157571,280751948
0,138386451969,280782954
0,138388746367,280810084
0,138391040765,280833823
0,138393335163,280854595
0,138395629561,280872770
0,138397923959,280888673
0,138400218357,280902588
0,138402512755,280914764
0,138404807153,280925418
0,138407101551,280934740
0,138409395949,280942897
0,138411690347,280950034
0,138413984745,280831279
0,138416279143,280852369
0,138418573541,280870822
0,138420867939,280886969
0,138423162337,280901097
0,138425456735,280913459
0,138427751133,280924276
0,138430045531,280933741
0,138633598953,280942023
0,138633642153,280949270
0,138633685353,280955611
0,138633728553,280961159
0,138633771753,280966014
0,138633814953,280970262
0,138633858153,280973979
0,138633901353,280977231
0,138633944553,280980077
0,138633987753,280857567
0,138634030953,280875371
0,138634074153,280890949
0,138634117353,280904580
0,138634160553,280916507
0,138634203753,280926943
0,138634246953,280936075
0,138634290153,280944065
0,138634333353,280951056
0,138634376553,280957174
0,138634419753,280962527
0,138634462953,280967211
0,138634506153,280971309
0,138634549353,280974895
0,138634592553,280978033
0,138634635753,280980778
0,138634678953,280983180
0,138634722153,280985282
0,138634765353,280987121
0,138634808553,280988730
0,138634851753,280990138
0,138634894953,280991370
0,138634938153,280992448
0,138634981353,280868392
0,138635024553,280884843
0,138635067753,280899237
0,138635110953,280911832
0,138635154153,280922853
0,138635197353,280932496
0,138635240553,280940934
0,138635283753,280948317
0,138635326953,280954777
0,138635370153,280960429
0,138635413353,280965375
0,138635456553,280969703
0,138635499753,280973490
0,138635542953,280976803
0,138635586153,280979702
0,138635629353,280982239
0,138637589194,280984459
0,138639883592,280986401
0,138642177990,280988100
0,138644472388,280989587
0,138646766786,280990888
0,138649061184,280992027
0,138651355582,280993023
0,138653649980,280993895
0,138655944378,280994658
0,138658238776,280995325
0,138660533174,280995909
0,138662827572,280996420
0,138665121970,280996867
0,138667416368,280997258
0,138669710766,280997600
0,138672005164,280997900
0,138674299562,280998162
0,138676593960,280998391
0,138678888358,280998592
0,138681182756,280998768
0,138683477154,280998922
0,138685771552,280999056
0,138688065950,280999174
0,138690360348,280999277
0,138692654746,280999367
0,138694949144,280999446
0,138697243542,280999515
0,138699537940,280999575
0,138701832338,280999628
0,138704126736,280999674
0,138706421134,280999714
0,138708715532,280999749
0,138711009930,280999780
0,138915710551,281124807
0,138915753751,281234206
0,138915796951,281329930
0,138915840151,281413688
0,138915883351,281486977
0,138915926551,281551104
0,138915969751,281607216
0,138916012951,281781314
0,138916056151,281933649
0,138916099351,282066942
0,138916142551,282058574
0,138916185751,282051252
0,138916228951,282044845
0,138916272151,282039239
0,138916315351,282034334
0,138916358551,282030042
0,138916401751,282026286
0,138916444951,282023000
0,138916488151,282020125
0,138916531351,282017609
0,138916574551,282015407
0,138916617751,282013481
0,138916660951,282011795
0,138916704151,282010320
0,138916747351,282009030
0,138916790551,282007901
0,138916833751,282006913
0,138916876951,282006048
0,138916920151,282005292
0,138916963351,282004630
0,138917006551,282129051
0,138917049751,282237919
0,138917092951,282333179
0,138917136151,282291531
0,138917179351,282255089
0,138917222551,282223202
0,138917265751,282195301
0,138917308951,282170888
0,138917352151,282149527
0,138917395351,282130836
0,138917438551,282114481
0,138917481751,282100170
0,138917524951,282087648
0,138917568151,282076692
0,138917611351,282067105
0,138917654551,282058716
0,138917697751,282051376
0,138917740951,282044954
0,138918553593,282164334
0,138920847991,282268792
0,138923142389,282485193
0,138925436787,282549543
0,138927731185,282605850
0,138930025583,282780118
0,138932319981,282807603
0,138934614379,282831652
0,138936908777,282852695
0,138939203175,282996108
0,138941497573,282996594
0,138943791971,282997019
0,138946086369,283122391
0,138948380767,283107092
0,138950675165,283093705
0,138952969563,283081991
0,138955263961,283071742
0,138957558359,283062774
0,138959852757,283054927
0,138962147155,283173061
0,138964441553,283151428
0,138966735951,283132499
0,138969030349,283240936
0,138971324747,283210819
0,138973619145,283184466
0,138975913543,283161407
0,138978207941,283266231
0,138980502339,283232952
0,138982796737,283203833
0,138985091135,283303353
0,138987385533,283265433
0,138989679931,283232253
0,138991974329,283203221
0,139196674950,308427818
0,139196718150,304999340
0,139196761350,301999422
0,139196804550,299374494
0,139196847750,297077682
0,139196890950,295067971
0,139196934150,293309474
0,139196977350,291770789
0,139197020550,290424440
0,139197063750,289246385
0,139197106950,288215586
0,139197150150,287313637
0,139197193350,286524432
0,139197236550,285833878
0,139197279750,285229643
0,139197322950,284700937
0,139197366150,284238319
0,139197409350,283833529
0,139197452550,283479337
0,139197495750,283169419
0,139197538950,282898241
0,139197582150,282660960
0,139197625350,282453340
0,139197668550,282271672
0,139197711750,282112713
0,139197754950,281973623
0,139197798150,281851920
0,139197841350,281745430
0,139197884550,281652251
0,139197927750,281570719
0,139197970950,281499379
0,139198014150,281436956
0,139198057350,281382336
0,139198100550,281334544
0,139198143750,281292726
0,139198186950,281256135
0,139198230150,281224118
0,139198273350,281196103
0,139198316550,281171590
0,139198359750,281150141
0,139198402950,281131373
0,139198446150,281114951
0,139198489350,281100582
0,139198532550,281088009
0,139198575750,281077007
0,139198618950,281067381
0,139198662150,281058958
0,139198705350,281051588
0,139199517992,281170139
0,139201812390,281398871
0,139204106788,281724012
0,139206401186,281883510
0,139208695584,282023071
0,139210989982,282145187
0,139213284380,282252038
0,139215578778,282345533
0,139217873176,282427341
0,139220167574,282623923
0,139222461972,282670932
0,139224756370,282712065
0,139227050768,282873056
0,139229345166,282888924
0,139231639564,282902808
0,139233933962,282914957
0,139236228360,283050587
0,139238522758,283044263
0,139240817156,283038730
0,139243111554,283158888
0,139245405952,283139027
0,139247700350,283121648
0,139249994748,283106442
0,139252289146,283093136
0,139254583544,283081494
0,139256877942,283071307
0,139259172340,283187393
0,139261466738,283163968
0,139263761136,283143472
0,139266055534,283250538
0,139268349932,283219220
0,139270644330,283191817
0,139272938728,283167839
0,139478786548,308646859
0,139478829748,305316001
0,139478872948,302401500
0,139478916148,299851312
0,139478959348,297619898
0,139479002548,295792410
0,139479045748,294193358
0,139479088948,292794188
0,139479132148,291569914
0,139479175348,290373674
0,139479218548,289326964
0,139479261748,288411093
0,139479304948,287609706
0,139479348148,286908492
0,139479391348,286294930
0,139479434548,285758063
0,139479477748,285288305
0,139479520948,284877266
0,139479564148,284517607
0,139479607348,284202906
0,139479650548,283927542
0,139479693748,283686599
0,139479736948,283475774
0,139479780148,283291302
0,139479823348,283129889
0,139479866548,282988652
0,139479909748,282865070
0,139479952948,282756936
0,139479996148,282662319
0,139480039348,282704529
0,139480082548,282741462
0,139480125748,282773779
0,139480168948,282677056
0,139480212148,282592424
0,139480255348,282518371
0,139480298548,282453574
0,139480341748,282396877
0,139480384948,282347267
0,139480428148,282303858
0,139480471348,282265875
0,139480514548,282232640
0,139480557748,282203560
0,139480600948,282178115
0,139480644148,282155850
0,139480687348,282136368
0,139480730548,282119322
0,139480773748,282104406
0,139480816948,282091355
0,139480860148,282079935
0,139482776789,282194943
0,139485071187,282420575
0,139487365585,282493003
0,139489659983,282556377
0,139491954381,282611829
0,139494248779,282785350
0,139496543177,282812181
0,139498837575,282835658
0,139501131973,282981200
0,139503426371,282983550
0,139505720769,282985606
0,139508015167,283112405
0,139510309565,283098354
0,139512603963,283086059
0,139514898361,283075301
0,139517192759,283190888
0,139519487157,283167027
0,139521781555,283146148
0,139524075953,283252879
0,139526370351,283221269
0,139528664749,283193610
0,139530959147,283169408
0,139533253545,283273232
0,139535547943,283239078
0,139537842341,283209193
0,139540136739,283308043
0,139542431137,283269537
0,139544725535,283235844
0,139547019933,283331363
0,139549314331,283289942
0,139551608729,283253699
0,139553903127,283221986
0,139556197525,283319237
0,139762045345,283404332
0,139762088545,283478790
0,139762131745,283543941
0,139762174945,283600948
0,139762218145,283650829
0,139762261345,283569475
0,139762304545,283498290
0,139762347745,283436003
0,139762390945,283381502
0,139762434145,283333814
0,139762477345,283292087
0,139762520545,283255576
0,139762563745,283223629
0,139762606945,283195675
0,139762650145,283171215
0,139762693345,283149813
0,139762736545,283131086
0,139762779745,283114700
0,139762822945,283100362
0,139762866145,283087816
0,139762909345,283076839
0,139762952545,283067234
0,139762995745,283058829
0,139763038945,283176475
0,139763082145,283279415
0,139763125345,283369488
0,139763168545,283448302
0,139763211745,283517264
0,139763254945,283577606
0,139763298145,283505405
0,139763341345,283442229
0,139763384545,283386950
0,139763427745,283338581
0,139763470945,283296258
0,139763514145,283259225
0,139763557345,283226821
0,139763600545,283198468
0,139763643745,283173659
0,139763686945,283151951
0,139763730145,283132957
0,139763773345,283116337
0,139763816545,283101794
0,139763859745,283089069
0,139763902945,283077935
0,139763946145,283068193
0,139763989345,283059668
0,139764032545,283177209
0,139764075745,283280057
0,139764118945,283370049
0,139766035586,283448792
0,139768329984,283392693
0,139770624382,283343606
0,139772918780,283300655
0,139775213178,283388073
0,139777507576,283339563
0,139779801974,283297117
0,139782096372,283384977
0,139784390770,283336854
0,139786685168,283294747
0,139788979566,283257903
0,139791273964,283225665
0,139793568362,283197456
0,139795862760,283172774
0,139798157158,283276177
0,139800451556,283241654
0,139802745954,283211447
0,139805040352,283310016
0,139807334750,283271264
0,139809629148,283237356
0,139811923546,283207686
0,139814217944,283306725
0,139816512342,283268384
0,139818806740,283234836
0,139821101138,283330481
0,139823395536,283289170
0,139825689934,283253023
0,139827984332,283221395
0,139830278730,283193720
0,139832573128,283169505
0,139834867526,283148316
0,139837161924,283254776
0,139839456322,283222929
0,140046451341,283320062
0,140046494541,283405054
0,140046537741,283479422
0,140046580941,283544494
0,140046624141,283601432
0,140046667341,283651253
0,140046710541,283694846
0,140046753741,283732990
0,140046796941,283766366
0,140046840141,283795570
0,140046883341,283821123
0,140046926541,283843482
0,140046969741,283863046
0,140047012941,284005165
0,140047056141,284129519
0,140047099341,284238329
0,140047142541,284333537
0,140047185741,284416844
0,140047228941,284489738
0,140047272141,284553520
0,140047315341,284609330
0,140047358541,284658163
0,140047401741,284700892
0,140047444941,284613280
0,140047488141,284536620
0,140047531341,284469542
0,140047574541,284410849
0,140047617741,284359492
0,140047660941,284314555
0,140047704141,284275235
0,140047747341,284240830
0,140047790541,284210726
0,140047833741,284184385
0,140047876941,284161336
0,140047920141,284141169
0,140047963341,284123522
0,140048006541,284233081
0,140048049741,284328945
0,140048092941,284412826
0,140048136141,284486222
0,140048179341,284550444
0,140048222541,284606638
0,140048265741,284655808
0,140048308941,284698832
0,140048352141,284736478
0,140048395341,284769418
0,140048438541,284673240
0,140048481741,284589085
0,140048524941,284515449
0,140049294383,284326017
0,140051588781,284160264
0,140053883179,284015231
0,140056177577,284013327
0,140058471975,283886661
0,140060766373,283775828
0,140063060771,283803849
0,140065355169,283703367
0,140067649567,283615446
0,140069943965,283538515
0,140072238363,283596200
0,140074532761,283521675
0,140076827159,283456465
0,140079121557,283524406
0,140081415955,283458855
0,140083710353,283401498
0,140086004751,283726310
0,140088299149,284010521
0,140090593547,284134205
0,140092887945,284242429
0,140095182343,284462125
0,140097476741,284654359
0,140099771139,284697564
0,140102065537,284860368
0,140104359935,285002822
0,140106654333,285002469
0,140108948731,285002160
0,140111243129,285126890
0,140113537527,285236028
0,140115831925,285206524
0,140118126323,285305708
0,140120420721,285392494
0,140122715119,285343432
0,140329710138,310925503
0,140329753338,307434815
0,140329796538,304380463
0,140329839738,301707905
0,140329882938,299369416
0,140329926138,297323239
0,140329969338,295532834
0,140330012538,294091229
0,140330055738,292829825
0,140330098938,291726096
0,140330142138,290760334
0,140330185338,289915292
0,140330228538,289175880
0,140330271738,288528895
0,140330314938,287837783
0,140330358138,287233060
0,140330401338,286703927
0,140330444538,286240936
0,140330487738,285835819
0,140330530938,285481341
0,140330574138,285171173
0,140330617338,284899776
0,140330660538,284662304
0,140330703738,284454516
0,140330746938,284272701
0,140330790138,284113613
0,140330833338,283974411
0,140330876538,283852609
0,140330919738,283746032
0,140330962938,283652778
0,140331006138,283696180
0,140331049338,283734157
0,140331092538,283767387
0,140331135738,283796463
0,140331178938,283821905
0,140331222138,283844166
0,140331265338,283863645
0,140331308538,283755689
0,140331351738,283661227
0,140331394938,283578573
0,140331438138,283506251
0,140331481338,283442969
0,140331524538,283387597
0,140331567738,283339147
0,140331610938,283296753
0,140331654138,283259658
0,140331697338,283227200
0,140331740538,283198800
0,140331783738,283173950
0,140332553180,283277206
0,140334847578,283492555
0,140337141976,283805985
0,140339436374,284080236
0,140341730772,284195206
0,140344025170,284420805
0,140346319568,284618204
0,140348613966,284665928
0,140350908364,284707687
0,140353202762,284869226
0,140355497160,285010572
0,140357791558,285009250
0,140360085956,285133093
0,140362380354,285241456
0,140364674752,285211274
0,140366969150,285184864
0,140369263548,285286756
0,140371557946,285250911
0,140373852344,285219547
0,140376146742,285317103
0,140378441140,285402465
0,140380735538,285352156
0,140383029936,285433136
0,140385324334,285503994
0,140387618732,285440994
0,140389913130,285385869
0,140392207528,285462635
0,140394501926,285529805
0,140396796324,285463579
0,140399090722,285530631
0,140401385120,285589302
0,140403679518,285515639
0,140405973916,285451184
0,140614116134,311269786
0,140614159334,307986062
0,140614202534,305112804
0,140614245734,302598703
0,140614288934,300398865
0,140614332134,298474006
0,140614375334,296789755
0,140614418534,295316035
0,140614461734,293901530
0,140614504934,292663838
0,140614548134,291580858
0,140614591334,290633250
0,140614634534,289804093
0,140614677734,289078581
0,140614720934,288443758
0,140614764134,287888288
0,140614807334,287402252
0,140614850534,286976970
0,140614893734,286604848
0,140614936934,286279242
0,140614980134,285994336
0,140615023334,285870044
0,140615066534,285761288
0,140615109734,285666127
0,140615152934,285582861
0,140615196134,285510003
0,140615239334,285446252
0,140615282534,285390470
0,140615325734,285341661
0,140615368934,285298953
0,140615412134,285261583
0,140615455334,285103885
0,140615498534,284965899
0,140615541734,284845161
0,140615584934,284739515
0,140615628134,284647075
0,140615671334,284566190
0,140615714534,284495416
0,140615757734,284433489
0,140615800934,284379302
0,140615844134,284331889
0,140615887334,284290402
0,140615930534,284254101
0,140615973734,284222338
0,140616016934,284319545
0,140616060134,284404601
0,140616103334,284479025
0,140616146534,284544146
0,140616189734,284601127
0,140616232934,284650986
0,140618106375,284819612
0,140620400773,284967160
0,140622695171,284971265
0,140624989569,284974856
0,140627283967,285102999
0,140629578365,285090124
0,140631872763,285078858
0,140634167161,285194000
0,140636461559,285294750
0,140638755957,285257906
0,140641050355,285350667
0,140643344753,285431833
0,140645639151,285377853
0,140647933549,285330621
0,140650227947,285414293
0,140652522345,285487506
0,140654816743,285426567
0,140657111141,285498246
0,140659405539,285560965
0,140661699937,285490844
0,140663994335,285429488
0,140666288733,285500802
0,140668583131,285438201
0,140670877529,285383425
0,140673171927,285460496
0,140675466325,285527934
0,140677760723,285461942
0,140680055121,285529199
0,140682349519,285588049
0,140684643917,285514542
0,140686938315,285450224
0,140689232713,285518946
0,140691527111,285579077
0,140899669329,285506692
0,140899712529,285443355
0,140899755729,285387935
0,140899798929,285339443
0,140899842129,285297012
0,140899885329,285259885
0,140899928529,285227399
0,140899971729,285198974
0,140900014929,285299102
0,140900058129,285386714
0,140900101329,285463374
0,140900144529,285530452
0,140900187729,285589145
0,140900230929,285640501
0,140900274129,285685438
0,140900317329,285724758
0,140900360529,285759163
0,140900403729,285789267
0,140900446929,285815608
0,140900490129,285838657
0,140900533329,285858824
0,140900576529,285751471
0,140900619729,285657537
0,140900662929,285575344
0,140900706129,285503426
0,140900749329,285440497
0,140900792529,285385434
0,140900835729,285337254
0,140900878929,285295097
0,140900922129,285258209
0,140900965329,285225932
0,140901008529,285322690
0,140901051729,285407353
0,140901094929,285481433
0,140901138129,285546253
0,140901181329,285602971
0,140901224529,285652599
0,140901267729,285696024
0,140901310929,285734021
0,140901354129,285767268
0,140901397329,285796359
0,140901440529,285821814
0,140901483729,285844087
0,140901526929,285863576
0,140901570129,285755629
0,140901613329,285661175
0,140901656529,285578528
0,140901699729,285506212
0,140901742929,285442935
0,140901786129,285387568
0,140903659570,285339122
0,140905953968,285296731
0,140908248366,285384639
0,140910542764,285461559
0,140912837162,285403864
0,140915131560,285478381
0,140917425958,285543583
0,140919720356,285475635
0,140922014754,285541180
0,140924309152,285598532
0,140926603550,285523715
0,140928897948,285458250
0,140931192346,285525968
0,140933486744,285585222
0,140935781142,285512069
0,140938075540,285573060
0,140940369938,285626427
0,140942664336,285548123
0,140944958734,285479607
0,140947253132,285544656
0,140949547530,285601574
0,140951841928,285526377
0,140954136326,285585579
0,140956430724,285637381
0,140958725122,285557708
0,140961019520,285612994
0,140963313918,285661369
0,140965608316,285578697
0,140967902714,285506359
0,140970197112,285568064
0,140972491510,285622056
0,140974785908,285544299
0,140977080306,285601261
0,141186369723,285776103
0,141186412923,285929090
0,141186456123,286062953
0,141186499323,286180083
0,141186542523,286282572
0,141186585723,286372250
0,141186628923,286450718
0,141186672123,286519378
0,141186715323,286454455
0,141186758523,286397648
0,141186801723,286347942
0,141186844923,286304449
0,141186888123,286266392
0,141186931323,286233093
0,141186974523,286203956
0,141187017723,286303461
0,141187060923,286390528
0,141187104123,286466712
0,141187147323,286533373
0,141187190523,286591701
0,141187233723,286642738
0,141187276923,286687395
0,141187320123,286726470
0,141187363323,286760661
0,141187406523,286790578
0,141187449723,286816755
0,141187492923,286839660
0,141187536123,286859702
0,141187579323,286877239
0,141187622523,286892584
0,141187665723,286906011
0,141187708923,286792759
0,141187752123,286693664
0,141187795323,286606956
0,141187838523,286531086
0,141187881723,286464700
0,141187924923,286406612
0,141187968123,286355785
0,141188011323,286436311
0,141188054523,286506772
0,141188097723,286568425
0,141188140923,286622371
0,141188184123,286669574
0,141188227323,286710877
0,141188270523,286747017
0,141188313723,286778639
0,141188356923,286806309
0,141188400123,286830520
0,141188443323,286851705
0,141188486523,286870241
0,141189212765,286761460
0,141191507163,286666277
0,141193801561,286457992
0,141196095959,286400743
0,141198390357,286350650
0,141200684755,286181818
0,141202979153,286034090
0,141205273551,286029828
0,141207567949,285901099
0,141209862347,285788461
0,141212156745,285814903
0,141214451143,285838040
0,141216745541,285733285
0,141219039939,285766624
0,141221334337,285795796
0,141223628735,285696321
0,141225923133,285609280
0,141228217531,285658120
0,141230511929,285700855
0,141232806327,285613248
0,141235100725,285661592
0,141237395123,285703893
0,141239689521,285615906
0,141241983919,285538917
0,141244278317,285596552
0,141246572715,285521983
0,141248867113,285456735
0,141251161511,285524643
0,141253455909,285584062
0,141255750307,285511054
0,141258044705,285572172
0,141260339103,285875650
0,141262633501,286141193
0,141471922918,312123543
0,141471966118,308733100
0,141472009318,305891462
0,141472052518,303405029
0,141472095718,301229400
0,141472138918,299325725
0,141472182118,297660009
0,141472225318,296202507
0,141472268518,294927193
0,141472311718,293811293
0,141472354918,292834881
0,141472398118,291980520
0,141472441318,291232955
0,141472484518,290578835
0,141472527718,290006480
0,141472570918,289505670
0,141472614118,288942461
0,141472657318,288449653
0,141472700518,288018446
0,141472743718,287641140
0,141472786918,287310997
0,141472830118,287022122
0,141472873318,286769356
0,141472916518,286548186
0,141472959718,286354662
0,141473002918,286310329
0,141473046118,286271537
0,141473089318,286237594
0,141473132518,286207894
0,141473175718,286181907
0,141473218918,286159168
0,141473262118,286139272
0,141473305318,286121863
0,141473348518,286106630
0,141473391718,286093301
0,141473434918,286081638
0,141473478118,286071433
0,141473521318,286062503
0,141473564518,286054690
0,141473607718,285922853
0,141473650918,285807496
0,141473694118,285706559
0,141473737318,285618239
0,141473780518,285540959
0,141473823718,285473339
0,141473866918,285414171
0,141473910118,285362399
0,141473953318,285317099
0,141473996518,285277461
0,141474039718,285367778
0,141474765960,285446805
0,141477060358,285765954
0,141479354756,286045209
0,141481649154,286289557
0,141483943552,286378362
0,141486237950,286581066
0,141488532348,286758432
0,141490826746,286913628
0,141493121144,287049424
0,141495415542,287168246
0,141497709940,287272215
0,141500004338,287363188
0,141502298736,287442789
0,141504593134,287512440
0,141506887532,287448385
0,141509181930,287517336
0,141511476328,287577669
0,141513770726,287630460
0,141516065124,287676652
0,141518359522,287717070
0,141520653920,287752436
0,141522948318,287658381
0,141525242716,287701083
0,141527537114,287738447
0,141529831512,287771141
0,141532125910,287799748
0,141534420308,287824779
0,141536714706,287846681
0,141539009104,287865845
0,141541303502,287882614
0,141543597900,287897287
0,141545892298,287785126
0,141548186696,287811985
0,141757476113,313710486
0,141757519313,310246675
0,141757562513,307215840
0,141757605713,304438860
0,141757648913,302009002
0,141757692113,299882876
0,141757735313,298022516
0,141757778513,296394701
0,141757821713,294970363
0,141757864913,293724067
0,141757908113,292633558
0,141757951313,291679363
0,141757994513,290844442
0,141758037713,290238886
0,141758080913,289709025
0,141758124113,289245396
0,141758167313,288839721
0,141758210513,288484755
0,141758253713,288174160
0,141758296913,287902390
0,141758340113,287664591
0,141758383313,287456517
0,141758426513,287274452
0,141758469713,287115145
0,141758512913,286975751
0,141758556113,286853782
0,141758599313,286622059
0,141758642513,286419301
0,141758685713,286241888
0,141758728913,286086652
0,141758772113,285950820
0,141758815313,285831967
0,141758858513,285727971
0,141758901713,285636974
0,141758944913,285557352
0,141758988113,285487683
0,141759031313,285551722
0,141759074513,285607756
0,141759117713,285656786
0,141759160913,285699687
0,141759204113,285737226
0,141759247313,285770072
0,141759290513,285798813
0,141759333713,285823961
0,141759376913,285845965
0,141759420113,285865219
0,141759463313,285882066
0,141759506513,285896807
0,141759549713,285909706
0,141759592913,285920992
0,141760319155,285930868
0,141762613553,286189509
0,141764907951,286290820
0,141767202349,286504467
0,141769496747,286691408
0,141771791145,286854982
0,141774085543,286998109
0,141776379941,287123345
0,141778674339,287232926
0,141780968737,287203810
0,141783263135,287303333
0,141785557533,287390416
0,141787851931,287341614
0,141790146329,287423912
0,141792440727,287495923
0,141794735125,287558932
0,141797029523,287614065
0,141799323921,287662306
0,141801618319,287704517
0,141803912717,287616452
0,141806207115,287664395
0,141808501513,287706345
0,141810795911,287743051
0,141813090309,287775169
0,141815384707,287803272
0,141817679105,287827863
0,141819973503,287724380
0,141822267901,287758832
0,141824562299,287788978
0,141826856697,287690355
0,141829151095,287729060
0,141831445493,287762927
0,141833739891,287792561
0,142044176507,313818490
0,142044219707,310466178
0,142044262907,307532905
0,142044306107,304966291
0,142044349307,302720504
0,142044392507,300755441
0,142044435707,299036010
0,142044478907,297531508
0,142044522107,296215069
0,142044565307,295063185
0,142044608507,294055286
0,142044651707,293173375
0,142044694907,292401703
0,142044738107,291726490
0,142044781307,291010678
0,142044824507,290384343
0,142044867707,289836300
0,142044910907,289356762
0,142044954107,288937166
0,142044997307,288570020
0,142045040507,288373767
0,142045083707,288202046
0,142045126907,288051790
0,142045170107,287920316
0,142045213307,287805276
0,142045256507,287704616
0,142045299707,287616539
0,142045342907,287539471
0,142045386107,287472037
0,142045429307,287413032
0,142045472507,287361403
0,142045515707,287316227
0,142045558907,287276698
0,142045602107,287242110
0,142045645307,287211846
0,142045688507,287185365
0,142045731707,287162194
0,142045774907,287016919
0,142045818107,286889804
0,142045861307,286778578
0,142045904507,286681255
0,142045947707,286596098
0,142045990907,286521585
0,142046034107,286581386
0,142046077307,286633712
0,142046120507,286679498
0,142046163707,286719560
0,142046206907,286754615
0,142046250107,286785288
0,142046293307,286812127
0,142046336507,286835611
0,142048166748,286981159
0,142050461146,287108514
0,142052755544,287219949
0,142055049942,287317455
0,142057344340,287402773
0,142059638738,287477426
0,142061933136,287417747
0,142064227534,287490528
0,142066521932,287554212
0,142068816330,287609935
0,142071110728,287658693
0,142073405126,287701356
0,142075699524,287738686
0,142077993922,287646350
0,142080288320,287690556
0,142082582718,287729236
0,142084877116,287638081
0,142087171514,287683320
0,142089465912,287722905
0,142091760310,287757541
0,142094054708,287787848
0,142096349106,287814367
0,142098643504,287837571
0,142100937902,287732874
0,142103232300,287766264
0,142105526698,287795481
0,142107821096,287821045
0,142110115494,287843414
0,142112409892,287862987
0,142114704290,287880113
0,142116998688,287770098
0,142119293086,287798835
0,142121587484,287823980
0,142332024100,287845982
0,142332067300,287865234
0,142332110500,287882079
0,142332153700,287896819
0,142332196900,287909716
0,142332240100,287921001
0,142332283300,287930875
0,142332326500,287939515
0,142332369700,287947075
0,142332412900,287953690
0,142332456100,287959478
0,142332499300,287964543
0,142332542500,287968975
0,142332585700,287972853
0,142332628900,287976246
0,142332672100,287979215
0,142332715300,287981813
0,142332758500,287984086
0,142332801700,287986075
0,142332844900,287987815
0,142332888100,287864338
0,142332931300,287756295
0,142332974500,287661758
0,142333017700,287704038
0,142333060900,287741033
0,142333104100,287773403
0,142333147300,287801727
0,142333190500,287826511
0,142333233700,287848197
0,142333276900,287867172
0,142333320100,287883775
0,142333363300,287898303
0,142333406500,287911015
0,142333449700,287922138
0,142333492900,287931870
0,142333536100,287940386
0,142333579300,287947837
0,142333622500,287954357
0,142333665700,287960062
0,142333708900,287965054
0,142333752100,287969422
0,142333795300,287973244
0,142333838500,287976588
0,142333881700,287854514
0,142333924900,287747699
0,142333968100,287654236
0,142334011300,287697456
0,142334054500,287735274
0,142334097700,287768364
0,142334140900,287797318
0,142334184100,287822653
0,142336014341,287844821
0,142338308739,287864218
0,142340603137,287881190
0,142342897535,287771041
0,142345191933,287799660
0,142347486331,287824702
0,142349780729,287846614
0,142352075127,287865787
0,142354369525,287882563
0,142356663923,287897242
0,142358958321,287785086
0,142361252719,287811950
0,142363547117,287835456
0,142365841515,287856024
0,142368135913,287874021
0,142370430311,287889768
0,142372724709,287903547
0,142375019107,287915603
0,142377313505,287926152
0,142379607903,287935383
0,142381902301,287818460
0,142384196699,287841152
0,142386491097,287861008
0,142388785495,287878382
0,142391079893,287893584
0,142393374291,287906886
0,142395668689,287918525
0,142397963087,287803709
0,142400257485,287828245
0,142402551883,287849714
0,142404846281,287868499
0,142407140679,287884936
0,142409435077,287899319
0,142619871693,287786904
0,142619914893,287688541
0,142619958093,287602473
0,142620001293,287652163
0,142620044493,287695642
0,142620087693,287733686
0,142620130893,287766975
0,142620174093,287796103
0,142620217293,287821590
0,142620260493,287843891
0,142620303693,287863404
0,142620346893,287880478
0,142620390093,287895418
0,142620433293,287908490
0,142620476493,287919928
0,142620519693,287929937
0,142620562893,287938694
0,142620606093,287946357
0,142620649293,287953062
0,142620692493,287958929
0,142620735693,287964062
0,142620778893,287968554
0,142620822093,287972484
0,142620865293,287975923
0,142620908493,287853932
0,142620951693,287747190
0,142620994893,287653791
0,142621038093,287697067
0,142621081293,287734933
0,142621124493,287768066
0,142621167693,287797057
0,142621210893,287822424
0,142621254093,287844621
0,142621297293,287864043
0,142621340493,287881037
0,142621383693,287895907
0,142621426893,287908918
0,142621470093,287920303
0,142621513293,287930265
0,142621556493,287938981
0,142621599693,287946608
0,142621642893,287953282
0,142621686093,287959121
0,142621729293,287964230
0,142621772493,287968701
0,142621815693,287972613
0,142621858893,287976036
0,142621902093,287854031
0,142621945293,287747277
0,142621988493,287653867
0,142622031693,287697133
0,143026885427,275484991
0,143026928627,264799367
0,143026971827,255449446
0,143027015027,247393265
0,143027058227,240344106
0,143027101427,234051092
0,143027144627,228544705
0,143027434071,223726616
0,143029728469,219760789
0,143032022867,216415690
0,143034317265,213488728
0,143036611663,210802637
0,143038906061,208452307
0,143041200459,206520768
0,143043494857,204705672
0,143045789255,203117463
0,143048083653,201852780
0,143050378051,200746182
0,143052672449,199652909
0,143054966847,198696295
0,143057261245,197984258
0,143059555643,197236225
0,143061850041,196581696
0,143064144439,196133984
0,143066438837,195742236
0,143068733235,195274456
0,143071027633,194990149
0,143073322031,194741380
0,143075616429,194398707
0,143077910827,194098868
0,143080205225,193961509
0,143082499623,193716320
0,143084794021,193501780
0,143087088419,193439057
0,143089382817,193384174
0,143091677215,193211152
0,143093971613,193059758
0,143096266011,193052288
0,143098560409,192920752
0,143100854807,192805658
0,143103149205,192829950
0,143216073906,206726206
0,143216117106,204635430
0,143216160306,202806001
0,143216203506,201205250
0,143216246706,199679593
0,143216289906,198344643
0,143216333106,197176562
0,143216622550,196154491
0,143218916948,195510179
0,143221211346,195071406
0,143223505744,194562480
0,143225800142,194117170
0,143228094540,193852523
0,143230388938,193620957
0,143232683336,193293337
0,143234977734,193006669
0,143237272132,192880835
0,143239566530,192645730
0,143241860928,192440013
0,143244155326,192385011
0,143246449724,192336884
0,143248744122,192169773
0,143251038520,192148551
0,143253332918,192129982
0,143255627316,191988734
0,143257921714,191865142
0,143260216112,191881999
0,143262510510,191771749
0,143264804908,191675280
0,143267099306,191715870
0,143269393704,191751386
0,143271688102,191657462
0,143273982500,191575279
0,143276276898,191628369
0,143278571296,191549822
0,143280865694,191481094
0,143283160092,191545957
0,143285454490,191602712
0,143287748888,191527373
0,143290043286,191586451
0,143292337684,191638144
0,143406409584,205558376
0,143406452784,203613579
0,143406495984,201911881
0,143406539184,200422895
0,143406582384,199120033
0,143406625584,197980028
0,143406668784,196982524
0,143406711984,196109708
0,143408105427,195595994
0,143410399825,195146494
0,143412694223,194628182
0,143414988621,194174659
0,143417283019,193902826
0,143419577417,193539972
0,143421871815,193222475
0,143424166213,193069665
0,143426460611,192935956
0,143428755009,192693961
0,143431049407,192607215
0,143433343805,192531313
0,143435638203,192339898
0,143437932601,192172410
0,143440226999,192150858
0,143442521397,192007000
0,143444815795,191881125
0,143447110193,191895984
0,143449404591,191908986
0,143451698989,191795362
0,143453993387,191695941
0,143456287785,191733948
0,143458582183,191642204
0,143460876581,191561928
0,143463170979,191616687
0,143465465377,191664601
0,143467759775,191581525
0,143470054173,191633834
0,143472348571,191679604
0,143474642969,191594653
0,143476937367,191520321
0,143479231765,191580280
0,143481526163,191507745
0,143483820561,191444276
0,143597892461,191388741
0,143597935661,191340148
0,143597978861,191297629
0,143598022061,191385425
0,143598065261,191462246
0,143598108461,191529465
0,143598151661,191588281
0,143598194861,191639745
0,143599588304,191559776
0,143601882702,191489804
0,143604177100,191553578
0,143606471498,191609380
0,143608765896,191533207
0,143611060294,191591556
0,143613354692,191642611
0,143615649090,191562284
0,143617943488,191491998
0,143620237886,191555498
0,143622532284,191486060
0,143624826682,191425302
0,143627121080,191497139
0,143629415478,191559996
0,143631709876,191489996
0,143634004274,191553746
0,143636298672,191609527
0,143638593070,191533336
0,143640887468,191466669
0,143643181866,191533335
0,143645476264,191591668
0,143647770662,191517709
0,143650065060,191577995
0,143652359458,191630745
0,143654653856,191551901
0,143656948254,191482913
0,143659242652,191547548
0,143661537050,191479104
0,143663831448,191419216
0,143666125846,191491814
0,143668420244,191555337
0,143670714642,191485919
0,143673009040,191550179
0,143675303438,191606406
0,143790522537,191780605
0,143790565737,191933029
0,143790608937,192066400
0,143790652137,192058100
0,143790695337,192050837
0,143790738537,192044482
0,143790781737,192038921
0,143790824937,192034055
0,143791071181,192154798
0,143793365579,192385448
0,143795659977,192587267
0,143797954375,192638858
0,143800248773,192809000
0,143802543171,192957875
0,143804837569,192963140
0,143807131967,193092747
0,143809426365,193206153
0,143811720763,193305383
0,143814015161,193392210
0,143816309559,193468183
0,143818603957,193534660
0,143820898355,193467827
0,143823192753,193534348
0,143825487151,193592554
0,143827781549,193518484
0,143830075947,193578673
0,143832370345,193631338
0,143834664743,193677420
0,143836959141,193592742
0,143839253539,193643649
0,143841547937,193688192
0,143843842335,193602168
0,143846136733,193651897
0,143848431131,193695409
0,143850725529,193733482
0,143853019927,193766796
0,143855314325,193795946
0,143857608723,193821452
0,143859903121,193718770
0,143862197519,193753923
0,143864491917,193784682
0,143866786315,193686596
0,143982005414,207850771
0,143982048614,205869424
0,143982091814,204135746
0,143982135014,202618777
0,143982178214,201291429
0,143982221414,200130000
0,143982264614,199113750
0,143982307814,198224531
0,143982554058,197446464
0,143984848456,196890656
0,143987142854,196529324
0,143989437252,196213158
0,143991731650,195936513
0,143994026048,195694448
0,143996320446,195482642
0,143998614844,195297311
0,144000909242,195010147
0,144003203640,194883878
0,144005498038,194773393
0,144007792436,194551718
0,144010086834,194482753
0,144012381232,194422408
0,144014675630,194369607
0,144016970028,194198406
0,144019264426,194173605
0,144021558824,194151904
0,144023853222,194007916
0,144026147620,194006926
0,144028442018,194006060
0,144030736416,194005302
0,144033030814,194004639
0,144035325212,194004059
0,144037619610,194003551
0,144039914008,193878107
0,144042208406,193893343
0,144044502804,193906675
0,144046797202,193793340
0,144049091600,193819172
0,144051385998,193841775
0,144053680396,193861553
0,144055974794,193753858
0,144058269192,193784625
0,144174635490,208061546
0,144174678690,206053852
0,144174721890,204297120
0,144174765090,202759980
0,144174808290,201414982
0,144174851490,200238109
0,144174894690,199208345
0,144174937890,198307301
0,144174981090,197518888
0,144176331333,197079027
0,144178625731,196694148
0,144180920129,196232379
0,144183214527,195953331
0,144185508925,195709164
0,144187803323,195370518
0,144190097721,195199203
0,144192392119,195049302
0,144194686517,194918139
0,144196980915,194678371
0,144199275313,194593574
0,144201569711,194519377
0,144203864109,194329454
0,144206158507,194288272
0,144208452905,194252238
0,144210747303,194220708
0,144213041701,194193119
0,144215336099,194168979
0,144217630497,194147856
0,144219924895,194004374
0,144222219293,194003827
0,144224513691,194003348
0,144226808089,193877929
0,144229102487,193893187
0,144231396885,193906538
0,144233691283,193918220
0,144235985681,193803442
0,144238280079,193828011
0,144240574477,193849509
0,144242868875,193743320
0,144245163273,193775405
0,144247457671,193803479
0,144249752069,193828044
0,144252046467,193849538
0,144368412765,193868345
0,144368455965,193884801
0,144368499165,193899200
0,144368542365,193911800
0,144368585565,193922825
0,144368628765,193932471
0,144368671965,193940912
0,144368715165,193948298
0,144368758365,193954760
0,144370108608,193960415
0,144372403006,193965363
0,144374697404,193969692
0,144376991802,193848480
0,144379286200,193867420
0,144381580598,193883992
0,144383874996,193773493
0,144386169394,193801806
0,144388463792,193826580
0,144390758190,193848257
0,144393052588,193867224
0,144395346986,193883821
0,144397641384,193898343
0,144399935782,193786050
0,144402230180,193812793
0,144404524578,193836193
0,144406818976,193731668
0,144409113374,193765209
0,144411407772,193794557
0,144413702170,193820237
0,144415996568,193717707
0,144418290966,193752993
0,144420585364,193783868
0,144422879762,193685884
0,144425174160,193725148
0,144427468558,193759504
0,144429762956,193789566
0,144432057354,193815870
0,144434351752,193838886
0,144436646150,193859025
0,144438940548,193751646
0,144441234946,193782690
0,144443529344,193809853
0,144445823742,193708621
0,144563337239,193870043
0,144563380439,194011287
0,144563423639,194134876
0,144563466839,194243016
0,144563510039,194337639
0,144563553239,194420434
0,144563596439,194492879
0,144563639639,194556269
0,144563682839,194611735
0,144563885883,194410268
0,144566180281,194358984
0,144568474679,194314111
0,144570769077,194274847
0,144573063475,194240491
0,144575357873,194460429
0,144577652271,194652875
0,144579946669,194821265
0,144582241067,194968606
0,144584535465,195097530
0,144586829863,195210338
0,144589124261,195309045
0,144591418659,195395414
0,144593713057,195470987
0,144596007455,195662113
0,144598301853,195704348
0,144600596251,195741304
0,144602890649,195773641
0,144605185047,195801935
0,144607479445,195826693
0,144609773843,195848356
0,144612068241,195992311
0,144614362639,195993272
0,144616657037,195994113
0,144618951435,195994848
0,144621245833,195995492
0,144623540231,195996055
0,144625834629,195996548
0,144628129027,195996979
0,144630423425,195997356
0,144632717823,195997686
0,144635012221,196122975
0,144637306619,196107603
0,144639601017,196094152
0,144757114514,210582383
0,144757157714,208509585
0,144757200914,206695886
0,144757244114,205108900
0,144757287314,203720287
0,144757330514,202505251
0,144757373714,201442094
0,144757416914,200511832
0,144757460114,199697853
0,144757663158,198985621
0,144759957556,198612418
0,144762251954,198285865
0,144764546352,198000131
0,144766840750,197750114
0,144769135148,197531349
0,144771429546,197339930
0,144773723944,197172438
0,144776018342,197150883
0,144778312740,197007022
0,144780607138,196881144
0,144782901536,196771001
0,144785195934,196674625
0,144787490332,196590296
0,144789784730,196516509
0,144792079128,196451945
0,144794373526,196395451
0,144796667924,196346019
0,144798962322,196302766
0,144801256720,196264920
0,144803551118,196231805
0,144805845516,196202829
0,144808139914,196177475
0,144810434312,196155290
0,144812728710,196135878
0,144815023108,196243893
0,144817317506,196213406
0,144819611904,196186730
0,144821906302,196163388
0,144824200700,196142964
0,144826495098,196125093
0,144828789496,196109456
0,144831083894,196095774
0,144833378292,196083802
0,144952038988,210698326
0,144952082188,208736035
0,144952125388,207019030
0,144952168588,205516651
0,144952211788,204202069
0,144952254988,203051810
0,144952298188,202045333
0,144952341388,201164666
0,144952384588,200394082
0,144952427788,199719821
0,144953734831,199254843
0,144956029229,198972987
0,144958323627,198601363
0,144960618025,198276192
0,144962912423,197991668
0,144965206821,197742709
0,144967501219,197524870
0,144969795617,197334261
0,144972090015,197167478
0,144974384413,197021543
0,144976678811,196893850
0,144978973209,196782118
0,144981267607,196684353
0,144983562005,196598808
0,144985856403,196523957
0,144988150801,196458462
0,144990445199,196401154
0,144992739597,196351009
0,144995033995,196432132
0,144997328393,196378115
0,144999622791,196330850
0,145001917189,196289493
0,145004211587,196253306
0,145006505985,196221642
0,145008800383,196193936
0,145011094781,196169694
0,145013389179,196148482
0,145015683577,196129921
0,145017977975,196113680
0,145020272373,196099470
0,145022566771,196087036
0,145024861169,196076156
0,145027155567,196066636
0,145029449965,196058306
0,145148110661,196051017
0,145148153861,196044639
0,145148197061,196039059
0,145148240261,196034176
0,145148283461,196029904
0,145148326661,196026166
0,145148369861,196022895
0,145148413061,196020033
0,145148456261,196017528
0,145148499461,196015337
0,145149806504,196013419
0,145152100902,196011741
0,145154395300,196010273
0,145156689698,196008988
0,145158984096,196007864
0,145161278494,196006881
0,145163572892,196006020
0,145165867290,196005267
0,145168161688,196004608
0,145170456086,196004032
0,145172750484,196003528
0,145175044882,196128087
0,145177339280,196112076
0,145179633678,196098066
0,145181928076,196085807
0,145184222474,196075081
0,145186516872,196065695
0,145188811270,196057483
0,145191105668,196050297
0,145193400066,196044009
0,145195694464,196038507
0,145197988862,196033693
0,145200283260,196029481
0,145202577658,196025795
0,145204872056,196022570
0,145207166454,196019748
0,145209460852,196017279
0,145211755250,196015119
0,145214049648,196138229
0,145216344046,196120950
0,145218638444,196105831
0,145220932842,196092602
0,145223227240,196081026
0,145225521638,196070897
0,145345329533,196187034
0,145345372733,196288654
0,145345415933,196377572
0,145345459133,196455375
0,145345502333,196523453
0,145345545533,196583021
0,145345588733,196635143
0,145345631933,196680750
0,145345675133,196720656
0,145345718333,196755574
0,145345878177,196661127
0,145348172575,196578486
0,145350466973,196506175
0,145352761371,196442903
0,145355055769,196512540
0,145357350167,196448472
0,145359644565,196392413
0,145361938963,196343361
0,145364233361,196300440
0,145366527759,196262885
0,145368822157,196230024
0,145371116555,196201271
0,145373410953,196176112
0,145375705351,196154098
0,145377999749,196134835
0,145380294147,196492980
0,145382588545,196681357
0,145384882943,196846187
0,145387177341,197115413
0,145389471739,197225986
0,145391766137,197322737
0,145394060535,197532394
0,145396354933,197715844
0,145398649331,197751363
0,145400943729,197782442
0,145403238127,197934636
0,145405532525,197942806
0,145407826923,197949955
0,145410121321,198081210
0,145412415719,198071058
0,145414710117,198062175
0,145417004515,198179403
0,145419298913,198281977
0,145421593311,198246729
0,145541401206,212965887
0,145541444406,210845151
0,145541487606,208989507
0,145541530806,207365818
0,145541574006,205945090
0,145541617206,204701953
0,145541660406,203614208
0,145541703606,202662432
0,145541746806,201829628
0,145541790006,201100924
0,145541949850,200463308
0,145544244248,200280394
0,145546538646,199995344
0,145548833044,199745926
0,145551127442,199652685
0,145553421840,199446099
0,145555716238,199265336
0,145558010636,199232169
0,145560305034,199203147
0,145562599432,199052753
0,145564893830,198921158
0,145567188228,198931013
0,145569482626,198814636
0,145571777024,198712806
0,145574071422,198748705
0,145576365820,198780116
0,145578660218,198682601
0,145580954616,198597275
0,145583249014,198647615
0,145585543412,198566663
0,145587837810,198495830
0,145590132208,198558851
0,145592426606,198488994
0,145594721004,198427869
0,145597015402,198499385
0,145599309800,198561961
0,145601604198,198491715
0,145603898596,198430250
0,145606192994,198501468
0,145608487392,198438784
0,145610781790,198383936
0,145613076188,198460944
0,145615370586,198403326
0,145617664984,198352910
0,145738620078,213183796
0,145738663278,211160821
0,145738706478,209390718
0,145738749678,207841878
0,145738792878,206486643
0,145738836078,205300812
0,145738879278,204263210
0,145738922478,203355308
0,145738965678,202560894
0,145739008878,201990782
0,145739052078,201491934
0,145740315921,201180442
0,145742610319,200782886
0,145744904717,200435025
0,145747199115,200255646
0,145749493513,199973690
0,145751787911,199726978
0,145754082309,199636105
0,145756376707,199431591
0,145758671105,199252642
0,145760965503,199096061
0,145763259901,199084053
0,145765554299,198948546
0,145767848697,198829977
0,145770143095,198851229
0,145772437493,198744825
0,145774731891,198651721
0,145777026289,198695255
0,145779320687,198733348
0,145781615085,198641679
0,145783909483,198561469
0,145786203881,198616285
0,145788498279,198539249
0,145790792677,198471842
0,145793087075,198537861
0,145795381473,198470628
0,145797675871,198411799
0,145799970269,198360324
0,145802264667,198440283
0,145804559065,198385247
0,145806853463,198337091
0,145809147861,198419954
0,145811442259,198367459
0,145813736657,198321526
0,145816031055,198406335
0,145936986149,198355543
0,145937029349,198436100
0,145937072549,198506587
0,145937115749,198568263
0,145937158949,198622230
0,145937202149,198669451
0,145937245349,198710769
0,145937288549,198746922
0,145937331749,198778556
0,145937374949,198681236
0,145937418149,198596081
0,145938681992,198521570
0,145940976390,198456373
0,145943270788,198524326
0,145945565186,198458785
0,145947859584,198401436
0,145950153982,198476256
0,145952448380,198416724
0,145954742778,198364633
0,145957037176,198444053
0,145959331574,198513546
0,145961625972,198449352
0,145963920370,198393183
0,145966214768,198469035
0,145968509166,198410405
0,145970803564,198359104
0,145973097962,198439216
0,145975392360,198384314
0,145977686758,198336274
0,145979981156,198294239
0,145982275554,198382459
0,145984569952,198334651
0,145986864350,198292819
0,145989158748,198381216
0,145991453146,198333564
0,145993747544,198291868
0,145996041942,198380384
0,145998336340,198457836
0,146000630738,198400606
0,146002925136,198350530
0,146005219534,198431713
0,146007513932,198377748
0,146009808330,198330529
0,146012102728,198414212
0,146014397126,198362435
0,146136499419,198567130
0,146136542619,198621238
0,146136585819,198668583
0,146136629019,198710010
0,146136672219,198746258
0,146136715419,198777975
0,146136758619,198805728
0,146136801819,198830012
0,146136845019,198851260
0,146136888219,198869852
0,146136931419,198886120
0,146137048063,198900355
0,146139342461,198912810
0,146141636859,198798708
0,146143931257,198698869
0,146146225655,198736510
0,146148520053,198644446
0,146150814451,198563890
0,146153108849,198618403
0,146155403247,198541102
0,146157697645,198473464
0,146159992043,198414281
0,146162286441,198487495
0,146164580839,198426558
0,146166875237,198373238
0,146169169635,198451583
0,146171464033,198395135
0,146173758431,198345743
0,146176052829,198427525
0,146178347227,198499084
0,146180641625,198436698
0,146182936023,198382110
0,146185230421,198709346
0,146187524819,198995677
0,146189819217,199121217
0,146192113615,199356064
0,146194408013,199561556
0,146196702411,199616361
0,146198996809,199664315
0,146201291207,199831275
0,146203585605,199977365
0,146205880003,199980194
0,146208174401,200107669
0,146210468799,200219210
0,146212763197,200191808
0,146334865490,215167832
0,146334908690,213021853
0,146334951890,211144121
0,146334995090,209501105
0,146335038290,208188466
0,146335081490,207039907
0,146335124690,206034918
0,146335167890,205155553
0,146335211090,204386108
0,146335254290,203712844
0,146335297490,203123738
0,146335414134,202608270
0,146337708532,202282236
0,146340002930,202121956
0,146342297328,201981711
0,146344591726,201858997
0,146346886124,201626622
0,146349180522,201548294
0,146351474920,201479757
0,146353769318,201294787
0,146356063716,201257938
0,146358358114,201225695
0,146360652512,201197483
0,146362946910,201047797
0,146365241308,201041822
0,146367535706,201036594
0,146369830104,200907019
0,146372124502,200918641
0,146374418900,200928810
0,146376713298,200812708
0,146379007696,200836119
0,146381302094,200856604
0,146383596492,200874528
0,146385890890,200765212
0,146388185288,200794560
0,146390479686,200820240
0,146392774084,200717710
0,146395068482,200752996
0,146397362880,200783871
0,146399657278,200810887
0,146401951676,200709526
0,146404246074,200745835
0,146406540472,200777605
0,146408834870,200680404
0,146411129268,200720353
0,146534378760,215880308
0,146534421960,213895269
0,146534465160,212158360
0,146534508360,210638565
0,146534551560,209308744
0,146534594760,208020151
0,146534637960,206892632
0,146534681160,205906053
0,146534724360,205042796
0,146534767560,204287446
0,146534810760,203626515
0,146534853960,203048200
0,146536074603,202792175
0,146538369001,202568153
0,146540663399,202247133
0,146542957797,201966241
0,146545252195,201845460
0,146547546593,201739777
0,146549840991,201522304
0,146552135389,201457016
0,146554429787,201399889
0,146556724185,201224902
0,146559018583,201196789
0,146561312981,201172190
0,146563607379,201150666
0,146565901777,201006832
0,146568196175,201005978
0,146570490573,201005230
0,146572784971,200879576
0,146575079369,200894629
0,146577373767,200907800
0,146579668165,200794325
0,146581962563,200695034
0,146584256961,200733154
0,146586551359,200766509
0,146588845757,200670695
0,146591140155,200711858
0,146593434553,200747875
0,146595728951,200654390
0,146598023349,200697591
0,146600317747,200735392
0,146602612145,200768468
0,146604906543,200672409
0,146607200941,200713357
0,146609495339,200749187
0,146611789737,200655538
0,146735039229,200698595
0,146735082429,200736270
0,146735125629,200769236
0,146735168829,200798081
0,146735212029,200823320
0,146735255229,200845405
0,146735298429,200864729
0,146735341629,200881637
0,146735384829,200896432
0,146735428029,200909378
0,146735471229,200920705
0,146735514429,200930616
0,146736735072,200814289
0,146739029470,200837502
0,146741323868,200857814
0,146743618266,200875587
0,146745912664,200766138
0,146748207062,200795370
0,146750501460,200820948
0,146752795858,200718329
0,146755090256,200753537
0,146757384654,200784344
0,146759679052,200686301
0,146761973450,200600513
0,146764267848,200650448
0,146766562246,200694142
0,146768856644,200607374
0,146771151042,200656452
0,146773445440,200699395
0,146775739838,200611970
0,146778034236,200660473
0,146780328634,200702913
0,146782623032,200740048
0,146784917430,200647542
0,146787211828,200691599
0,146789506226,200730149
0,146791800624,200638880
0,146794095022,200684020
0,146796389420,200723517
0,146798683818,200633077
0,146800978216,200553942
0,146803272614,200609699
0,146805567012,200658486
0,146807861410,200576175
0,146810155808,200629153
0,146812450206,200675508
0,146936846897,200716069
0,146936890097,200751560
0,146936933297,200782615
0,146936976497,200809788
0,146937019697,200958564
0,146937062897,201088743
0,146937106097,201202650
0,146937149297,201302318
0,146937192497,201389528
0,146937235697,201465837
0,146937278897,201532607
0,146937322097,201591031
0,146937395541,201517152
0,146939689939,201327508
0,146941984337,201161569
0,146944278735,201141372
0,146946573133,201123700
0,146948867531,200983237
0,146951161929,200985332
0,146953456327,200987165
0,146955750725,200863769
0,146958045123,200880797
0,146960339521,200895697
0,146962633919,200908734
0,146964928317,200795142
0,146967222715,200820749
0,146969517113,200843155
0,146971811511,200737760
0,146974105909,200770540
0,146976400307,200799222
0,146978694705,200699319
0,146980989103,200611904
0,146983283501,200660416
0,146985577899,200702864
0,146987872297,200615006
0,146990166695,200663130
0,146992461093,200705238
0,146994755491,200617083
0,146997049889,200664947
0,146999344287,200706828
0,147001638685,200743474
0,147003933083,201025539
0,147006227481,201272346
0,147008521879,201488302
0,147010816277,201677264
0,147013110675,201842606
0,147137507366,217237280
0,147137550566,215207620
0,147137593766,213431667
0,147137636966,211877708
0,147137680166,210517994
0,147137723366,209203244
0,147137766566,208052838
0,147137809766,207046233
0,147137852966,206165453
0,147137896166,205394771
0,147137939366,204720424
0,147137982566,204130371
0,147138056010,203739074
0,147140350408,203646689
0,147142644806,203565852
0,147144939204,203495120
0,147147233602,203433230
0,147149528000,203379076
0,147151822398,203331691
0,147154116796,203290229
0,147156411194,203253950
0,147158705592,203222206
0,147160999990,203069430
0,147163294388,203060751
0,147165588786,203053157
0,147167883184,203046512
0,147170177582,203040698
0,147172471980,203035610
0,147174766378,203031158
0,147177060776,203027263
0,147179355174,203023855
0,147181649572,203020873
0,147183943970,203018263
0,147186238368,203015980
0,147188532766,203013982
0,147190827164,203012234
0,147193121562,203010704
0,147195415960,203009366
0,147197710358,203008195
0,147200004756,203007170
0,147202299154,203006273
0,147204593552,203005488
0,147206887950,203004802
0,147209182348,203004201
0,147211476746,203003675
0,147213771144,203003215
0,147338167835,218252813
0,147338211035,216096211
0,147338254235,214209184
0,147338297435,212558036
0,147338340635,211113281
0,147338383835,209849120
0,147338427035,208742980
0,147338470235,207775107
0,147338513435,206928218
0,147338556635,206187190
0,147338599835,205538791
0,147338643035,204971442
0,147338716479,204475011
0,147341010877,204290634
0,147343305275,204129304
0,147345599673,203988141
0,147347894071,203864623
0,147350188469,203756545
0,147352482867,203661976
0,147354777265,203579229
0,147357071663,203506825
0,147359366061,203443471
0,147361660459,203388037
0,147363954857,203339532
0,147366249255,203297090
0,147368543653,203259953
0,147370838051,203227458
0,147373132449,203199025
0,147375426847,203174146
0,147377721245,203152377
0,147380015643,203133329
0,147382310041,203116662
0,147384604439,203102079
0,147386898837,203089319
0,147389193235,203078154
0,147391487633,203068384
0,147393782031,203059836
0,147396076429,203052356
0,147398370827,203045811
0,147400665225,203040084
0,147402959623,202910073
0,147405254021,202921313
0,147407548419,202931148
0,147409842817,202939754
0,147412137215,202947284
0,147414431613,202953873
0,147539975503,218334638
0,147540018703,216292808
0,147540061903,214506207
0,147540105103,212942931
0,147540148303,211575064
0,147540191503,210378181
0,147540234703,209330908
0,147540277903,208414544
0,147540321103,207612726
0,147540364303,206911135
0,147540407503,206297243
0,147540450703,205760087
0,147540493903,205290076
0,147541671346,205003816
0,147543965744,204628339
0,147546260142,204424796
0,147548554540,204246696
0,147550848938,204090859
0,147553143336,203954501
0,147555437734,203835188
0,147557732132,203730789
0,147560026530,203639440
0,147562320928,203559510
0,147564615326,203489571
0,147566909724,203428374
0,147569204122,203374827
0,147571498520,203327973
0,147573792918,203286976
0,147576087316,203251104
0,147578381714,203219716
0,147580676112,203192251
0,147582970510,203043219
0,147585264908,203037816
0,147587559306,203033089
0,147589853704,203028952
0,147592148102,203025333
0,147594442500,203022166
0,147596736898,203019395
0,147599031296,203016970
0,147601325694,203014848
0,147603620092,203012992
0,147605914490,203011368
0,147608208888,203009947
0,147610503286,203008703
0,147612797684,203007615
0,147615092082,203006663
0,147617386480,203005830
0,147742930370,203005101
0,147742973570,202879463
0,147743016770,202894530
0,147743059970,202907713
0,147743103170,202919248
0,147743146370,202929342
0,147743189570,202938174
0,147743232770,202945902
0,147743275970,202952664
0,147743319170,202958581
0,147743362370,202963758
0,147743405570,202968288
0,147743448770,202972252
0,147744626213,202975720
0,147746920611,202978755
0,147749215009,202981410
0,147751509407,202983733
0,147753803805,202985766
0,147756098203,202987545
0,147758392601,202989101
0,147760686999,202990463
0,147762981397,202866655
0,147765275795,202883323
0,147767570193,202897907
0,147769864591,202910668
0,147772158989,202921834
0,147774453387,202931604
0,147776747785,202940153
0,147779042183,202947633
0,147781336581,202954178
0,147783630979,202959905
0,147785925377,202964916
0,147788219775,202969301
0,147790514173,202973138
0,147792808571,202976495
0,147795102969,202979433
0,147797397367,202982003
0,147799691765,202984252
0,147801986163,202861220
0,147804280561,202878567
0,147806574959,202893746
0,147808869357,202907027
0,147811163755,202918648
0,147813458153,202928817
0,147815752551,202937714
0,147818046949,202945499
0,147820341347,202952311
0,147947032436,203208272
0,147947075636,203432238
0,147947118836,203503208
0,147947162036,203565307
0,147947205236,203619643
0,147947248436,203667187
0,147947291636,203708788
0,147947334836,203745189
0,147947378036,203777040
0,147947421236,203804910
0,147947464436,203829296
0,147947507636,203850634
0,147947550836,203869304
0,147947594036,203885641
0,147949875478,204024935
0,147952169876,204271818
0,147954464274,204362840
0,147956758672,204442485
0,147959053070,204637174
0,147961347468,204682527
0,147963641866,204722211
0,147965936264,204756934
0,147968230662,204912317
0,147970525060,204923277
0,147972819458,204932867
0,147975113856,205066258
0,147977408254,205057975
0,147979702652,205050728
0,147981997050,205044387
0,147984291448,205038838
0,147986585846,205033983
0,147988880244,205029735
0,147991174642,205151018
0,147993469040,205132140
0,147995763438,205115622
0,147998057836,205226169
0,148000352234,205197897
0,148002646632,205173159
0,148004941030,205151514
0,148007235428,205257574
0,148009529826,205225377
0,148011824224,205197204
0,148014118622,205297553
0,148016413020,205260358
0,148018707418,205227813
0,148021001816,205324336
0,148023296214,205283794
0,148149987303,220748319
0,148150030503,218529779
0,148150073703,216588556
0,148150116903,214889986
0,148150160103,213403737
0,148150203303,212103269
0,148150246503,210965360
0,148150289703,209969690
0,148150332903,209098478
0,148150376103,208336168
0,148150419303,207669147
0,148150462503,207085503
0,148150505703,206574815
0,148150548903,206127963
0,148152830345,205986967
0,148155124743,205988596
0,148157419141,205865021
0,148159713539,205756893
0,148162007937,205787281
0,148164302335,205688870
0,148166596733,205602761
0,148168891131,205527415
0,148171185529,205586488
0,148173479927,205513177
0,148175774325,205449029
0,148178068723,205517900
0,148180363121,205453162
0,148182657519,205396516
0,148184951917,205346951
0,148187246315,205428582
0,148189540713,205375009
0,148191835111,205328132
0,148194129509,205412115
0,148196423907,205360600
0,148198718305,205315525
0,148201012703,205401084
0,148203307101,205350948
0,148205601499,205307079
0,148207895897,205268694
0,148210190295,205360107
0,148212484693,205315093
0,148214779091,205275706
0,148217073489,205366242
0,148219367887,205320461
0,148221662285,205280403
0,148223956683,205245352
0,148226251081,205214683
0,148354089369,220937847
0,148354132569,218945616
0,148354175769,217077414
0,148354218969,215442737
0,148354262169,214012394
0,148354305369,212760844
0,148354348569,211665738
0,148354391769,210707520
0,148354434969,209869080
0,148354478169,209135445
0,148354521369,208493514
0,148354564569,207931824
0,148354607769,207440346
0,148354650969,207010302
0,148355785212,206759014
0,148358079610,206664137
0,148360374008,206456119
0,148362668406,206274104
0,148364962804,206114841
0,148367257202,205975485
0,148369551600,205853549
0,148371845998,205746855
0,148374140396,205778498
0,148376434794,205681185
0,148378729192,205596036
0,148381023590,205646531
0,148383317988,205565714
0,148385612386,205494999
0,148387906784,205433124
0,148390201182,205503983
0,148392495580,205440985
0,148394789978,205385861
0,148397084376,205462628
0,148399378774,205404799
0,148401673172,205354199
0,148403967570,205309924
0,148406261968,205271183
0,148408556366,205237285
0,148410850764,205207624
0,148413145162,205306671
0,148415439560,205268337
0,148417733958,205234794
0,148420028356,205330444
0,148422322754,205289138
0,148424617152,205252995
0,148426911550,205221370
0,148429205948,205318698
0,148431500346,205278860
0,148559338634,205244002
0,148559381834,205213501
0,148559425034,205186813
0,148559468234,205163461
0,148559511434,205143028
0,148559554634,205125149
0,148559597834,205109505
0,148559641034,205095816
0,148559684234,205083839
0,148559727434,205073359
0,148559770634,205064189
0,148559813834,205056165
0,148559857034,205049144
0,148559900234,205043001
0,148561034477,205162625
0,148563328875,205142296
0,148565623273,205124509
0,148567917671,205108945
0,148570212069,205220326
0,148572506467,205192785
0,148574800865,205168686
0,148577095263,205272600
0,148579389661,205238525
0,148581684059,205208709
0,148583978457,205182620
0,148586272855,205159792
0,148588567253,205139818
0,148590861651,205122340
0,148593156049,205232047
0,148595450447,205203041
0,148597744845,205177660
0,148600039243,205280452
0,148602333641,205245395
0,148604628039,205214720
0,148606922437,205187880
0,148609216835,205289395
0,148611511233,205253220
0,148613805631,205221567
0,148616100029,205318871
0,148618394427,205279012
0,148620688825,205244135
0,148622983223,205213618
0,148625277621,205186915
0,148627572019,205163550
0,148629866417,205143106
0,148632160815,205250217
0,148634455213,205218939
0,148636749611,205191571
0,148765735098,205292624
0,148765778298,205381046
0,148765821498,205458415
0,148765864698,205526113
0,148765907898,205585348
0,148765951098,205637179
0,148765994298,205682531
0,148766037498,205847214
0,148766080698,205991312
0,148766123898,206117398
0,148766167098,206227723
0,148766210298,206324257
0,148766253498,206408724
0,148766296698,206482633
0,148766339898,206297303
0,148768578140,206385140
0,148770872538,206461997
0,148773166936,206654247
0,148775461334,206822466
0,148777755732,206844657
0,148780050130,206989074
0,148782344528,207115439
0,148784638926,207101009
0,148786933324,207088382
0,148789227722,207202334
0,148791522120,207302042
0,148793816518,207264286
0,148796110916,207356250
0,148798405314,207436718
0,148800699712,207382128
0,148802994110,207334362
0,148805288508,207417566
0,148807582906,207365370
0,148809877304,207319698
0,148812171702,207404735
0,148814466100,207479143
0,148816760498,207419250
0,148819054896,207491843
0,148821349294,207555362
0,148823643692,207485941
0,148825938090,207425198
0,148828232488,207497048
0,148830526886,207559917
0,148832821284,207489927
0,148835115682,207553686
0,148837410080,207609475
0,148839704478,207533290
0,148841998876,207466628
0,148970984363,223283299
0,148971027563,221122886
0,148971070763,219232525
0,148971113963,217578459
0,148971157163,216131151
0,148971200363,214864757
0,148971243563,213756662
0,148971286763,212787079
0,148971329963,211813694
0,148971373163,210961982
0,148971416363,210216734
0,148971459563,209564642
0,148971502763,208994061
0,148971545963,208494803
0,148971589163,208057952
0,148973827405,207925708
0,148976121803,207934994
0,148978416201,207943119
0,148980710599,207825229
0,148983004997,207847075
0,148985299395,207866190
0,148987593793,207757916
0,148989888191,207663176
0,148992182589,207705279
0,148994476987,207742119
0,148996771385,207649354
0,148999065783,207693184
0,149001360181,207731536
0,149003654579,207640094
0,149005948977,207560082
0,149008243375,207615071
0,149010537773,207663187
0,149012832171,207580288
0,149015126569,207632752
0,149017420967,207678658
0,149019715365,207593825
0,149022009763,207644596
0,149024304161,207689021
0,149026598559,207602893
0,149028892957,207527531
0,149031187355,207586589
0,149033481753,207638265
0,149035776151,207558481
0,149038070549,207613670
0,149040364947,207661961
0,149042659345,207579215
0,149044953743,207506813
0,149047248141,207568461
0,149177380827,223622403
0,149177424027,221544602
0,149177467227,219601526
0,149177510427,217901335
0,149177553627,216413668
0,149177596827,215111959
0,149177640027,213972964
0,149177683227,212976343
0,149177726427,212104300
0,149177769627,211341262
0,149177812827,210673604
0,149177856027,210089403
0,149177899227,209578227
0,149177942427,209130948
0,149177985627,208739579
0,149179076670,208647131
0,149181371068,208566239
0,149183665466,208370459
0,149185959864,208199151
0,149188254262,208174257
0,149190548660,208027474
0,149192843058,207899039
0,149195137456,207911659
0,149197431854,207922701
0,149199726252,207807363
0,149202020650,207831442
0,149204315048,207852511
0,149206609446,207745947
0,149208903844,207652703
0,149211198242,207696115
0,149213492640,207734100
0,149215787038,207642337
0,149218081436,207687044
0,149220375834,207726163
0,149222670232,207635392
0,149224964630,207555968
0,149227259028,207611472
0,149229553426,207535038
0,149231847824,207468158
0,149234142222,207534638
0,149236436620,207592808
0,149238731018,207518707
0,149241025416,207578868
0,149243319814,207631509
0,149245614212,207552570
0,149247908610,207483498
0,149250203008,207548060
0,149252497406,207604552
0,149254791804,207528983
0,149384924490,207462860
0,149384967690,207405002
0,149385010890,207479376
0,149385054090,207544454
0,149385097290,207601397
0,149385140490,207651222
0,149385183690,207694819
0,149385226890,207732966
0,149385270090,207766345
0,149385313290,207795551
0,149385356490,207821107
0,149385399690,207843468
0,149385442890,207863034
0,149385486090,207880154
0,149385529290,207895134
0,149386620333,207783242
0,149388914731,207685336
0,149391209129,207724669
0,149393503527,207759085
0,149395797925,207664199
0,149398092323,207706174
0,149400386721,207742902
0,149402681119,207650039
0,149404975517,207568784
0,149407269915,207622686
0,149409564313,207544850
0,149411858711,207476743
0,149414153109,207542150
0,149416447507,207599381
0,149418741905,207524458
0,149421036303,207583900
0,149423330701,207635912
0,149425625099,207556423
0,149427919497,207486870
0,149430213895,207551011
0,149432508293,207607134
0,149434802691,207531242
0,149437097089,207589836
0,149439391487,207641106
0,149441685885,207560967
0,149443980283,207490846
0,149446274681,207554490
0,149448569079,207485178
0,149450863477,207424530
0,149453157875,207496463
0,149455452273,207559405
0,149457746671,207489479
0,149460041069,207553294
0,149462335467,207609132
0,149593615352,207782990
0,149593658552,207935116
0,149593701752,207943226
0,149593744952,207950322
0,149593788152,207956531
0,149593831352,207961964
0,149593874552,207966718
0,149593917752,207970878
0,149593960952,207974518
0,149594004152,208102703
0,149594047352,208214865
0,149594090552,208313006
0,149594133752,208398880
0,149594176952,208474020
0,149594220152,208539767
0,149594263352,208472296
0,149596458394,208413259
0,149598752792,208236601
0,149601047190,208207025
0,149603341588,208181146
0,149605635986,208033502
0,149607930384,207904314
0,149610224782,207916274
0,149612519180,208176739
0,149614813578,208404646
0,149617107976,208604065
0,149619402374,208778556
0,149621696772,208931236
0,149623991170,208939831
0,149626285568,209072352
0,149628579966,209188308
0,149630874364,209164769
0,149633168762,209269172
0,149635463160,209360525
0,149637757558,209440459
0,149640051956,209510401
0,149642346354,209571600
0,149644640752,209625150
0,149646935150,209547006
0,149649229548,209603630
0,149651523946,209653176
0,149653818344,209696529
0,149656112742,209734462
0,149658407140,209767654
0,149660701538,209796697
0,149662995936,209697109
0,149665290334,209734970
0,149667584732,209768098
0,149669879130,209672085
0,149801159015,225838074
0,149801202215,223608314
0,149801245415,221657274
0,149801288615,219950114
0,149801331815,218456349
0,149801375015,217149305
0,149801418215,216005641
0,149801461415,215004935
0,149801504615,214129318
0,149801547815,213363153
0,149801591015,212567758
0,149801634215,211871788
0,149801677415,211262814
0,149801720615,210729962
0,149801763815,210263716
0,149801807015,209855751
0,149804002057,209873782
0,149806296455,209889559
0,149808590853,209903364
0,149810885251,209790443
0,149813179649,209816637
0,149815474047,209839557
0,149817768445,209859612
0,149820062843,209877160
0,149822357241,209892515
0,149824651639,209905950
0,149826946037,209792706
0,149829240435,209818617
0,149831534833,209841289
0,149833829231,209861127
0,149836123629,209878486
0,149838418027,209893675
0,149840712425,209906965
0,149843006823,209918594
0,149845301221,209928769
0,149847595619,209937672
0,149849890017,209820463
0,149852184415,209842905
0,149854478813,209862541
0,149856773211,209879723
0,149859067609,209894757
0,149861362007,209907912
0,149863656405,209919423
0,149865950803,209804495
0,149868245201,209828933
0,149870539599,209850316
0,149872833997,209869026
0,149875128395,209885397
0,149877422793,209899722
0,150009849877,226162256
0,150009893077,223891974
0,150009936277,221905477
0,150009979477,220167292
0,150010022677,218771380
0,150010065877,217549957
0,150010109077,216481212
0,150010152277,215546060
0,150010195477,214727802
0,150010238677,214011826
0,150010281877,213385347
0,150010325077,212837178
0,150010368277,212357530
0,150010411477,211937838
0,150010454677,211570608
0,150010497877,211249282
0,150011545720,211093121
0,150013840118,210831480
0,150016134516,210727545
0,150018428914,210636601
0,150020723312,210557025
0,150023017710,210487396
0,150025312108,210426471
0,150027606506,210373162
0,150029900904,210201516
0,150032195302,210176326
0,150034489700,210154285
0,150036784098,210134999
0,150039078496,210118124
0,150041372894,210103358
0,150043667292,210090438
0,150045961690,209954133
0,150048256088,209959866
0,150050550486,209964882
0,150052844884,209844271
0,150055139282,209863737
0,150057433680,209880769
0,150059728078,209895672
0,150062022476,209908713
0,150064316874,209920123
0,150066611272,209930107
0,150068905670,209813843
0,150071200068,209837112
0,150073494466,209857473
0,150075788864,209875288
0,150078083262,209890877
0,150080377660,209904517
0,150082672058,209916452
0,150084966456,209801895
0,150087260854,209826658
0,150219687938,209848325
0,150219731138,209867284
0,150219774338,209883873
0,150219817538,209898388
0,150219860738,209786089
0,150219903938,209687827
0,150219947138,209601848
0,150219990338,209526617
0,150220033538,209585789
0,150220076738,209637565
0,150220119938,209682869
0,150220163138,209722510
0,150220206338,209757196
0,150220249538,209787546
0,150220292738,209814102
0,150220335938,209837339
0,150221383781,209857671
0,150223678179,209875462
0,150225972577,209766029
0,150228266975,209795275
0,150230561373,209820865
0,150232855771,209718256
0,150235150169,209753474
0,150237444567,209784289
0,150239738965,209811252
0,150242033363,209834845
0,150244327761,209855489
0,150246622159,209873552
0,150248916557,209764358
0,150251210955,209793813
0,150253505353,209819586
0,150255799751,209842137
0,150258094149,209861869
0,150260388547,209879135
0,150262682945,209894243
0,150264977343,209782462
0,150267271741,209809654
0,150269566139,209833447
0,150271860537,209729266
0,150274154935,209763107
0,150276449333,209792718
0,150278743731,209818628
0,150281038129,209841299
0,150283332527,209861136
0,150285626925,209878494
0,150287921323,209768682
0,150290215721,209797596
0,150292510119,209822896
0,150294804517,209845034
0,150297098915,209864404
0,150430673198,210006353
0,150430716398,210130558
0,150430759598,210239238
0,150430802798,210334333
0,150430845998,210417541
0,150430889198,210490348
0,150430932398,210554054
0,150430975598,210609797
0,150431018798,210658572
0,150431061998,210701250
0,150431105198,210738593
0,150431148398,210771268
0,150431191598,210799859
0,150431234798,210824876
0,150431277998,210846766
0,150431321198,210865920
0,150431364398,210757680
0,150433516240,210662970
0,150435810638,210580098
0,150438105036,210507585
0,150440399434,210444136
0,150442693832,210388619
0,150444988230,210215041
0,150447282628,210188160
0,150449577026,210164640
0,150451871424,210019060
0,150454165822,210016677
0,150456460220,210014592
0,150458754618,210012768
0,150461049016,210011172
0,150463343414,210009775
0,150465637812,210008553
0,150467932210,209882483
0,150470226608,209897172
0,150472521006,209910025
0,150474815404,209921271
0,150477109802,209931112
0,150479404200,209939723
0,150481698598,210197257
0,150483992996,210422599
0,150486287394,210619774
0,150488581792,210792302
0,150490876190,210943264
0,150493170588,211075356
0,150495464986,211190936
0,150497759384,211292069
0,150500053782,211505560
0,150502348180,211567365
0,150504642578,211621444
0,150506936976,211668763
0,150640511259,228085167
0,150640554459,225824521
0,150640597659,223846455
0,150640640859,222115648
0,150640684059,220601192
0,150640727259,219276043
0,150640770459,218116537
0,150640813659,217101969
0,150640856859,216214222
0,150640900059,215312444
0,150640943259,214523388
0,150640986459,213832964
0,150641029659,213353843
0,150641072859,212934612
0,150641116059,212567785
0,150641159259,212246811
0,150641202459,211965959
0,150643354301,211970214
0,150645648699,211973937
0,150647943097,211977194
0,150650237495,211980044
0,150652531893,211982538
0,150654826291,211984720
0,150657120689,212111630
0,150659415087,212097676
0,150661709485,212085466
0,150664003883,212199782
0,150666298281,212174809
0,150668592679,212152957
0,150670887077,212133837
0,150673181475,212117107
0,150675475873,212102468
0,150677770271,212089659
0,150680064669,212203451
0,150682359067,212178019
0,150684653465,212155766
0,150686947863,212136295
0,150689242261,212119258
0,150691536659,212104350
0,150693831057,212091306
0,150696125455,212204892
0,150698419853,212179280
0,150700714251,212156870
0,150703008649,212262261
0,150705303047,212229478
0,150707597445,212200793
0,150709891843,212175693
0,150712186241,212153731
0,150714480639,212134514
0,150716775037,212117699
0,150851496519,228727986
0,150851539719,226511987
0,150851582919,224572988
0,150851626119,222876364
0,150851669319,221391818
0,150851712519,220092840
0,150851755719,218956235
0,150851798919,217961705
0,150851842119,217091491
0,150851885319,216330054
0,150851928519,215663797
0,150851971719,215080822
0,150852014919,214695719
0,150852058119,214233754
0,150852101319,213829534
0,150852144519,213475842
0,150852187719,213166361
0,150853192362,213020565
0,150855486760,212892994
0,150857781158,212781369
0,150860075556,212808697
0,150862369954,212707609
0,150864664352,212619157
0,150866958750,212541762
0,150869253148,212474041
0,150871547546,212414785
0,150873841944,212362936
0,150876136342,212317569
0,150878430740,212277872
0,150880725138,212243138
0,150883019536,212337745
0,150885313934,212295526
0,150887608332,212258585
0,150889902730,212226261
0,150892197128,212197978
0,150894491526,212173230
0,150896785924,212151576
0,150899080322,212257629
0,150901374720,212225425
0,150903669118,212197246
0,150905963516,212172590
0,150908257914,212151016
0,150910552312,212132139
0,150912846710,212115621
0,150915141108,212101168
0,150917435506,212088522
0,150919729904,212077456
0,150922024302,212192774
0,150924318700,212168677
0,150926613098,212147592
0,150928907496,212129143
0,151063628978,212113000
0,151063672178,212098875
0,151063715378,212086515
0,151063758578,212075700
0,151063801778,212066237
0,151063844978,212057957
0,151063888178,212050712
0,151063931378,212044373
0,151063974578,212038826
0,151064017778,212158972
0,151064060978,212264100
0,151064104178,212356087
0,151064147378,212311576
0,151064190578,212272629
0,151064233778,212238550
0,151064276978,212208731
0,151064320178,212182639
0,151065324821,212159809
0,151067619219,212139832
0,151069913617,212122353
0,151072208015,212107058
0,151074502413,212093675
0,151076796811,212081965
0,151079091209,212196719
0,151081385607,212172129
0,151083680005,212150612
0,151085974403,212131785
0,151088268801,212115311
0,151090563199,212100897
0,151092857597,212088284
0,151095151995,212077248
0,151097446393,212067592
0,151099740791,212059143
0,151102035189,212176750
0,151104329587,212154656
0,151106623985,212135324
0,151108918383,212118408
0,151111212781,212103607
0,151113507179,212090656
0,151115801577,212079324
0,151118095975,212194408
0,151120390373,212170107
0,151122684771,212148843
0,151124979169,212130237
0,151127273567,212113957
0,151129567965,212099712
0,151131862363,212087248
0,151134156761,212076342
0,151136451159,212066799
0,151138745557,212058449
0,151141039955,212176142
0,151276908636,212279124
0,151276951836,212369233
0,151276995036,212448078
0,151277038236,212642068
0,151277081436,212811809
0,151277124636,212960332
0,151277167836,213090290
0,151277211036,213204003
0,151277254236,213303502
0,151277297436,213265564
0,151277340636,213232368
0,151277383836,213203322
0,151277427036,213177906
0,151277470236,213155667
0,151277513436,213136208
0,151277556636,213119182
0,151277599836,213104284
0,151277643036,212966248
0,151279751678,212845467
0,151282046076,212864783
0,151284340474,212756685
0,151286634872,212662099
0,151288929270,212579336
0,151291223668,212506919
0,151293518066,212443554
0,151295812464,212388109
0,151298106862,212464595
0,151300401260,212406520
0,151302695658,212355705
0,151304990056,212311241
0,151307284454,212272335
0,151309578852,212238293
0,151311873250,212208506
0,151314167648,212182442
0,151316462046,212159636
0,151318756444,212139681
0,151321050842,212247220
0,151323345240,212216317
0,151325639638,212189277
0,151327934036,212165617
0,151330228434,212144914
0,151332522832,212126799
0,151334817230,212110949
0,151337111628,212222080
0,151339406026,212194320
0,151341700424,212170030
0,151343994822,212148776
0,151346289220,212130179
0,151348583618,212113906
0,151350878016,212349667
0,151353172414,212680958
0,151489041095,229595838
0,151489084295,227521358
0,151489127495,225706188
0,151489170695,224117914
0,151489213895,222603174
0,151489257095,221277777
0,151489300295,220118054
0,151489343495,219103297
0,151489386695,218215384
0,151489429895,217438461
0,151489473095,216758653
0,151489516295,216163821
0,151489559495,215643343
0,151489602695,215187925
0,151489645895,214789434
0,151489689095,214440754
0,151489732295,214135659
0,151489775495,213868701
0,151491884137,213885113
0,151494178535,214024473
0,151496472933,214021413
0,151498767331,214018736
0,151501061729,214141394
0,151503356127,214248719
0,151505650525,214217629
0,151507944923,214190425
0,151510239321,214291621
0,151512533719,214255168
0,151514828117,214223272
0,151517122515,214320363
0,151519416913,214405317
0,151521711311,214354652
0,151524005709,214435320
0,151526300107,214505905
0,151528594505,214442666
0,151530888903,214387332
0,151533183301,214463915
0,151535477699,214405925
0,151537772097,214355184
0,151540066495,214435786
0,151542360893,214506312
0,151544655291,214443023
0,151546949689,214387645
0,151549244087,214464189
0,151551538485,214406165
0,151553832883,214355394
0,151556127281,214435969
0,151558421679,214506472
0,151560716077,214443163
0,151563010475,214512767
0,151565304873,214573671
0,151701173554,231251962
0,151701216754,228845466
0,151701259954,226739782
0,151701303154,224897309
0,151701346354,223285145
0,151701389554,221874501
0,151701432754,220640188
0,151701475954,219560164
0,151701519154,218615143
0,151701562354,217788250
0,151701605554,217064718
0,151701648754,216431628
0,151701691954,215877674
0,151701735154,215392964
0,151701778354,214968843
0,151701821554,214597737
0,151701864754,214273019
0,151701907954,213988891
0,151704016596,214115279
0,151706310994,214225869
0,151708605392,214197635
0,151710899790,214172930
0,151713194188,214276313
0,151715488586,214241773
0,151717782984,214211551
0,151720077382,214310107
0,151722371780,214396343
0,151724666178,214346800
0,151726960576,214303450
0,151729254974,214390518
0,151731549372,214341703
0,151733843770,214298990
0,151736138168,214386616
0,151738432566,214338289
0,151740726964,214296002
0,151743021362,214384001
0,151745315760,214461000
0,151747610158,214403375
0,151749904556,214352953
0,151752198954,214433833
0,151754493352,214379603
0,151756787750,214332152
0,151759082148,214415633
0,151761376546,214488678
0,151763670944,214427593
0,151765965342,214374143
0,151768259740,214452375
0,151770554138,214395828
0,151772848536,214346349
0,151775142934,214428055
0,151777437332,214374548
0,151914453212,231202729
0,151914496412,228927387
0,151914539612,226936463
0,151914582812,225194405
0,151914626012,223670104
0,151914669212,222336341
0,151914712412,221169298
0,151914755612,220148135
0,151914798812,219254618
0,151914842012,218472790
0,151914885212,217788691
0,151914928412,217190104
0,151914971612,216666341
0,151915014812,216333048
0,151915058012,216041417
0,151915101212,215786239
0,151915144412,215562959
0,151915187612,215367589
0,151916149055,215321640
0,151918443453,215156435
0,151920737851,215011880
0,151923032249,215010395
0,151925326647,215009095
0,151927621045,214882958
0,151929915443,214772588
0,151932209841,214801014
0,151934504239,214700887
0,151936798637,214613276
0,151939093035,214661616
0,151941387433,214703914
0,151943681831,214615924
0,151945976229,214538933
0,151948270627,214596566
0,151950565025,214521995
0,151952859423,214456745
0,151955153821,214524651
0,151957448219,214459069
0,151959742617,214401685
0,151962037015,214476474
0,151964331413,214541914
0,151966625811,214474174
0,151968920209,214414902
0,151971214607,214488039
0,151973509005,214427034
0,151975803403,214373654
0,151978097801,214451947
0,151980392199,214520453
0,151982686597,214455396
0,151984980995,214398471
0,151987275393,214473662
0,151989569791,214414454
0,151991864189,214362647
0,152128880069,214317316
0,152128923269,214277651
0,152128966469,214242944
0,152129009669,214337576
0,152129052869,214420379
0,152129096069,214492831
0,152129139269,214556227
0,152129182469,214611698
0,152129225669,214660235
0,152129268869,214702705
0,152129312069,214739866
0,152129355269,214772382
0,152129398469,214800834
0,152129441669,214700729
0,152129484869,214613137
0,152129528069,214536494
0,152129571269,214469432
0,152129614469,214410753
0,152130575912,214359408
0,152132870310,214314482
0,152135164708,214400171
0,152137459106,214350149
0,152139753504,214306380
0,152142047902,214393082
0,152144342300,214468946
0,152146636698,214410327
0,152148931096,214359036
0,152151225494,214439156
0,152153519892,214384261
0,152155814290,214336228
0,152158108688,214419199
0,152160403086,214491799
0,152162697484,214430324
0,152164991882,214376533
0,152167286280,214454466
0,152169580678,214397657
0,152171875076,214347949
0,152174169474,214429455
0,152176463872,214375773
0,152178758270,214328801
0,152181052668,214412700
0,152183347066,214486112
0,152185641464,214425348
0,152187935862,214372179
0,152190230260,214450656
0,152192524658,214394324
0,152194819056,214345033
0,152197113454,214426903
0,152199407852,214498540
0,152201702250,214436222
0,152203996648,214381694
0,152206291046,214458982
0,152344454125,214651609
0,152344497325,214820157
0,152344540525,214967637
0,152344583725,214971682
0,152344626925,214975221
0,152344670125,214978318
0,152344713325,214981028
0,152344756525,214983399
0,152344799725,214985474
0,152344842925,214987289
0,152344886125,214988877
0,152344929325,214990267
0,152344972525,214991483
0,152345015725,215117547
0,152345058925,215227853
0,152345102125,215324371
0,152345145325,215408824
0,152345188525,215482721
0,152345231725,215547380
0,152347297167,215728957
0,152349591565,215887837
0,152351885963,215901857
0,152354180361,216039124
0,152356474759,216159233
0,152358769157,216139328
0,152361063555,216246912
0,152363357953,216341048
0,152365652351,216423417
0,152367946749,216370489
0,152370241147,216449177
0,152372535545,216518029
0,152374829943,216453275
0,152377124341,216521615
0,152379418739,216581413
0,152381713137,216633736
0,152384007535,216679519
0,152386301933,216719579
0,152388596331,216754631
0,152390890729,216660302
0,152393185127,216702764
0,152395479525,216739918
0,152397773923,216647428
0,152400068321,216691499
0,152402362719,216730061
0,152404657117,216763803
0,152406951515,216668327
0,152409245913,216709786
0,152411540311,216746062
0,152413834709,216652804
0,152416129107,216696203
0,152418423505,216734177
0,152420717903,216767404
0,152558880982,233671478
0,152558924182,231212543
0,152558967382,229060975
0,152559010582,227303353
0,152559053782,225765433
0,152559096982,224419753
0,152559140182,223242283
0,152559183382,222211997
0,152559226582,221310497
0,152559269782,220521684
0,152559312982,219831473
0,152559356182,219227538
0,152559399382,218699095
0,152559442582,218236708
0,152559485782,217707119
0,152559528982,217243729
0,152559572182,216838262
0,152559615382,216483479
0,152559658582,216173044
0,152561724024,216151413
0,152564018422,216257486
0,152566312820,216350300
0,152568607218,216431512
0,152570901616,216377573
0,152573196014,216455376
0,152575490412,216523454
0,152577784810,216458022
0,152580079208,216525769
0,152582373606,216585047
0,152584668004,216636916
0,152586962402,216557301
0,152589256800,216612638
0,152591551198,216661058
0,152593845596,216578425
0,152596139994,216631121
0,152598434392,216677230
0,152600728790,216592576
0,152603023188,216643504
0,152605317586,216688066
0,152607611984,216727057
0,152609906382,216636174
0,152612200780,216681652
0,152614495178,216721445
0,152616789576,216631264
0,152619083974,216677356
0,152621378372,216717686
0,152623672770,216752975
0,152625967168,216658853
0,152628261566,216701496
0,152630555964,216738809
0,152632850362,216646457
0,152635144760,216690649
0,152774455038,233854317
0,152774498238,231622527
0,152774541438,229669711
0,152774584638,227960997
0,152774627838,226340872
0,152774671038,224923263
0,152774714238,223682855
0,152774757438,222597498
0,152774800638,221647810
0,152774843838,220816833
0,152774887038,220089728
0,152774930238,219453512
0,152774973438,218896823
0,152775016638,218534720
0,152775059838,218217880
0,152775103038,217940645
0,152775146238,217698064
0,152775189438,217485806
0,152775232638,217300080
0,152776150881,217262570
0,152778445279,217229748
0,152780739677,217076029
0,152783034075,217066525
0,152785328473,217058209
0,152787622871,217050932
0,152789917269,216919565
0,152792211667,216929619
0,152794506065,216938416
0,152796800463,216821114
0,152799094861,216843474
0,152801389259,216863039
0,152803683657,216880159
0,152805978055,216770139
0,152808272453,216798871
0,152810566851,216824012
0,152812861249,216721010
0,152815155647,216755883
0,152817450045,216786397
0,152819744443,216688097
0,152822038841,216727084
0,152824333239,216761198
0,152826627637,216791048
0,152828922035,216692167
0,152831216433,216730646
0,152833510831,216764315
0,152835805229,216668775
0,152838099627,216710178
0,152840394025,216746405
0,152842688423,216778104
0,152844982821,216680841
0,152847277219,216720735
0,152849571617,216755643
0,152851866015,216661187
0,152991176293,216703538
0,152991219493,216740595
0,152991262693,216773020
0,152991305893,216801392
0,152991349093,216826218
0,152991392293,216847940
0,152991435493,216866947
0,152991478693,216883578
0,152991521893,216898130
0,152991565093,216910863
0,152991608293,216922005
0,152991651493,216931754
0,152991694693,216940284
0,152991737893,216822748
0,152991781093,216719904
0,152991824293,216629916
0,152991867493,216551176
0,152991910693,216482279
0,152991953893,216421994
0,152992872136,216369244
0,152995166534,216448088
0,152997460932,216517077
0,152999755330,216452442
0,153002049728,216520886
0,153004344126,216580775
0,153006638524,216633178
0,153008932922,216554030
0,153011227320,216609776
0,153013521718,216658554
0,153015816116,216576234
0,153018110514,216629204
0,153020404912,216675553
0,153022699310,216716108
0,153024993708,216626594
0,153027288106,216673269
0,153029582504,216714110
0,153031876902,216624846
0,153034171300,216671740
0,153036465698,216712772
0,153038760096,216623675
0,153041054494,216670715
0,153043348892,216711875
0,153045643290,216747890
0,153047937688,216654403
0,153050232086,216697602
0,153052526484,216735401
0,153054820882,216643475
0,153057115280,216688040
0,153059409678,216727035
0,153061704076,216761155
0,153063998474,216666010
0,153066292872,216707758
0,153068587270,216744288
0,153209044747,216901252
0,153209087947,217038595
0,153209131147,217158770
0,153209174347,217263923
0,153209217547,217355932
0,153209260747,217436440
0,153209303947,217506885
0,153209347147,217568524
0,153209390347,217622458
0,153209433547,217669650
0,153209476747,217710943
0,153209519947,217747075
0,153209563147,217778690
0,153209606347,217806353
0,153209649547,217830558
0,153209692747,217851738
0,153209735947,217870270
0,153209779147,217886486
0,153209822347,217900675
0,153209865547,217913090
0,153211887789,218048953
0,153214182187,218167833
0,153216476585,218271853
0,153218770983,218362871
0,153221065381,218442512
0,153223359779,218512198
0,153225654177,218573173
0,153227948575,218626526
0,153230242973,218673210
0,153232537371,218714058
0,153234831769,218749800
0,153237126167,218781075
0,153239420565,218808440
0,153241714963,218832385
0,153244009361,218978336
0,153246303759,218981044
0,153248598157,218983413
0,153250892555,218985486
0,153253186953,218987300
0,153255481351,218988887
0,153257775749,218990276
0,153260070147,218991491
0,153262364545,218992554
0,153264658943,218993484
0,153266953341,218994298
0,153269247739,218995010
0,153271542137,218995633
0,153273836535,218996178
0,153276130933,218996655
0,153278425331,218997073
0,153280719729,218997438
0,153283014127,219122758
0,153285308525,219107413
0,153425766002,236343986
0,153425809202,233800987
0,153425852402,231575863
0,153425895602,229628880
0,153425938802,227925270
0,153425982002,226434611
0,153426025202,225255284
0,153426068402,224223373
0,153426111602,223320451
0,153426154802,222530394
0,153426198002,221839094
0,153426241202,221234207
0,153426284402,220704931
0,153426327602,220241814
0,153426370802,219836587
0,153426414002,219482013
0,153426457202,219171761
0,153426500402,218900290
0,153426543602,218662753
0,153426586802,218454908
0,153428609044,218523044
0,153430903442,218582663
0,153433197840,218634830
0,153435492238,218680476
0,153437786636,218720416
0,153440081034,218755364
0,153442375432,218785943
0,153444669830,218812700
0,153446964228,218836112
0,153449258626,218856598
0,153451553024,218874523
0,153453847422,218890207
0,153456141820,218903931
0,153458436218,218915939
0,153460730616,218926446
0,153463025014,218935640
0,153465319412,218943685
0,153467613810,218950724
0,153469908208,218956883
0,153472202606,218962272
0,153474497004,218966988
0,153476791402,218971114
0,153479085800,218974724
0,153481380198,218977883
0,153483674596,218980647
0,153485968994,218983066
0,153488263392,218985182
0,153490557790,218987034
0,153492852188,218988654
0,153495146586,218990072
0,153497440984,218991313
0,153499735382,218992398
0,153502029780,218993348
0,153643634456,236369179
0,153643677656,234073031
0,153643720856,232063902
0,153643764056,230305914
0,153643807256,228767674
0,153643850456,227421714
0,153643893656,226243999
0,153643936856,225088499
0,153643980056,224077436
0,153644023256,223317756
0,153644066456,222653036
0,153644109656,222071406
0,153644152856,221562480
0,153644196056,221117170
0,153644239256,220727523
0,153644282456,220386582
0,153644325656,220088259
0,153644368856,219827226
0,153644412056,219598822
0,153644455256,219398969
0,153645330299,219349097
0,153647624697,219305459
0,153649919095,219267276
0,153652213493,219233866
0,153654507891,219204632
0,153656802289,219179053
0,153659096687,219156671
0,153661391085,219137087
0,153663685483,219119951
0,153665979881,219104957
0,153668274279,219091837
0,153670568677,219080357
0,153672863075,219070312
0,153675157473,219061523
0,153677451871,219053832
0,153679746269,219047103
0,153682040667,219041215
0,153684335065,219036063
0,153686629463,219031555
0,153688923861,219027610
0,153691218259,219024158
0,153693512657,219021138
0,153695807055,219018495
0,153698101453,219016183
0,153700395851,219014160
0,153702690249,219012390
0,153704984647,219010841
0,153707279045,219009485
0,153709573443,219008299
0,153711867841,219007261
0,153714162239,219006353
0,153716456637,219005558
0,153718751035,219004863
0,153721045433,219004255
0,153862650109,219003723
0,153862693309,219003257
0,153862736509,219002849
0,153862779709,219002492
0,153862822909,219002180
0,153862866109,219001907
0,153862909309,219001668
0,153862952509,219001459
0,153862995709,219001276
0,153863038909,219001116
0,153863082109,219000976
0,153863125309,219000854
0,153863168509,219000747
0,153863211709,219000653
0,153863254909,219000571
0,153863298109,219000499
0,153863341309,219000436
0,153863384509,219000381
0,153863427709,219000333
0,153863470909,219000291
0,153864345952,219000254
0,153866640350,219000222
0,153868934748,219000194
0,153871229146,219000169
0,153873523544,219000147
0,153875817942,219000128
0,153878112340,219000112
0,153880406738,219000098
0,153882701136,219000085
0,153884995534,219000074
0,153887289932,219000064
0,153889584330,219000056
0,153891878728,219000049
0,153894173126,219000042
0,153896467524,219000036
0,153898761922,219000031
0,153901056320,219000027
0,153903350718,219000023
0,153905645116,219000020
0,153907939514,219000017
0,153910233912,219000014
0,153912528310,219000012
0,153914822708,219000010
0,153917117106,219000008
0,153919411504,219000007
0,153921705902,219000006
0,153924000300,219125005
0,153926294698,219109379
0,153928589096,219095706
0,153930883494,219083742
0,153933177892,219073274
0,153935472290,219064114
0,153937766688,219056099
0,153940061086,219049086
0,154082812961,219167950
0,154082856161,219271956
0,154082899361,219362961
0,154082942561,219442590
0,154082985761,219512266
0,154083028961,219698232
0,154083072161,219860953
0,154083115361,220003333
0,154083158561,220127916
0,154083201761,220111926
0,154083244961,220097935
0,154083288161,220085693
0,154083331361,220074981
0,154083374561,220065608
0,154083417761,220057407
0,154083460961,220050231
0,154083504161,220043952
0,154083547361,220038458
0,154083590561,220033650
0,154083633761,220029443
0,154083676961,219900762
0,154085656003,219788166
0,154087950401,219689645
0,154090244799,219603439
0,154092539197,219528009
0,154094833595,219462007
0,154097127993,219404256
0,154099422391,219353724
0,154101716789,219309508
0,154104011187,219395819
0,154106305585,219346341
0,154108599983,219303048
0,154110894381,219265167
0,154113188779,219607021
0,154115483177,219781143
0,154117777575,219933500
0,154120071973,220191812
0,154122366371,220292835
0,154124660769,220381230
0,154126955167,220458576
0,154129249565,220651254
0,154131543963,220694847
0,154133838361,220732991
0,154136132759,220891367
0,154138427157,220904946
0,154140721555,220916827
0,154143015953,221052223
0,154145310351,221045695
0,154147604749,221039983
0,154149899147,221034985
0,154152193545,221155611
0,154154487943,221136159
0,154156782341,221119139
0,154159076739,221229246
0,154301828614,238700590
0,154301871814,236238016
0,154301915014,234083264
0,154301958214,232197856
0,154302001414,230673124
0,154302044614,229338983
0,154302087814,228046610
0,154302131014,226915783
0,154302174214,225926310
0,154302217414,225060521
0,154302260614,224302955
0,154302303814,223640085
0,154302347014,223060074
0,154302390214,222552564
0,154302433414,222108493
0,154302476614,221719931
0,154302519814,221379939
0,154302563014,221082446
0,154302606214,220822140
0,154302649414,220594372
0,154302692614,220395075
0,154304671656,220470690
0,154306966054,220536853
0,154309260452,220719746
0,154311554850,220754777
0,154313849248,220785429
0,154316143646,220937250
0,154318438044,220945093
0,154320732442,220951956
0,154323026840,221082961
0,154325321238,221072590
0,154327615636,221063516
0,154329910034,221055576
0,154332204432,221173629
0,154334498830,221151925
0,154336793228,221132934
0,154339087626,221241317
0,154341382024,221211152
0,154343676422,221184758
0,154345970820,221161663
0,154348265218,221266455
0,154350559616,221233148
0,154352854014,221204004
0,154355148412,221303503
0,154357442810,221265565
0,154359737208,221232369
0,154362031606,221328322
0,154364326004,221287281
0,154366620402,221251370
0,154368914800,221219948
0,154371209198,221317454
0,154373503596,221277772
0,154375797994,221243050
0,154378092392,221337668
0,154521991466,238920459
0,154522034666,236680401
0,154522077866,234720350
0,154522121066,233005306
0,154522164266,231504642
0,154522207466,230066561
0,154522250666,228808240
0,154522293866,227707210
0,154522337066,226743808
0,154522380266,225900832
0,154522423466,225163228
0,154522466666,224517824
0,154522509866,223953096
0,154522553066,223458959
0,154522596266,223026589
0,154522639466,222648265
0,154522682666,222317231
0,154522725866,222027577
0,154522769066,221774129
0,154522812266,221552362
0,154522855466,221358316
0,154523687309,221313526
0,154525981707,221274335
0,154528276105,221365043
0,154530570503,221319412
0,154532864901,221279485
0,154535159299,221369549
0,154537453697,221323355
0,154539748095,221282935
0,154542042493,221372568
0,154544336891,221325997
0,154546631289,221285247
0,154548925687,221249591
0,154551220085,221343392
0,154553514483,221300468
0,154555808881,221262909
0,154558103279,221355045
0,154560397677,221310664
0,154562692075,221271831
0,154564986473,221237852
0,154567280871,221333120
0,154569575269,221291480
0,154571869667,221255045
0,154574164065,221348164
0,154576458463,221304643
0,154578752861,221266562
0,154581047259,221358241
0,154583341657,221313460
0,154585636055,221274277
0,154587930453,221239992
0,154590224851,221334993
0,154592519249,221293118
0,154594813647,221256478
0,154597108045,221349418
0,154599402443,221305740
0,154743301517,221392522
0,154743344717,221343456
0,154743387917,221300524
0,154743431117,221262958
0,154743474317,221230088
0,154743517517,221201327
0,154743560717,221176161
0,154743603917,221154140
0,154743647117,221134872
0,154743690317,221118013
0,154743733517,221103261
0,154743776717,221090353
0,154743819917,221079058
0,154743863117,221069175
0,154743906317,221060528
0,154743949517,221052962
0,154743992717,221046341
0,154744035917,221165548
0,154744079117,221269854
0,154744122317,221361122
0,154744165517,221440981
0,154744997360,221385858
0,154747291758,221462625
0,154749586156,221404796
0,154751880554,221354196
0,154754174952,221434921
0,154756469350,221380555
0,154758763748,221332985
0,154761058146,221416361
0,154763352544,221364315
0,154765646942,221318775
0,154767941340,221278928
0,154770235738,221369062
0,154772530136,221322929
0,154774824534,221282562
0,154777118932,221372241
0,154779413330,221325710
0,154781707728,221284996
0,154784002126,221374371
0,154786296524,221452574
0,154788590922,221396002
0,154790885320,221346501
0,154793179718,221428188
0,154795474116,221374664
0,154797768514,221327831
0,154800062912,221411852
0,154802357310,221360370
0,154804651708,221315323
0,154806946106,221275907
0,154809240504,221366418
0,154811534902,221320615
0,154813829300,221280538
0,154816123698,221370470
0,154818418096,221324161
0,154820712494,221283640
0,154965758767,221373185
0,154965801967,221451536
0,154965845167,221520094
0,154965888367,221580082
0,154965931567,221632571
0,154965974767,221678499
0,154966017967,221843686
0,154966061167,221988225
0,154966104367,222114696
0,154966147567,222225359
0,154966190767,222322189
0,154966233967,222406915
0,154966277167,222481050
0,154966320367,222545918
0,154966363567,222602678
0,154966406767,222652343
0,154966449967,222695800
0,154966493167,222608825
0,154966536367,222532721
0,154966579567,222466130
0,154966622767,222407863
0,154966665967,222356880
0,154968601809,222187270
0,154970896207,222038861
0,154973190605,222034003
0,154975485003,221904752
0,154977779401,221791658
0,154980073799,221817700
0,154982368197,221715487
0,154984662595,221626051
0,154986956993,221547794
0,154989251391,221604319
0,154991545789,221528779
0,154993840187,221462681
0,154996134585,221529845
0,154998428983,221463614
0,155000723381,221405662
0,155003017779,221479954
0,155005312177,221419959
0,155007606575,221367464
0,155009900973,221321531
0,155012195371,221406339
0,155014489769,221355546
0,155016784167,221311102
0,155019078565,221397214
0,155021372963,221347562
0,155023667361,221554116
0,155025961759,221734851
0,155028256157,222017994
0,155030550555,222265744
0,155032844953,222357526
0,155035139351,222562835
0,155037433749,222742480
0,155039728147,222774670
0,155042022545,222927836
0,155187068818,240936856
0,155187112018,238569749
0,155187155218,236498530
0,155187198418,234686213
0,155187241618,233100436
0,155187284818,231712881
0,155187328018,230498770
0,155187371218,229311423
0,155187414418,228272495
0,155187457618,227363433
0,155187500818,226568003
0,155187544018,225872002
0,155187587218,225263001
0,155187630418,224730125
0,155187673618,224263859
0,155187716818,223855876
0,155187760018,223498891
0,155187803218,223186529
0,155187846418,222913212
0,155187889618,222674060
0,155187932818,222464802
0,155187976018,222281701
0,155189911860,222371488
0,155192206258,222575052
0,155194500656,222753170
0,155196795054,222784023
0,155199089452,222936020
0,155201383850,223069017
0,155203678248,223060389
0,155205972646,223052840
0,155208267044,223171235
0,155210561442,223274830
0,155212855840,223240476
0,155215150238,223335416
0,155217444636,223418489
0,155219739034,223366177
0,155222033432,223445404
0,155224327830,223514728
0,155226622228,223450387
0,155228916626,223394088
0,155231211024,223469827
0,155233505422,223536098
0,155235799820,223469085
0,155238094218,223535449
0,155240388616,223593517
0,155242683014,223519327
0,155244977412,223454411
0,155247271810,223522609
0,155249566208,223582282
0,155251860606,223509496
0,155254155004,223570809
0,155256449402,223624457
0,155258743800,223546399
0,155261038198,223603099
0,155263332596,223652711
0,155409526068,241571122
0,155409569268,239124731
0,155409612468,236984139
0,155409655668,235111121
0,155409698868,233472230
0,155409742068,232038201
0,155409785268,230783425
0,155409828468,229685496
0,155409871668,228724809
0,155409914868,227884207
0,155409958068,227148681
0,155410001268,226630095
0,155410044468,226176333
0,155410087668,225779291
0,155410130868,225431879
0,155410174068,225127894
0,155410217268,224861907
0,155410260468,224629168
0,155410303668,224425522
0,155410346868,224247331
0,155410390068,224091414
0,155410433268,223954987
0,155411221911,223960613
0,155413516309,223965536
0,155415810707,223844844
0,155418105105,223864238
0,155420399503,223881208
0,155422693901,223771057
0,155424988299,223674674
0,155427282697,223715339
0,155429577095,223750921
0,155431871493,223657055
0,155434165891,223699923
0,155436460289,223737432
0,155438754687,223645253
0,155441049085,223689596
0,155443343483,223728396
0,155445637881,223637346
0,155447932279,223557677
0,155450226677,223612967
0,155452521075,223661346
0,155454815473,223578677
0,155457109871,223631342
0,155459404269,223677424
0,155461698667,223592746
0,155463993065,223518652
0,155466287463,223578820
0,155468581861,223631467
0,155470876259,223552533
0,155473170657,223608466
0,155475465055,223657407
0,155477759453,223575231
0,155480053851,223628327
0,155482348249,223674786
0,155484642647,223590437
0,155486937045,223516632
0,155633130517,223577053
0,155633173717,223629921
0,155633216917,223676180
0,155633260117,223716657
0,155633303317,223752074
0,155633346517,223783064
0,155633389717,223810181
0,155633432917,223833908
0,155633476117,223854669
0,155633519317,223872835
0,155633562517,223888730
0,155633605717,223777638
0,155633648917,223680433
0,155633692117,223595378
0,155633735317,223520955
0,155633778517,223455835
0,155633821717,223398855
0,155633864917,223348998
0,155633908117,223305373
0,155633951317,223267201
0,155633994517,223233800
0,155634037717,223329575
0,155634826360,223288378
0,155637120758,223377330
0,155639415156,223455163
0,155641709554,223398267
0,155644003952,223473483
0,155646298350,223539297
0,155648592748,223596884
0,155650887146,223522273
0,155653181544,223581988
0,155655475942,223634239
0,155657770340,223554959
0,155660064738,223610589
0,155662359136,223659265
0,155664653534,223576856
0,155666947932,223504749
0,155669242330,223566655
0,155671536728,223620823
0,155673831126,223543220
0,155676125524,223600317
0,155678419922,223650277
0,155680714320,223568992
0,155683008718,223622868
0,155685303116,223670009
0,155687597514,223711257
0,155689891912,223622349
0,155692186310,223669555
0,155694480708,223710860
0,155696775106,223622002
0,155699069504,223669251
0,155701363902,223710594
0,155703658300,223621769
0,155705952698,223544047
0,155708247096,223601041
0,155710541494,223650910
0,155857882165,223694546
0,155857925365,223732727
0,155857968565,223766136
0,155858011765,223920369
0,155858054965,224055322
0,155858098165,224173406
0,155858141365,224276730
0,155858184565,224367138
0,155858227765,224446245
0,155858270965,224515464
0,155858314165,224576031
0,155858357365,224629027
0,155858400565,224675398
0,155858443765,224715973
0,155858486965,224751476
0,155858530165,224782541
0,155858573365,224809723
0,155858616565,224833507
0,155858659765,224854318
0,155858702965,224872528
0,155858746165,224888462
0,155858789365,224777404
0,155858832565,224680228
0,155860725207,224470199
0,155863019605,224411424
0,155865314003,224359996
0,155867608401,224189996
0,155869902799,224041246
0,155872197197,224036090
0,155874491595,224031578
0,155876785993,223902630
0,155879080391,223914801
0,155881374789,223925450
0,155883669187,223809768
0,155885963585,223708547
0,155888257983,223744978
0,155890552381,223776855
0,155892846779,223679748
0,155895141177,223719779
0,155897435575,223754806
0,155899729973,223660455
0,155902024371,223702898
0,155904318769,223740035
0,155906613167,223647530
0,155908907565,223566588
0,155911201963,223620764
0,155913496361,223668168
0,155915790759,223584647
0,155918085157,223636566
0,155920379555,223681995
0,155922673953,223596745
0,155924968351,223522151
0,155927262749,223581882
0,155929557147,223634146
0,155931851545,223554877
0,155934145943,223860517
0,156081486614,242252952
0,156081529814,239971333
0,156081573014,237974916
0,156081616214,236228051
0,156081659414,234574544
0,156081702614,233127726
0,156081745814,231861760
0,156081789014,230754040
0,156081832214,229784785
0,156081875414,228936686
0,156081918614,228194600
0,156081961814,227545275
0,156082005014,227102115
0,156082048214,226714350
0,156082091414,226375056
0,156082134614,226078174
0,156082177814,225818402
0,156082221014,225591101
0,156082264214,225392213
0,156082307414,225218186
0,156082350614,225065912
0,156082393814,224932673
0,156082437014,224816088
0,156084329656,224964077
0,156086624054,225093567
0,156088918452,225081871
0,156091212850,225196637
0,156093507248,225297057
0,156095801646,225384924
0,156098096044,225461808
0,156100390442,225529082
0,156102684840,225587946
0,156104979238,225514452
0,156107273636,225575145
0,156109568034,225628251
0,156111862432,225674719
0,156114156830,225715379
0,156116451228,225750956
0,156118745626,225782086
0,156121040024,225809325
0,156123334422,225833159
0,156125628820,225854014
0,156127923218,225747262
0,156130217616,225778854
0,156132512014,225806497
0,156134806412,225830684
0,156137100810,225851848
0,156139395208,225870367
0,156141689606,225886571
0,156143984004,225775749
0,156146278402,225803780
0,156148572800,225828307
0,156150867198,225849768
0,156153161596,225868547
0,156155455994,225884978
0,156157750392,225899355
0,156305091063,244036935
0,156305134263,241532318
0,156305177463,239340778
0,156305220663,237423180
0,156305263863,235745282
0,156305307063,234277121
0,156305350263,232992480
0,156305393463,231868420
0,156305436663,230884867
0,156305479863,230024258
0,156305523063,229271225
0,156305566263,228612321
0,156305609463,228035780
0,156305652663,227406307
0,156305695863,226855518
0,156305739063,226373578
0,156305782263,225951880
0,156305825463,225582895
0,156305868663,225260033
0,156305911863,224977528
0,156305955063,224730337
0,156305998263,224514044
0,156306041463,224449788
0,156307934105,224518564
0,156310228503,224703743
0,156312522901,224865775
0,156314817299,225007553
0,156317111697,225131608
0,156319406095,225240157
0,156321700493,225335137
0,156323994891,225293244
0,156326289289,225381588
0,156328583687,225458889
0,156330878085,225526527
0,156333172483,225585711
0,156335466881,225637497
0,156337761279,225682809
0,156340055677,225722457
0,156342350075,225757149
0,156344644473,225787505
0,156346938871,225689066
0,156349233269,225727932
0,156351527667,225761940
0,156353822065,225791697
0,156356116463,225817734
0,156358410861,225840517
0,156360705259,225860452
0,156362999657,225752895
0,156365294055,225783783
0,156367588453,225810810
0,156369882851,225834458
0,156372177249,225855150
0,156374471647,225873256
0,156376766045,225889099
0,156379060443,225902961
0,156381354841,225915090
0,156529842711,244175703
0,156529885911,241653740
0,156529929111,239447022
0,156529972311,237516144
0,156530015511,235951626
0,156530058711,234582672
0,156530101911,233384838
0,156530145111,232336733
0,156530188311,231419641
0,156530231511,230617185
0,156530274711,229915036
0,156530317911,229300656
0,156530361111,228763074
0,156530404311,228292689
0,156530447511,227881102
0,156530490711,227520964
0,156530533911,227205843
0,156530577111,226930112
0,156530620311,226688848
0,156530663511,226477742
0,156530706711,226293024
0,156530749911,226131396
0,156530793111,225989971
0,156531538554,225866224
0,156533832952,225882946
0,156536127350,225897577
0,156538421748,225910379
0,156540716146,225921581
0,156543010544,225931383
0,156545304942,225939960
0,156547599340,225947465
0,156549893738,225954031
0,156552188136,225959777
0,156554482534,225964804
0,156556776932,225969203
0,156559071330,225973052
0,156561365728,225976420
0,156563660126,225979367
0,156565954524,225856946
0,156568248922,225874827
0,156570543320,225890473
0,156572837718,225904163
0,156575132116,225916142
0,156577426514,225926624
0,156579720912,225935796
0,156582015310,225943821
0,156584309708,225950843
0,156586604106,225956987
0,156588898504,225962363
0,156591192902,225967067
0,156593487300,225971183
0,156595781698,225974785
0,156598076096,225977936
0,156600370494,225980694
0,156602664892,225983107
0,156604959290,225860218
0,156607253688,225877690
0,156755741558,225892978
0,156755784758,225906355
0,156755827958,225918060
0,156755871158,225928302
0,156755914358,225812264
0,156755957558,225710731
0,156756000758,225746889
0,156756043958,225778527
0,156756087158,225806211
0,156756130358,225830434
0,156756173558,225851629
0,156756216758,225870175
0,156756259958,225886403
0,156756303158,225900602
0,156756346358,225913026
0,156756389558,225923897
0,156756432758,225933409
0,156756475958,225941732
0,156756519158,225949015
0,156756562358,225955388
0,156756605558,225960964
0,156756648758,225965843
0,156756691958,225970112
0,156757437401,225973848
0,156759731799,225977117
0,156762026197,225979977
0,156764320595,225982479
0,156766614993,225984669
0,156768909391,225861585
0,156771203789,225878886
0,156773498187,225894025
0,156775792585,225907271
0,156778086983,225918862
0,156780381381,225929004
0,156782675779,225937878
0,156784970177,225820643
0,156787264575,225843062
0,156789558973,225862679
0,156791853371,225879844
0,156794147769,225894863
0,156796442167,225908005
0,156798736565,225919504
0,156801030963,225929566
0,156803325361,225938370
0,156805619759,225946073
0,156807914157,225827813
0,156810208555,225849336
0,156812502953,225868169
0,156814797351,225884647
0,156817091749,225899066
0,156819386147,225911682
0,156821680545,225922721
0,156823974943,225807380
0,156826269341,225831457
0,156828563739,225852524
0,156830858137,225870958
0,156833152535,225887088
0,156982787604,226026202
0,156982830804,226147926
0,156982874004,226254435
0,156982917204,226347630
0,156982960404,226429176
0,156983003604,226625529
0,156983046804,226797337
0,156983090004,226822669
0,156983133204,226844835
0,156983176404,226864230
0,156983219604,226881201
0,156983262804,226896050
0,156983306004,226909043
0,156983349204,226920412
0,156983392404,226930360
0,156983435604,226939065
0,156983478804,226946681
0,156983522004,226953345
0,156983565204,226959176
0,156983608404,226964279
0,156983651604,226968744
0,156983694804,226972651
0,156983738004,226976069
0,156983781204,226979060
0,156985630646,227106677
0,156987925044,227218342
0,156990219442,227316049
0,156992513840,227401542
0,156994808238,227476349
0,156997102636,227666805
0,156999397034,227708454
0,157001691432,227744897
0,157003985830,227776784
0,157006280228,227804686
0,157008574626,227829100
0,157010869024,227850462
0,157013163422,227994154
0,157015457820,227994884
0,157017752218,227995523
0,157020046616,228121082
0,157022341014,228105946
0,157024635412,228092702
0,157026929810,228081114
0,157029224208,228070974
0,157031518606,228062102
0,157033813004,228054339
0,157036107402,228172546
0,157038401800,228150977
0,157040696198,228132104
0,157042990596,228115591
0,157045284994,228101142
0,157047579392,228088499
0,157049873790,228077436
0,157052168188,228192756
0,157054462586,228168661
0,157056756984,228147578
0,157059051382,228254130
0,157208686451,246597363
0,157208729651,244022692
0,157208772851,241769855
0,157208816051,239798623
0,157208859251,238073795
0,157208902451,236564570
0,157208945651,235118998
0,157208988851,233854123
0,157209032051,232872357
0,157209075251,232013312
0,157209118451,231261648
0,157209161651,230603942
0,157209204851,230028449
0,157209248051,229524892
0,157209291251,229084280
0,157209334451,228698745
0,157209377651,228361401
0,157209420851,228066225
0,157209464051,227807946
0,157209507251,227581952
0,157209550451,227384208
0,157209593651,227211182
0,157209636851,227059784
0,157209680051,226927311
0,157211529493,227061397
0,157213823891,227178722
0,157216118289,227406381
0,157218412687,227480583
0,157220707085,227545510
0,157223001483,227727321
0,157225295881,227761405
0,157227590279,227791229
0,157229884677,227817325
0,157232179075,227965159
0,157234473473,227969514
0,157236767871,227973324
0,157239062269,228101658
0,157241356667,228088950
0,157243651065,228077831
0,157245945463,228068102
0,157248239861,228059589
0,157250534259,228052140
0,157252828657,228045622
0,157255123055,228164919
0,157257417453,228144304
0,157259711851,228126266
0,157262006249,228235482
0,157264300647,228206046
0,157266595045,228180290
0,157268889443,228157753
0,157271183841,228263033
0,157273478239,228230153
0,157275772637,228201383
0,157278067035,228301210
0,157280361433,228263558
0,157282655831,228230613
0,157284950229,228201786
0,157435732497,246676562
0,157435775697,244216991
0,157435818897,242064867
0,157435862097,240181758
0,157435905297,238534038
0,157435948497,237092283
0,157435991697,235830747
0,157436034897,234851903
0,157436078097,233995415
0,157436121297,233120988
0,157436164497,232355864
0,157436207697,231686381
0,157436250897,231100583
0,157436294097,230588010
0,157436337297,230139508
0,157436380497,229747069
0,157436423697,229403685
0,157436466897,229103224
0,157436510097,228840321
0,157436553297,228610280
0,157436596497,228408995
0,157436639697,228232870
0,157436682897,228078761
0,157436726097,227943915
0,157437428340,227950925
0,157439722738,227957059
0,157442017136,228087426
0,157444311534,228076497
0,157446605932,228066934
0,157448900330,228058567
0,157451194728,228051246
0,157453489126,228044840
0,157455783524,228039235
0,157458077922,228159330
0,157460372320,228139413
0,157462666718,228121986
0,157464961116,228106737
0,157467255514,228093394
0,157469549912,228081719
0,157471844310,228071504
0,157474138708,228187566
0,157476433106,228164120
0,157478727504,228143605
0,157481021902,228250654
0,157483316300,228219322
0,157485610698,228191906
0,157487905096,228167917
0,157490199494,228146927
0,157492493892,228128561
0,157494788290,228112490
0,157497082688,228223428
0,157499377086,228195499
0,157501671484,228171061
0,157503965882,228149678
0,157506260280,228130968
0,157508554678,228114597
0,157510849076,228100272
0,157513143474,228212738
0,157663925742,228186145
0,157663968942,228162876
0,157664012142,228267516
0,157664055342,228359076
0,157664098542,228439191
0,157664141742,228509292
0,157664184942,228570630
0,157664228142,228499301
0,157664271342,228436888
0,157664314542,228382277
0,157664357742,228334492
0,157664400942,228292680
0,157664444142,228256095
0,157664487342,228224083
0,157664530542,228196072
0,157664573742,228171563
0,157664616942,228150117
0,157664660142,228131352
0,157664703342,228114933
0,157664746542,228100566
0,157664789742,228087995
0,157664832942,228076995
0,157664876142,228067370
0,157664919342,228058948
0,157665621585,228051579
0,157667915983,228045131
0,157670210381,228039489
0,157672504779,228034552
0,157674799177,228030233
0,157677093575,228151453
0,157679387973,228132521
0,157681682371,228115955
0,157683976769,228101460
0,157686271167,228088777
0,157688565565,228077679
0,157690859963,228067969
0,157693154361,228184472
0,157695448759,228161413
0,157697743157,228141236
0,157700037555,228248581
0,157702331953,228217508
0,157704626351,228190319
0,157706920749,228166529
0,157709215147,228145712
0,157711509545,228127498
0,157713803943,228111560
0,157716098341,228222615
0,157718392739,228194788
0,157720687137,228170439
0,157722981535,228149134
0,157725275933,228130492
0,157727570331,228114180
0,157729864729,228099907
0,157732159127,228212418
0,157734453525,228185865
0,157736747923,228162631
0,157739042321,228267302
0,157741336719,228233889
0,157893266186,228454652
0,157893309386,228647820
0,157893352586,228691842
0,157893395786,228730361
0,157893438986,228764065
0,157893482186,228793556
0,157893525386,228819361
0,157893568586,228841940
0,157893611786,228861697
0,157893654986,228878984
0,157893698186,228894111
0,157893741386,228907347
0,157893784586,228918928
0,157893827786,228929062
0,157893870986,228937929
0,157893914186,228945687
0,157893957386,228952476
0,157894000586,229083416
0,157894043786,229197989
0,157894086986,229298240
0,157894130186,229385960
0,157894173386,229462715
0,157894216586,229529875
0,157894259786,229588640
0,157894302986,229515060
0,157896109228,229450677
0,157898403626,229644342
0,157900698024,229688799
0,157902992422,229727699
0,157905286820,229886736
0,157907581218,229900894
0,157909875616,229913282
0,157912170014,230049121
0,157914464412,230167980
0,157916758810,230146982
0,157919053208,230253609
0,157921347606,230346907
0,157923642004,230303543
0,157925936402,230265600
0,157928230800,230357400
0,157930525198,230312725
0,157932819596,230273634
0,157935113994,230364429
0,157937408392,230443875
0,157939702790,230388390
0,157941997188,230339841
0,157944291586,230422360
0,157946585984,230369565
0,157948880382,230323369
0,157951174780,230407947
0,157953469178,230481953
0,157955763576,230421708
0,157958057974,230493994
0,157960352372,230557244
0,157962646770,230487588
0,157964941168,230426639
0,157967235566,230498309
0,157969529964,230436020
0,158121459431,249131517
0,158121502631,246490077
0,158121545831,244178817
0,158121589031,242156464
0,158121632231,240386906
0,158121675431,238838542
0,158121718631,237483724
0,158121761831,236298258
0,158121805031,235260975
0,158121848231,234353353
0,158121891431,233559183
0,158121934631,232864285
0,158121977831,232256249
0,158122021031,231849217
0,158122064231,231493064
0,158122107431,231181431
0,158122150631,230908752
0,158122193831,230670158
0,158122237031,230336388
0,158122280231,230044339
0,158122323431,229788796
0,158122366631,229565196
0,158122409831,229369546
0,158122453031,229198352
0,158122496231,229048558
0,158124302473,229167488
0,158126596871,229271552
0,158128891269,229362608
0,158131185667,229567282
0,158133480065,229746371
0,158135774463,229778074
0,158138068861,229930814
0,158140363259,230064462
0,158142657657,230056404
0,158144952055,230049353
0,158147246453,230168183
0,158149540851,230147160
0,158151835249,230128765
0,158154129647,230237669
0,158156424045,230332960
0,158158718443,230291340
0,158161012841,230379922
0,158163307239,230457431
0,158165601637,230400252
0,158167896035,230350220
0,158170190433,230431442
0,158172484831,230502511
0,158174779229,230439697
0,158177073627,230509734
0,158179368025,230571017
0,158181662423,230499639
0,158183956821,230437184
0,158186251219,230507536
0,158188545617,230444094
0,158190840015,230388582
0,158193134413,230465009
0,158195428811,230531882
0,158197723209,230465396
0,158350799875,249282221
0,158350843075,246746943
0,158350886275,244528575
0,158350929475,242587503
0,158350972675,240889065
0,158351015875,239527931
0,158351059075,238336939
0,158351102275,237294821
0,158351145475,236382968
0,158351188675,235585097
0,158351231875,234886959
0,158351275075,234276089
0,158351318275,233741577
0,158351361475,233273879
0,158351404675,232739644
0,158351447875,232272188
0,158351491075,231863164
0,158351534275,231505268
0,158351577475,231192109
0,158351620675,230918095
0,158351663875,230678333
0,158351707075,230468541
0,158351750275,230284973
0,158351793475,230124351
0,158351836675,229983807
0,158352495718,229985831
0,158354790116,229987602
0,158357084514,230114151
0,158359378912,230224882
0,158361673310,230196771
0,158363967708,230172174
0,158366262106,230275652
0,158368556504,230241195
0,158370850902,230211045
0,158373145300,230309664
0,158375439698,230395956
0,158377734096,230346461
0,158380028494,230428153
0,158382322892,230499633
0,158384617290,230437178
0,158386911688,230382530
0,158389206086,230459713
0,158391500484,230402248
0,158393794882,230351967
0,158396089280,230432971
0,158398383678,230503849
0,158400678076,230440867
0,158402972474,230385758
0,158405266872,230462538
0,158407561270,230404720
0,158409855668,230354130
0,158412150066,230434863
0,158414444464,230505505
0,158416738862,230442316
0,158419033260,230512026
0,158421327658,230573022
0,158423622056,230501394
0,158425916454,230438719
0,158428210852,230508879
0,158581287518,230570269
0,158581330718,230623985
0,158581373918,230670986
0,158581417118,230712112
0,158581460318,230748098
0,158581503518,230654585
0,158581546718,230572761
0,158581589918,230501165
0,158581633118,230438519
0,158581676318,230383704
0,158581719518,230335741
0,158581762718,230293773
0,158581805918,230257051
0,158581849118,230224919
0,158581892318,230196804
0,158581935518,230172203
0,158581978718,230150677
0,158582021918,230256842
0,158582065118,230349736
0,158582108318,230431019
0,158582151518,230502141
0,158582194718,230564373
0,158582237918,230618826
0,158582281118,230666472
0,158582324318,230708163
0,158582983361,230619642
0,158585277759,230667186
0,158587572157,230583787
0,158589866555,230510813
0,158592160953,230571961
0,158594455351,230625465
0,158596749749,230547281
0,158599044147,230603870
0,158601338545,230653386
0,158603632943,230571712
0,158605927341,230500248
0,158608221739,230562717
0,158610516137,230492377
0,158612810535,230430829
0,158615104933,230501975
0,158617399331,230564228
0,158619693729,230493699
0,158621988127,230431986
0,158624282525,230502987
0,158626576923,230440113
0,158628871321,230385098
0,158631165719,230461960
0,158633460117,230529215
0,158635754515,230463063
0,158638048913,230530180
0,158640343311,230588907
0,158642637709,230515293
0,158644932107,230450881
0,158647226505,230519520
0,158649520903,230454580
0,158651815301,230397757
0,158654109699,230473037
0,158656404097,230538907
0,158658698495,230471543
0,158812922360,230537600
0,158812965560,230595400
0,158813008760,230770975
0,158813051960,230924603
0,158813095160,231059027
0,158813138360,231176648
0,158813181560,231279567
0,158813224760,231369621
0,158813267960,231448418
0,158813311160,231517365
0,158813354360,231577694
0,158813397560,231630482
0,158813440760,231676671
0,158813483960,231717087
0,158813527160,231752451
0,158813570360,231783394
0,158813613560,231810469
0,158813656760,231709160
0,158813699960,231620515
0,158813743160,231542950
0,158813786360,231475081
0,158813829560,231415695
0,158813872760,231363733
0,158813915960,231318266
0,158813959160,231278482
0,158814002360,231368671
0,158815765402,231197587
0,158818059800,231172888
0,158820354198,231151277
0,158822648596,231007367
0,158824942994,230881446
0,158827237392,230896265
0,158829531790,230784231
0,158831826188,230686202
0,158834120586,230725426
0,158836414984,230759747
0,158838709382,230664778
0,158841003780,230706680
0,158843298178,230743345
0,158845592576,230650426
0,158847886974,230569122
0,158850181372,230622981
0,158852475770,230670108
0,158854770168,230586344
0,158857064566,230888051
0,158859358964,231152044
0,158861653362,231383038
0,158863947760,231460158
0,158866242158,231652638
0,158868536556,231821058
0,158870830954,231843425
0,158873125352,231987996
0,158875419750,232114496
0,158877714148,232225184
0,158880008546,232322036
0,158882302944,232406781
0,158884597342,232480933
0,158886891740,232420816
0,158889186138,232493214
0,159043410003,251556562
0,159043453203,248986991
0,159043496403,246738617
0,159043539603,244646289
0,159043582803,242815502
0,159043626003,241213564
0,159043669203,239811868
0,159043712403,238585384
0,159043755603,237512211
0,159043798803,236573184
0,159043842003,235751536
0,159043885203,235032594
0,159043928403,234403519
0,159043971603,233853079
0,159044014803,233496444
0,159044058003,233184388
0,159044101203,232911339
0,159044144403,232672421
0,159044187603,232463368
0,159044230803,232280447
0,159044274003,232120391
0,159044317203,231980342
0,159044360403,231857799
0,159044403603,231750574
0,159044446803,231656752
0,159044490003,231574658
0,159046253045,231627825
0,159048547443,231799346
0,159050841841,231824427
0,159053136239,231971373
0,159055430637,232099951
0,159057725035,232212457
0,159060019433,232310899
0,159062313831,232397036
0,159064608229,232472406
0,159066902627,232413355
0,159069197025,232486685
0,159071491423,232550849
0,159073785821,232481992
0,159076080219,232546743
0,159078374617,232603400
0,159080669015,232652975
0,159082963413,232571353
0,159085257811,232624933
0,159087552209,232671816
0,159089846607,232587839
0,159092141005,232639359
0,159094435403,232684439
0,159096729801,232723884
0,159099024199,232758398
0,159101318597,232788598
0,159103612995,232815023
0,159105907393,232713145
0,159108201791,232749001
0,159110496189,232780375
0,159112790587,232682828
0,159115084985,232722474
0,159117379383,232757164
0,159119673781,232787518
0,159275044845,251939078
0,159275088045,249446693
0,159275131245,247265856
0,159275174445,245357624
0,159275217645,243687921
0,159275260845,242226930
0,159275304045,240948563
0,159275347245,239829992
0,159275390445,238851243
0,159275433645,237994837
0,159275476845,237245482
0,159275520045,236589796
0,159275563245,236016071
0,159275606445,235514062
0,159275649645,235074804
0,159275692845,234565453
0,159275736045,234119771
0,159275779245,233729799
0,159275822445,233388574
0,159275865645,233090002
0,159275908845,232828751
0,159275952045,232600157
0,159275995245,232400137
0,159276038445,232350119
0,159276081645,232306354
0,159276124845,232268059
0,159276740688,232234551
0,159279035086,232330232
0,159281329484,232413953
0,159283623882,232487208
0,159285918280,232426307
0,159288212678,232498018
0,159290507076,232560765
0,159292801474,232490669
0,159295095872,232554335
0,159297390270,232610043
0,159299684668,232658787
0,159301979066,232576438
0,159304273464,232629383
0,159306567862,232675710
0,159308862260,232591246
0,159311156658,232642340
0,159313451056,232687047
0,159315745454,232726166
0,159318039852,232760395
0,159320334250,232790345
0,159322628648,232816551
0,159324923046,232714482
0,159327217444,232750171
0,159329511842,232781399
0,159331806240,232683724
0,159334100638,232723258
0,159336395036,232757850
0,159338689434,232788118
0,159340983832,232689603
0,159343278230,232728402
0,159345572628,232762351
0,159347867026,232667057
0,159350161424,232708674
0,159352455822,232745089
0,159507826886,232651952
0,159507870086,232570458
0,159507913286,232499150
0,159507956486,232436756
0,159507999686,232382161
0,159508042886,232459390
0,159508086086,232526966
0,159508129286,232586095
0,159508172486,232637833
0,159508215686,232683103
0,159508258886,232722715
0,159508302086,232757375
0,159508345286,232787703
0,159508388486,232814240
0,159508431686,232837460
0,159508474886,232857777
0,159508518086,232875554
0,159508561286,232891109
0,159508604486,232904720
0,159508647686,232916630
0,159508690886,232927051
0,159508734086,232936169
0,159508777286,232944147
0,159508820486,232826128
0,159508863686,232722862
0,159508906886,232632504
0,159509522729,232678441
0,159511817127,232593635
0,159514111525,232644430
0,159516405923,232688876
0,159518700321,232727766
0,159520994719,232636795
0,159523289117,232682195
0,159525583515,232721920
0,159527877913,232631680
0,159530172311,232677720
0,159532466709,232718005
0,159534761107,232753254
0,159537055505,232784097
0,159539349903,232811084
0,159541644301,232834698
0,159543938699,232730360
0,159546233097,232764065
0,159548527495,232793556
0,159550821893,232694361
0,159553116291,232732565
0,159555410689,232765994
0,159557705087,232795244
0,159559999485,232695838
0,159562293883,232733858
0,159564588281,232767125
0,159566882679,232671234
0,159569177077,232712329
0,159571471475,232748287
0,159573765873,232779751
0,159576060271,232807282
0,159578354669,232831371
0,159580649067,232852449
0,159582943465,232745892
0,159585237863,232777655
0,159741756126,232930448
0,159741799326,233064142
0,159741842526,233181124
0,159741885726,233283483
0,159741928926,233373047
0,159741972126,233326416
0,159742015326,233410614
0,159742058526,233484287
0,159742101726,233548751
0,159742144926,233605157
0,159742188126,233654512
0,159742231326,233697698
0,159742274526,233735485
0,159742317726,233768549
0,159742360926,233797480
0,159742404126,233822795
0,159742447326,233844945
0,159742490526,233864326
0,159742533726,233881285
0,159742576926,233896124
0,159742620126,233909108
0,159742663326,233920469
0,159742706526,233930410
0,159742749726,233939108
0,159742792926,233946719
0,159742836126,233953379
0,159742879326,233834206
0,159744599168,233729930
0,159746893566,233513688
0,159749187964,233449477
0,159751482362,233393292
0,159753776760,233344130
0,159756071158,233301113
0,159758365556,233263473
0,159760659954,233230538
0,159762954352,233076720
0,159765248750,233067130
0,159767543148,233058738
0,159769837546,232926395
0,159772131944,232935595
0,159774426342,232943645
0,159776720740,232950689
0,159779015138,232956852
0,159781309536,232962245
0,159783603934,232966964
0,159785898332,232846093
0,159788192730,232865331
0,159790487128,232882164
0,159792781526,232896893
0,159795075924,232909781
0,159797370322,232921058
0,159799664720,232930925
0,159801959118,232814559
0,159804253516,232837739
0,159806547914,232858021
0,159808842312,232750768
0,159811136710,232781922
0,159813431108,232809181
0,159815725506,233083033
0,159818019904,233447653
0,159974538167,252891696
0,159974581367,250405234
0,159974624567,248229579
0,159974667767,246325881
0,159974710967,244660145
0,159974754167,243202626
0,159974797367,241927297
0,159974840567,240686384
0,159974883767,239600586
0,159974926967,238650512
0,159974970167,237819198
0,159975013367,237216798
0,159975056567,236689698
0,159975099767,236228485
0,159975142967,235824924
0,159975186167,235471808
0,159975229367,235162832
0,159975272567,234892478
0,159975315767,234655918
0,159975358967,234448928
0,159975402167,234267812
0,159975445367,234109335
0,159975488567,233970668
0,159975531767,233849334
0,159975574967,233743167
0,159975618167,233650271
0,159975661367,233568987
0,159977381209,233747863
0,159979675607,233904380
0,159981970005,234041332
0,159984264403,234161165
0,159986558801,234266019
0,159988853199,234357766
0,159991147597,234438045
0,159993441995,234508289
0,159995736393,234569752
0,159998030791,234748533
0,160000325189,234779966
0,160002619587,234807470
0,160004913985,234831536
0,160007208383,234852594
0,160009502781,234871019
0,160011797179,234887141
0,160014091577,234901248
0,160016385975,234913592
0,160018680373,234924393
0,160020974771,234933843
0,160023269169,234942112
0,160025563567,234949348
0,160027857965,234955679
0,160030152363,234961219
0,160032446761,234966066
0,160034741159,234970307
0,160037035557,235099018
0,160039329955,235086640
0,160041624353,235075810
0,160043918751,235066333
0,160046213149,235058041
0,160048507547,235050785
0,160050801945,235044436
0,160207320208,254288881
0,160207363408,251627770
0,160207406608,249299298
0,160207449808,247261885
0,160207493008,245479149
0,160207536208,243919255
0,160207579408,242554348
0,160207622608,241360054
0,160207665808,240315047
0,160207709008,239400666
0,160207752208,238600582
0,160207795408,237900509
0,160207838608,237162945
0,160207881808,236517576
0,160207925008,235952879
0,160207968208,235458769
0,160208011408,235151422
0,160208054608,234882494
0,160208097808,234647182
0,160208141008,234441284
0,160208184208,234261123
0,160208227408,234103482
0,160208270608,233965546
0,160208313808,233844852
0,160208357008,233739245
0,160208400208,233646839
0,160208443408,233565984
0,160210163250,233745236
0,160212457648,233902081
0,160214752046,234039320
0,160217046444,234284405
0,160219340842,234373854
0,160221635240,234452122
0,160223929638,234520606
0,160226224036,234580530
0,160228518434,234632963
0,160230812832,234678842
0,160233107230,234718986
0,160235401628,234754112
0,160237696026,234784848
0,160239990424,234811742
0,160242284822,234835274
0,160244579220,234855864
0,160246873618,234873881
0,160249168016,234889645
0,160251462414,234903439
0,160253756812,234915509
0,160256051210,235051070
0,160258345608,235044686
0,160260640006,235039100
0,160262934404,235034212
0,160265228802,235029935
0,160267523200,235026193
0,160269817598,235022918
0,160272111996,235020053
0,160274406394,235017546
0,160276700792,235015352
0,160278995190,235013433
0,160281289588,235011753
0,160283583986,235010283
0,160441249448,254508997
0,160441292648,251945372
0,160441335848,249702200
0,160441379048,247739425
0,160441422248,246021996
0,160441465448,244519246
0,160441508648,243204340
0,160441551848,242053797
0,160441595048,241047072
0,160441638248,240166188
0,160441681448,239395414
0,160441724648,238720987
0,160441767848,238130863
0,160441811048,237614505
0,160441854248,237162691
0,160441897448,236767354
0,160441940648,236421434
0,160441983848,235993754
0,160442027048,235744534
0,160442070248,235526467
0,160442113448,235335658
0,160442156648,235168700
0,160442199848,235022612
0,160442243048,234894785
0,160442286248,234782936
0,160442329448,234685069
0,160442372648,234599435
0,160442945291,234524505
0,160445239689,234583941
0,160447534087,234635948
0,160449828485,234681454
0,160452122883,234721272
0,160454417281,234756113
0,160456711679,234786598
0,160459006077,234938273
0,160461300475,234945988
0,160463594873,234952739
0,160465889271,234958646
0,160468183669,234963815
0,160470478067,234968338
0,160472772465,234972295
0,160475066863,235100758
0,160477361261,235088163
0,160479655659,235077142
0,160481950057,235067499
0,160484244455,235059061
0,160486538853,235051678
0,160488833251,235045218
0,160491127649,235039565
0,160493422047,235034619
0,160495716445,235030291
0,160498010843,235151504
0,160500305241,235132566
0,160502599639,235115995
0,160504894037,235101495
0,160507188435,235088808
0,160509482833,235077707
0,160511777231,235067993
0,160514071629,235184493
0,160516366027,235161431
0,160518660425,235141252
0,160676325887,235123595
0,160676369087,235108145
0,160676412287,235094626
0,160676455487,235082797
0,160676498687,235072447
0,160676541887,235063391
0,160676585087,235055467
0,160676628287,235048533
0,160676671487,235042466
0,160676714687,235037157
0,160676757887,235032512
0,160676801087,235028448
0,160676844287,235024892
0,160676887487,235021780
0,160676930687,235019057
0,160676973887,235016674
0,160677017087,235139589
0,160677060287,235247140
0,160677103487,235216247
0,160677146687,235189216
0,160677189887,235165564
0,160677233087,235144868
0,160677276287,235126759
0,160677319487,235110914
0,160677362687,235097049
0,160677405887,235084917
0,160677449087,235074302
0,160678021730,235190014
0,160680316128,235166262
0,160682610526,235145479
0,160684904924,235127294
0,160687199322,235111382
0,160689493720,235097459
0,160691788118,235085276
0,160694082516,235074616
0,160696376914,235065289
0,160698671312,235057127
0,160700965710,235049986
0,160703260108,235043737
0,160705554506,235038269
0,160707848904,235033485
0,160710143302,235029299
0,160712437700,235025636
0,160714732098,235022431
0,160717026496,235144627
0,160719320894,235126548
0,160721615292,235110729
0,160723909690,235096887
0,160726204088,235084776
0,160728498486,235074179
0,160730792884,235064906
0,160733087282,235056792
0,160735381680,235049693
0,160737676078,235043481
0,160739970476,235038045
0,160742264874,235033289
0,160744559272,235029127
0,160746853670,235025486
0,160749148068,235022300
0,160751442466,235019512
0,160753736864,235017073
0,160912549525,235139938
0,160912592725,235247445
0,160912635925,235341514
0,160912679125,235423824
0,160912722325,235495846
0,160912765525,235558865
0,160912808725,235614006
0,160912851925,235662255
0,160912895125,235704473
0,160912938325,235741413
0,160912981525,235773736
0,160913024725,235927019
0,160913067925,236061141
0,160913111125,236178498
0,160913154325,236281185
0,160913197525,236371036
0,160913240725,236449656
0,160913283925,236393449
0,160913327125,236344267
0,160913370325,236301233
0,160913413525,236263578
0,160913456725,236230630
0,160913499925,236201801
0,160913543125,236176575
0,160913586325,236154503
0,160913629525,236135190
0,160913672725,236118291
0,160913715925,236103504
0,160915392567,236215566
0,160917686965,236313620
0,160919981363,236399417
0,160922275761,236599489
0,160924570159,236649552
0,160926864557,236693358
0,160929158955,236856688
0,160931453353,236874602
0,160933747751,236890276
0,160936042149,237028991
0,160938336547,237150367
0,160940630945,237131571
0,160942925343,237115124
0,160945219741,237225733
0,160947514139,237197516
0,160949808537,237172826
0,160952102935,237276222
0,160954397333,237241694
0,160956691731,237211482
0,160958986129,237185046
0,160961280527,237286915
0,160963574925,237251050
0,160965869323,237219668
0,160968163721,237317209
0,160970458119,237277557
0,160972752517,237242862
0,160975046915,237337504
0,160977341313,237420316
0,160979635711,237367776
0,160981930109,237321804
0,160984224507,237406578
0,160986518905,237355755
0,160988813303,237311285
0,161147625964,256897374
0,161147669164,254160202
0,161147712364,251765176
0,161147755564,249669529
0,161147798764,247835837
0,161147841964,246231357
0,161147885164,244827437
0,161147928364,243599007
0,161147971564,242524131
0,161148014764,241708614
0,161148057964,240995037
0,161148101164,240370657
0,161148144364,239699324
0,161148187564,239111908
0,161148230764,238597919
0,161148273964,238148179
0,161148317164,237754656
0,161148360364,237410324
0,161148403564,237109033
0,161148446764,236845403
0,161148489964,236614727
0,161148533164,236412886
0,161148576364,236236275
0,161148619564,236081740
0,161148662764,235946522
0,161148705964,235828206
0,161148749164,235724680
0,161148792364,235634095
0,161150469006,235804833
0,161152763404,235954228
0,161155057802,236209949
0,161157352200,236433705
0,161159646598,236504491
0,161161940996,236566429
0,161164235394,236745625
0,161166529792,236777421
0,161168824190,236805243
0,161171118588,236954587
0,161173412986,236960263
0,161175707384,236965230
0,161178001782,237094576
0,161180296180,237207754
0,161182590578,237181784
0,161184884976,237159061
0,161187179374,237264178
0,161189473772,237231155
0,161191768170,237202260
0,161194062568,237301977
0,161196356966,237389229
0,161198651364,237340575
0,161200945762,237298003
0,161203240160,237385752
0,161205534558,237337533
0,161207828956,237295341
0,161210123354,237383423
0,161212417752,237335495
0,161214712150,237293558
0,161217006548,237381863
0,161219300946,237459130
0,161221595344,237401738
0,161223889742,237351520
0,161383849602,257057580
0,161383892802,254425382
0,161383936002,252122209
0,161383979202,250106932
0,161384022402,248468565
0,161384065602,247034994
0,161384108802,245780619
0,161384152002,244683041
0,161384195202,243722660
0,161384238402,242882327
0,161384281602,242022036
0,161384324802,241269281
0,161384368002,240610620
0,161384411202,240034292
0,161384454402,239530005
0,161384497602,239088754
0,161384540802,238702659
0,161384584002,238364826
0,161384627202,238069222
0,161384670402,237810569
0,161384713602,237584247
0,161384756802,237386216
0,161384800002,237212939
0,161384843202,237061321
0,161384886402,236928655
0,161384929602,236812573
0,161384972802,236711001
0,161385016002,236747125
0,161385545445,236778734
0,161387839843,236806392
0,161390134241,236955593
0,161392428639,236961143
0,161394723037,236966000
0,161397017435,237095250
0,161399311833,237208343
0,161401606231,237182300
0,161403900629,237159512
0,161406195027,237264573
0,161408489425,237231501
0,161410783823,237202563
0,161413078221,237302242
0,161415372619,237264461
0,161417667017,237231403
0,161419961415,237202477
0,161422255813,237302167
0,161424550211,237264396
0,161426844609,237231346
0,161429139007,237327427
0,161431433405,237286498
0,161433727803,237250685
0,161436022201,237344349
0,161438316599,237426305
0,161440610997,237373016
0,161442905395,237326389
0,161445199793,237410590
0,161447494191,237359266
0,161449788589,237314357
0,161452082987,237400062
0,161454377385,237350054
0,161456671783,237306297
0,161458966181,237268009
0,161461260579,237359507
0,161621220439,237439568
0,161621263639,237509622
0,161621306839,237570919
0,161621350039,237624554
0,161621393239,237546484
0,161621436439,237478173
0,161621479639,237418401
0,161621522839,237366100
0,161621566039,237320337
0,161621609239,237280294
0,161621652439,237245257
0,161621695639,237214599
0,161621738839,237187774
0,161621782039,237164302
0,161621825239,237143764
0,161621868439,237125793
0,161621911639,237110068
0,161621954839,237096309
0,161621998039,237084270
0,161622041239,237198736
0,161622084439,237298894
0,161622127639,237386532
0,161622170839,237463215
0,161622214039,237530313
0,161622257239,237589023
0,161622300439,237640395
0,161622343639,237685345
0,161622386839,237599676
0,161622916282,237524716
0,161625210680,237584126
0,161627505078,237511110
0,161629799476,237447221
0,161632093874,237516318
0,161634388272,237451778
0,161636682670,237395305
0,161638977068,237345891
0,161641271466,237427654
0,161643565864,237374197
0,161645860262,237327422
0,161648154660,237411494
0,161650449058,237360057
0,161652743456,237315049
0,161655037854,237400667
0,161657332252,237475583
0,161659626650,237416135
0,161661921048,237364118
0,161664215446,237443603
0,161666509844,237388152
0,161668804242,237339633
0,161671098640,237422178
0,161673393038,237369405
0,161675687436,237323229
0,161677981834,237282825
0,161680276232,237372471
0,161682570630,237325912
0,161684865028,237285173
0,161687159426,237374526
0,161689453824,237327710
0,161691748222,237286746
0,161694042620,237375902
0,161696337018,237453914
0,161698631416,237397174
0,161859738475,237472527
0,161859781675,237538461
0,161859824875,237596153
0,161859868075,237646633
0,161859911275,237690803
0,161859954475,237729452
0,161859997675,237763270
0,161860040875,237917861
0,161860084075,238053128
0,161860127275,238171487
0,161860170475,238275051
0,161860213675,238365669
0,161860256875,238444960
0,161860300075,238514340
0,161860343275,238575047
0,161860386475,238628166
0,161860429675,238674645
0,161860472875,238715314
0,161860516075,238750899
0,161860559275,238782036
0,161860602475,238684281
0,161860645675,238598745
0,161860688875,238523901
0,161860732075,238458413
0,161860775275,238401111
0,161860818475,238350972
0,161860861675,238307100
0,161860904875,238268712
0,161860948075,238235123
0,161862581517,238455732
0,161864875915,238523765
0,161867170313,238708294
0,161869464711,238869757
0,161871759109,238886037
0,161874053507,239025282
0,161876347905,239147121
0,161878642303,239253730
0,161880936701,239222013
0,161883231099,239319261
0,161885525497,239404353
0,161887819895,239353808
0,161890114293,239434582
0,161892408691,239505259
0,161894703089,239442101
0,161896997487,239386838
0,161899291885,239463483
0,161901586283,239530547
0,161903880681,239464228
0,161906175079,239531199
0,161908469477,239589799
0,161910763875,239516074
0,161913058273,239576564
0,161915352671,239629493
0,161917647069,239675806
0,161919941467,239591330
0,161922235865,239642413
0,161924530263,239687111
0,161926824661,239601222
0,161929119059,239651069
0,161931413457,239694685
0,161933707855,239607849
0,161936002253,239656867
0,162097109312,259574758
0,162097152512,256877913
0,162097195712,254518173
0,162097238912,252453401
0,162097282112,250646725
0,162097325312,249065884
0,162097368512,247682648
0,162097411712,246472317
0,162097454912,245288277
0,162097498112,244252242
0,162097541312,243345711
0,162097584512,242552497
0,162097627712,241858434
0,162097670912,241251129
0,162097714112,240719737
0,162097757312,240254769
0,162097800512,239847922
0,162097843712,239491931
0,162097886912,239180439
0,162097930112,238907884
0,162097973312,238669398
0,162098016512,238585723
0,162098059712,238512507
0,162098102912,238448443
0,162098146112,238392387
0,162098189312,238343338
0,162098232512,238300420
0,162098275712,238262867
0,162098318912,238230008
0,162099952354,238326257
0,162102246752,238535474
0,162104541150,238718539
0,162106835548,238753721
0,162109129946,238909505
0,162111424344,239045816
0,162113718742,239040089
0,162116013140,239160077
0,162118307538,239265067
0,162120601936,239356933
0,162122896334,239312316
0,162125190732,239398276
0,162127485130,239473491
0,162129779528,239414304
0,162132073926,239487516
0,162134368324,239551576
0,162136662722,239607629
0,162138957120,239531675
0,162141251518,239590215
0,162143545916,239641438
0,162145840314,239561258
0,162148134712,239616100
0,162150429110,239664087
0,162152723508,239581076
0,162155017906,239633441
0,162157312304,239679260
0,162159606702,239719352
0,162161901100,239629433
0,162164195498,239675753
0,162166489896,239716283
0,162168784294,239626747
0,162171078692,239673403
0,162173373090,239714227
0,162335627348,259624948
0,162335670548,256921829
0,162335713748,254556600
0,162335756948,252487025
0,162335800148,250676146
0,162335843348,249091627
0,162335886548,247705173
0,162335929748,246492026
0,162335972948,245430522
0,162336016148,244626706
0,162336059348,243923367
0,162336102548,243307946
0,162336145748,242769452
0,162336188948,242298270
0,162336232148,241885986
0,162336275348,241525237
0,162336318548,241209582
0,162336361748,240933384
0,162336404948,240691711
0,162336448148,240480247
0,162336491348,240295216
0,162336534548,240133314
0,162336577748,239866649
0,162336620948,239633317
0,162336664148,239429152
0,162336707348,239250508
0,162336750548,239094194
0,162336793748,238957419
0,162336836948,238837741
0,162337323191,238858023
0,162339617589,239000770
0,162341911987,239000673
0,162344206385,239125588
0,162346500783,239234889
0,162348795181,239205527
0,162351089579,239304836
0,162353383977,239391731
0,162355678375,239342764
0,162357972773,239299918
0,162360267171,239387428
0,162362561569,239463999
0,162364855967,239405999
0,162367150365,239480249
0,162369444763,239545217
0,162371739161,239477064
0,162374033559,239542431
0,162376327957,239599627
0,162378622355,239649673
0,162380916753,239568463
0,162383211151,239622405
0,162385505549,239669604
0,162387799947,239585903
0,162390094345,239637665
0,162392388743,239682956
0,162394683141,239597586
0,162396977539,239522887
0,162399271937,239582526
0,162401566335,239634710
0,162403860733,239555371
0,162406155131,239610949
0,162408449529,239659580
0,162410743927,239577132
0,162413038325,239629990
0,162575292583,239676241
0,162575335783,239716710
0,162575378983,239752121
0,162575422183,239783105
0,162575465383,239810216
0,162575508583,239833939
0,162575551783,239854696
0,162575594983,239872859
0,162575638183,239888751
0,162575681383,239777657
0,162575724583,239680449
0,162575767783,239595392
0,162575810983,239520968
0,162575854183,239455847
0,162575897383,239398866
0,162575940583,239349007
0,162575983783,239305381
0,162576026983,239392208
0,162576070183,239468182
0,162576113383,239534659
0,162576156583,239592826
0,162576199783,239643722
0,162576242983,239688256
0,162576286183,239727224
0,162576329383,239761321
0,162576372583,239791155
0,162576415783,239817260
0,162576458983,239840102
0,162576502183,239860089
0,162576988426,239752577
0,162579282824,239783504
0,162581577222,239810566
0,162583871620,239709245
0,162586166018,239745589
0,162588460416,239777390
0,162590754814,239680216
0,162593049212,239720189
0,162595343610,239755165
0,162597638008,239785769
0,162599932406,239687547
0,162602226804,239726603
0,162604521202,239760777
0,162606815600,239665679
0,162609109998,239707469
0,162611404396,239744035
0,162613698794,239651030
0,162615993192,239569651
0,162618287590,239623444
0,162620581988,239670513
0,162622876386,239586698
0,162625170784,239638360
0,162627465182,239683565
0,162629759580,239598119
0,162632053978,239648354
0,162634348376,239692309
0,162636642774,239730770
0,162638937172,239639423
0,162641231570,239684495
0,162643525968,239723933
0,162645820366,239633441
0,162648114764,239679260
0,162650409162,239719352
0,162652703560,239629433
0,162816105017,239800753
0,162816148217,239950658
0,162816191417,240081825
0,162816234617,240196596
0,162816277817,240297021
0,162816321017,240384893
0,162816364217,240461781
0,162816407417,240529058
0,162816450617,240587925
0,162816493817,240639434
0,162816537017,240684504
0,162816580217,240723941
0,162816623417,240758448
0,162816666617,240788642
0,162816709817,240815061
0,162816753017,240838178
0,162816796217,240858405
0,162816839417,240751104
0,162816882617,240657216
0,162816925817,240575064
0,162816969017,240503181
0,162817012217,240565283
0,162817055417,240619622
0,162817098617,240667169
0,162817141817,240708772
0,162817185017,240745175
0,162817228217,240777028
0,162817271417,240804899
0,162817314617,240829286
0,162817357817,240850625
0,162818948059,240619296
0,162821242457,240541884
0,162823536855,240474148
0,162825831253,240289879
0,162828125651,240253644
0,162830420049,240471938
0,162832714447,240662945
0,162835008845,240830076
0,162837303243,240976316
0,162839597641,241104276
0,162841892039,241216241
0,162844186437,241314210
0,162846480835,241399933
0,162848775233,241474941
0,162851069631,241540573
0,162853364029,241598001
0,162855658427,241648250
0,162857952825,241692218
0,162860247223,241730690
0,162862541621,241764353
0,162864836019,241793808
0,162867130417,241819582
0,162869424815,241842134
0,162871719213,241861867
0,162874013611,241879133
0,162876308009,241894241
0,162878602407,241907460
0,162880896805,241919027
0,162883191203,241929148
0,162885485601,241938004
0,162887779999,241945753
0,162890074397,241952533
0,162892368795,241958466
0,163055770252,262088657
0,163055813452,259202574
0,163055856652,256677252
0,163055899852,254467595
0,163055943052,252534145
0,163055986252,250842376
0,163056029452,249487079
0,163056072652,248301194
0,163056115852,247263544
0,163056159052,246355601
0,163056202252,245561150
0,163056245452,244866006
0,163056288652,244257755
0,163056331852,243725535
0,163056375052,243259843
0,163056418252,242852362
0,163056461452,242495816
0,163056504652,242183839
0,163056547852,241910859
0,163056591052,241672001
0,163056634252,241463000
0,163056677452,241280125
0,163056720652,240995109
0,163056763852,240745720
0,163056807052,240527505
0,163056850252,240336566
0,163056893452,240169495
0,163056936652,240023308
0,163056979852,239895394
0,163057023052,239908469
0,163058613294,240044910
0,163060907692,240289296
0,163063202090,240503134
0,163065496488,240690242
0,163067790886,240853961
0,163070085284,240997215
0,163072379682,241122563
0,163074674080,241232242
0,163076968478,241203211
0,163079262876,241302809
0,163081557274,241389957
0,163083851672,241466212
0,163086146070,241532935
0,163088440468,241591318
0,163090734866,241642403
0,163093029264,241687102
0,163095323662,241726214
0,163097618060,241760437
0,163099912458,241790382
0,163102206856,241816584
0,163104501254,241839511
0,163106795652,241859572
0,163109090050,241877125
0,163111384448,241892484
0,163113678846,241905923
0,163115973244,241792682
0,163118267642,241818596
0,163120562040,241841271
0,163122856438,241861112
0,163125150836,241878473
0,163127445234,241893663
0,163129739632,241906955
0,163132034030,241918585
0,163296582686,262178761
0,163296625886,259531415
0,163296669086,257214988
0,163296712286,255188114
0,163296755486,253414599
0,163296798686,251862774
0,163296841886,250504927
0,163296885086,249191811
0,163296928286,248042834
0,163296971486,247037479
0,163297014686,246282794
0,163297057886,245622444
0,163297101086,245044638
0,163297144286,244539058
0,163297187486,244096675
0,163297230686,243709590
0,163297273886,243370891
0,163297317086,243074529
0,163297360286,242815212
0,163297403486,242588310
0,163297446686,242389771
0,163297489886,242216049
0,163297533086,242064042
0,163297576286,241931036
0,163297619486,241814656
0,163297662686,241712824
0,163297705886,241623721
0,163297749086,241545755
0,163297792286,241477535
0,163297835486,241417843
0,163298278529,241365612
0,163300572927,241444910
0,163302867325,241514296
0,163305161723,241575009
0,163307456121,241628132
0,163309750519,241674615
0,163312044917,241715288
0,163314339315,241750877
0,163316633713,241782017
0,163318928111,241809264
0,163321222509,241833106
0,163323516907,241853967
0,163325811305,241872221
0,163328105703,241888193
0,163330400101,241902168
0,163332694499,241914397
0,163334988897,241800097
0,163337283295,241825084
0,163339577693,241846948
0,163341872091,241866079
0,163344166489,241882819
0,163346460887,241897466
0,163348755285,241910282
0,163351049683,241921496
0,163353344081,241931309
0,163355638479,241939895
0,163357932877,241947408
0,163360227275,241953982
0,163362521673,241959734
0,163364816071,241964767
0,163367110469,241969171
0,163369404867,241973024
0,163371699265,241976396
0,163373993663,241854346
0,163538542319,241872552
0,163538585519,241888483
0,163538628719,241902422
0,163538671919,241914619
0,163538715119,241925291
0,163538758319,241934629
0,163538801519,241942800
0,163538844719,241949950
0,163538887919,241956206
0,163538931119,241961680
0,163538974319,241841470
0,163539017519,241861286
0,163539060719,241878625
0,163539103919,241893796
0,163539147119,241907071
0,163539190319,241918687
0,163539233519,241928851
0,163539276719,241937744
0,163539319919,241945526
0,163539363119,241952335
0,163539406319,241958293
0,163539449519,241963506
0,163539492719,241968067
0,163539535919,241972058
0,163539579119,241975550
0,163539622319,241978606
0,163539665519,241981280
0,163539708719,241983620
0,163539751919,241985667
0,163539795119,241987458
0,163540238162,241989025
0,163542532560,241990396
0,163544826958,241991596
0,163547121356,241992646
0,163549415754,241993565
0,163551710152,241994369
0,163554004550,241995072
0,163556298948,241995688
0,163558593346,241996227
0,163560887744,241996698
0,163563182142,241997110
0,163565476540,241997471
0,163567770938,241997787
0,163570065336,241998063
0,163572359734,241998305
0,163574654132,241998516
0,163576948530,241998701
0,163579242928,241998863
0,163581537326,241999005
0,163583831724,241999129
0,163586126122,241999237
0,163588420520,241999332
0,163590714918,241999415
0,163593009316,241999488
0,163595303714,241999552
0,163597598112,241999608
0,163599892510,241999657
0,163602186908,241999699
0,163604481306,241999736
0,163606775704,241999769
0,163609070102,241999797
0,163611364500,241999822
0,163613658898,241999844
0,163615953296,241999863
0,163781649151,242124880
0,163781692351,242234270
0,163781735551,242329986
0,163781778751,242413737
0,163781821951,242487019
0,163781865151,242551141
0,163781908351,242607248
0,163781951551,242656342
0,163781994751,242699299
0,163782037951,242861886
0,163782081151,243004150
0,163782124351,243003631
0,163782167551,243003177
0,163782210751,243002779
0,163782253951,243002431
0,163782297151,243002127
0,163782340351,243001861
0,163782383551,243001628
0,163782426751,243001424
0,163782469951,243001246
0,163782513151,243001090
0,163782556351,243000953
0,163782599551,243000833
0,163782642751,243000728
0,163782685951,243000637
0,163782729151,243000557
0,163782772351,243000487
0,163782815551,243000426
0,163782858751,243000372
0,163782901951,243000325
0,163782945151,242875284
0,163784492193,242765873
0,163786786591,242670138
0,163789080989,242586370
0,163791375387,242513073
0,163793669785,242448938
0,163795964183,242267820
0,163798258581,242234342
0,163800552979,242205049
0,163802847377,242179417
0,163805141775,242156989
0,163807436173,242137365
0,163809730571,242120194
0,163812024969,242105169
0,163814319367,242092022
0,163816613765,242080519
0,163818908163,242070454
0,163821202561,242061647
0,163823496959,242053941
0,163825791357,242047198
0,163828085755,242041298
0,163830380153,242036135
0,163832674551,242031618
0,163834968949,241902665
0,163837263347,241914831
0,163839557745,241925477
0,163841852143,241934792
0,163844146541,241942943
0,163846440939,242200075
0,163848735337,242425065
0,163851029735,242746931
0,163853324133,242903564
0,163855618531,243040618
0,163857912929,243160540
0,164023608784,263765472
0,164023651984,261044788
0,164023695184,258664189
0,164023738384,256581165
0,164023781584,254758519
0,164023824784,253163704
0,164023867984,251768241
0,164023911184,250547210
0,164023954384,249478808
0,164023997584,248543957
0,164024040784,247725962
0,164024083984,247010216
0,164024127184,246383939
0,164024170384,245835946
0,164024213584,245356452
0,164024256784,244936895
0,164024299984,244569783
0,164024343184,244248560
0,164024386384,243967490
0,164024429584,243721553
0,164024472784,243506358
0,164024515984,243318063
0,164024559184,243153305
0,164024602384,243009141
0,164024645584,242882998
0,164024688784,242772623
0,164024731984,242676045
0,164024775184,242591539
0,164024818384,242517596
0,164024861584,242452896
0,164024904784,242396284
0,164026451826,242596748
0,164028746224,242772154
0,164031040622,243050634
0,164033335020,243169304
0,164035629418,243273141
0,164037923816,243363998
0,164040218214,243568498
0,164042512612,243622435
0,164044807010,243669630
0,164047101408,243835926
0,164049395806,243856435
0,164051690204,243874380
0,164053984602,243890082
0,164056279000,243903821
0,164058573398,243915843
0,164060867796,243926362
0,164063162194,244060566
0,164065456592,244052995
0,164067750990,244046370
0,164070045388,244165573
0,164072339786,244144876
0,164074634184,244126766
0,164076928582,244110920
0,164079222980,244222055
0,164081517378,244194298
0,164083811776,244170010
0,164086106174,244273758
0,164088400572,244239538
0,164090694970,244209595
0,164092989368,244183395
0,164095283766,244160470
0,164097578164,244140411
0,164099872562,244122859
0,164265568417,264607501
0,164265611617,261781563
0,164265654817,259308867
0,164265698017,257145258
0,164265741217,255252100
0,164265784417,253595587
0,164265827617,252146138
0,164265870817,250877870
0,164265914017,249768136
0,164265957217,248797119
0,164266000417,248072479
0,164266043617,247313419
0,164266086817,246649241
0,164266130017,246068085
0,164266173217,245559574
0,164266216417,245114627
0,164266259617,244725298
0,164266302817,244384635
0,164266346017,244086555
0,164266389217,243825735
0,164266432417,243597518
0,164266475617,243397828
0,164266518817,243223099
0,164266562017,243070211
0,164266605217,242936434
0,164266648417,242819379
0,164266691617,242716956
0,164266734817,242627336
0,164266778017,242548919
0,164266821217,242480304
0,164266864417,242420266
0,164268411459,242617732
0,164270705857,242790515
0,164273000255,243066700
0,164275294653,243183362
0,164277589051,243285441
0,164279883449,243374760
0,164282177847,243577915
0,164284472245,243630675
0,164286766643,243676840
0,164289061041,243842235
0,164291355439,243861955
0,164293649837,243879210
0,164295944235,243894308
0,164298238633,244032519
0,164300533031,244028454
0,164302827429,244024897
0,164305121827,244146784
0,164307416225,244128436
0,164309710623,244112381
0,164312005021,244223333
0,164314299419,244195416
0,164316593817,244170989
0,164318888215,244149615
0,164321182613,244255913
0,164323477011,244223923
0,164325771409,244195932
0,164328065807,244296440
0,164330360205,244259385
0,164332654603,244226961
0,164334949001,244198590
0,164337243399,244298766
0,164339537797,244261420
0,164341832195,244228742
0,164508675249,264825149
0,164508718449,262097005
0,164508761649,259709879
0,164508804849,257621144
0,164508848049,255793501
0,164508891249,254194313
0,164508934449,252795023
0,164508977649,251570645
0,164509020849,250624314
0,164509064049,249796274
0,164509107249,249071739
0,164509150449,248312771
0,164509193649,247648674
0,164509236849,247067589
0,164509280049,246559140
0,164509323249,246114247
0,164509366449,245724966
0,164509409649,245384345
0,164509452849,245086301
0,164509496049,244825513
0,164509539249,244597323
0,164509582449,244397657
0,164509625649,244222949
0,164509668849,244070080
0,164509712049,243936320
0,164509755249,243819280
0,164509798449,243716870
0,164509841649,243627261
0,164509884849,243548853
0,164509928049,243480246
0,164509971249,243420215
0,164510371092,243492688
0,164512665490,243556102
0,164514959888,243611589
0,164517254286,243660140
0,164519548684,243702622
0,164521843082,243739794
0,164524137480,243897319
0,164526431878,243910154
0,164528726276,243921384
0,164531020674,244056211
0,164533315072,244049184
0,164535609470,244043036
0,164537903868,244037656
0,164540198266,244157949
0,164542492664,244138205
0,164544787062,244120929
0,164547081460,244230812
0,164549375858,244201960
0,164551670256,244176715
0,164553964654,244154625
0,164556259052,244135296
0,164558553450,244118384
0,164560847848,244103586
0,164563142246,244215637
0,164565436644,244188682
0,164567731042,244165096
0,164570025440,244269459
0,164572319838,244235776
0,164574614236,244206304
0,164576908634,244180516
0,164579203032,244282951
0,164581497430,244247582
0,164583791828,244216634
0,164586086226,244314554
0,164752929280,244275234
0,164752972480,244240829
0,164753015680,244335725
0,164753058880,244418759
0,164753102080,244491414
0,164753145280,244554987
0,164753188480,244610613
0,164753231680,244659286
0,164753274880,244576875
0,164753318080,244504765
0,164753361280,244441669
0,164753404480,244386460
0,164753447680,244338152
0,164753490880,244295883
0,164753534080,244258897
0,164753577280,244226534
0,164753620480,244198217
0,164753663680,244173439
0,164753706880,244151759
0,164753750080,244132789
0,164753793280,244116190
0,164753836480,244101666
0,164753879680,244088957
0,164753922880,244077837
0,164753966080,244068107
0,164754009280,244184593
0,164754052480,244286518
0,164754095680,244375703
0,164754138880,244453740
0,164754182080,244522022
0,164754225280,244581769
0,164754625123,244509047
0,164756919521,244445416
0,164759213919,244514739
0,164761508317,244450396
0,164763802715,244394096
0,164766097113,244469834
0,164768391511,244411104
0,164770685909,244359716
0,164772980307,244314751
0,164775274705,244275407
0,164777569103,244240981
0,164779863501,244210858
0,164782157899,244309500
0,164784452297,244270812
0,164786746695,244236960
0,164789041093,244332340
0,164791335491,244290797
0,164793629889,244254447
0,164795924287,244222641
0,164798218685,244319810
0,164800513083,244279833
0,164802807481,244244853
0,164805101879,244339246
0,164807396277,244296840
0,164809690675,244259735
0,164811985073,244227268
0,164814279471,244198859
0,164816573869,244174001
0,164818868267,244152250
0,164821162665,244258218
0,164823457063,244225940
0,164825751461,244197697
0,164828045859,244297984
0,164830340257,244260736
0,164998330510,244478144
0,164998373710,244668376
0,164998416910,244709829
0,164998460110,244746100
0,164998503310,244777837
0,164998546510,244805607
0,164998589710,244829906
0,164998632910,244851167
0,164998676110,244869771
0,164998719310,244886049
0,164998762510,244900292
0,164998805710,244912755
0,164998848910,244923660
0,164998892110,244933202
0,164998935310,244941551
0,164998978510,244948857
0,164999021710,245080249
0,164999064910,245195217
0,164999108110,245295814
0,164999151310,245383837
0,164999194510,245460857
0,164999237710,245528249
0,164999280910,245587217
0,164999324110,245638814
0,164999367310,245683962
0,164999410510,245723466
0,164999453710,245633032
0,164999496910,245553903
0,164999540110,245484665
0,164999583310,245424081
0,164999626510,245371070
0,164999669710,245324686
0,165001173552,245534100
0,165003467950,245717337
0,165005762348,245752669
0,165008056746,245908585
0,165010351144,246045011
0,165012645542,246039384
0,165014939940,246034461
0,165017234338,246155153
0,165019528736,246260758
0,165021823134,246228163
0,165024117532,246324642
0,165026411930,246409061
0,165028706328,246357928
0,165031000726,246438187
0,165033295124,246508413
0,165035589522,246444861
0,165037883920,246389253
0,165040178318,246465596
0,165042472716,246532396
0,165044767114,246465846
0,165047061512,246532615
0,165049355910,246591038
0,165051650308,246517158
0,165053944706,246452513
0,165056239104,246520948
0,165058533502,246580829
0,165060827900,246508225
0,165063122298,246569696
0,165065416696,246623484
0,165067711094,246545548
0,165070005492,246602354
0,165072299890,246652059
0,165074594288,246570551
0,165242584541,267249232
0,165242627741,264343078
0,165242670941,261800193
0,165242714141,259575168
0,165242757341,257628272
0,165242800541,255924738
0,165242843741,254434145
0,165242886941,253129876
0,165242930141,251988641
0,165242973341,250990060
0,165243016541,250241302
0,165243059741,249586139
0,165243102941,249012871
0,165243146141,248511262
0,165243189341,248072354
0,165243232541,247688309
0,165243275741,247352270
0,165243318941,246933236
0,165243362141,246566581
0,165243405341,246245758
0,165243448541,245965038
0,165243491741,245719408
0,165243534941,245504482
0,165243578141,245316421
0,165243621341,245151868
0,165243664541,245007884
0,165243707741,244881898
0,165243750941,244771660
0,165243794141,244675202
0,165243837341,244590801
0,165243880541,244516950
0,165243923741,244452331
0,165245427583,244645789
0,165247721981,244815065
0,165250016379,245088181
0,165252310777,245327158
0,165254605175,245411263
0,165256899573,245484855
0,165259193971,245674248
0,165261488369,245839967
0,165263782767,245859971
0,165266077165,246002474
0,165268371563,246127164
0,165270665961,246111268
0,165272960359,246097359
0,165275254757,246210189
0,165277549155,246183915
0,165279843553,246160925
0,165282137951,246265809
0,165284432349,246357582
0,165286726747,246312884
0,165289021145,246398773
0,165291315543,246473926
0,165293609941,246414685
0,165295904339,246362849
0,165298198737,246442492
0,165300493135,246512180
0,165302787533,246448157
0,165305081931,246517137
0,165307376329,246577494
0,165309670727,246505307
0,165311965125,246442143
0,165314259523,246511875
0,165316553921,246447890
0,165318848319,246391903
0,165487985771,267217915
0,165488028971,264565675
0,165488072171,262244965
0,165488115371,260214344
0,165488158571,258437551
0,165488201771,256882857
0,165488244971,255522499
0,165488288171,254332186
0,165488331371,253290662
0,165488374571,252379329
0,165488417771,251581912
0,165488460971,250759173
0,165488504171,250039276
0,165488547371,249409366
0,165488590571,248858195
0,165488633771,248375920
0,165488676971,247953930
0,165488720171,247584688
0,165488763371,247261602
0,165488806571,246978901
0,165488849771,246731538
0,165488892971,246515095
0,165488936171,246325708
0,165488979371,246159994
0,165489022571,246139994
0,165489065771,246122494
0,165489108971,246107182
0,165489152171,246093784
0,165489195371,246082061
0,165489238571,246071803
0,165489281771,246062827
0,165489324971,246054973
0,165489681614,246048101
0,165491976012,246042088
0,165494270410,246161827
0,165496564808,246141598
0,165498859206,246123898
0,165501153604,246233410
0,165503448002,246329233
0,165505742400,246288078
0,165508036798,246377068
0,165510331196,246454934
0,165512625594,246398067
0,165514919992,246348308
0,165517214390,246429769
0,165519508788,246501047
0,165521803186,246438416
0,165524097584,246508614
0,165526391982,246570037
0,165528686380,246498782
0,165530980778,246436434
0,165533275176,246506879
0,165535569574,246443519
0,165537863972,246388079
0,165540158370,246464569
0,165542452768,246531497
0,165544747166,246465059
0,165547041564,246531926
0,165549335962,246590435
0,165551630360,246516630
0,165553924758,246452051
0,165556219156,246520544
0,165558513554,246580476
0,165560807952,246507916
0,165563102350,246569426
0,165565396748,246623247
0,165734534200,246670341
0,165734577400,246586548
0,165734620600,246513229
0,165734663800,246449075
0,165734707000,246392940
0,165734750200,246343822
0,165734793400,246300844
0,165734836600,246263238
0,165734879800,246230333
0,165734923000,246201541
0,165734966200,246176348
0,165735009400,246279304
0,165735052600,246369391
0,165735095800,246448217
0,165735139000,246517189
0,165735182200,246577540
0,165735225400,246630347
0,165735268600,246676553
0,165735311800,246716983
0,165735355000,246752360
0,165735398200,246783315
0,165735441400,246810400
0,165735484600,246834100
0,165735527800,246854837
0,165735571000,246747982
0,165735614200,246654484
0,165735657400,246572673
0,165735700600,246501088
0,165735743800,246438452
0,165735787000,246383645
0,165735830200,246335689
0,165735873400,246293727
0,165736230043,246382011
0,165738524441,246459259
0,165740818839,246401851
0,165743113237,246476619
0,165745407635,246542041
0,165747702033,246474285
0,165749996431,246414999
0,165752290829,246488124
0,165754585227,246427108
0,165756879625,246373719
0,165759174023,246452004
0,165761468421,246520503
0,165763762819,246455440
0,165766057217,246523510
0,165768351615,246583071
0,165770646013,246510187
0,165772940411,246446413
0,165775234809,246515611
0,165777529207,246576159
0,165779823605,246504139
0,165782118003,246566121
0,165784412401,246620355
0,165786706799,246542810
0,165789001197,246599958
0,165791295595,246649963
0,165793589993,246568717
0,165795884391,246497627
0,165798178789,246560423
0,165800473187,246615370
0,165802767585,246538448
0,165805061983,246596142
0,165807356381,246646624
0,165809650779,246565796
0,165811945177,246495071
0,165982229828,246683187
0,165982273028,246847788
0,165982316228,246991814
0,165982359428,247117837
0,165982402628,247228107
0,165982445828,247324593
0,165982489028,247409018
0,165982532228,247482890
0,165982575428,247547528
0,165982618628,247604087
0,165982661828,247653576
0,165982705028,247571879
0,165982748228,247500394
0,165982791428,247437844
0,165982834628,247383113
0,165982877828,247335223
0,165982921028,247293320
0,165982964228,247256655
0,165983007428,247349573
0,165983050628,247430876
0,165983093828,247502016
0,165983137028,247564264
0,165983180228,247618731
0,165983223428,247666389
0,165983266628,247708090
0,165983309828,247744578
0,165983353028,247776505
0,165983396228,247804441
0,165983439428,247828885
0,165983482628,247850274
0,165983525828,247868989
0,165983569028,247885365
0,165983612228,247899694
0,165985072870,248037232
0,165987367268,248157578
0,165989661666,248262880
0,165991956064,248230020
0,165994250462,248326267
0,165996544860,248410483
0,165998839258,248484172
0,166001133656,248548650
0,166003428054,248605068
0,166005722452,248654434
0,166008016850,248697629
0,166010311248,248735425
0,166012605646,248768496
0,166014900044,248672434
0,166017194442,248713379
0,166019488840,248749206
0,166021783238,248780555
0,166024077636,248807985
0,166026372034,248831986
0,166028666432,248852987
0,166030960830,248746363
0,166033255228,248778067
0,166035549626,248805808
0,166037844024,248705082
0,166040138422,248741946
0,166042432820,248774202
0,166044727218,248802426
0,166047021616,248827122
0,166049316014,248848731
0,166051610412,248867639
0,166053904810,248759184
0,166056199208,248789286
0,166058493606,248815625
0,166228778257,269838671
0,166228821457,266858837
0,166228864657,264251482
0,166228907857,261970046
0,166228951057,259973790
0,166228994257,258227066
0,166229037457,256823682
0,166229080657,255595721
0,166229123857,254521255
0,166229167057,253581098
0,166229210257,252758460
0,166229253457,252038652
0,166229296657,251408820
0,166229339857,250857717
0,166229383057,250375502
0,166229426257,249953564
0,166229469457,249584368
0,166229512657,249261322
0,166229555857,248978656
0,166229599057,248606324
0,166229642257,248280533
0,166229685457,247995466
0,166229728657,247746032
0,166229771857,247527778
0,166229815057,247336805
0,166229858257,247169704
0,166229901457,247023491
0,166229944657,246895554
0,166229987857,246783609
0,166230031057,246810657
0,166230074257,246834324
0,166230117457,246855033
0,166230160657,246873153
0,166231621299,247014008
0,166233915697,247137257
0,166236210095,247370099
0,166238504493,247573836
0,166240798891,247752106
0,166243093289,247908092
0,166245387687,248044580
0,166247682085,248164007
0,166249976483,248143506
0,166252270881,248250567
0,166254565279,248344246
0,166256859677,248301215
0,166259154075,248388563
0,166261448473,248464992
0,166263742871,248531868
0,166266037269,248590384
0,166268331667,248641586
0,166270626065,248686387
0,166272920463,248600588
0,166275214861,248650514
0,166277509259,248694199
0,166279803657,248732424
0,166282098055,248765871
0,166284392453,248795137
0,166286686851,248820744
0,166288981249,248718151
0,166291275647,248753382
0,166293570045,248784209
0,166295864443,248686182
0,166298158841,248725409
0,166300453239,248759732
0,166302747637,248789765
0,166305042035,248816044
0,166476473885,269964038
0,166476517085,267218533
0,166476560285,264816216
0,166476603485,262714189
0,166476646685,260874915
0,166476689885,259265550
0,166476733085,257857356
0,166476776285,256500186
0,166476819485,255312662
0,166476862685,254273579
0,166476905885,253364381
0,166476949085,252568833
0,166476992285,251872728
0,166477035485,251388637
0,166477078685,250965057
0,166477121885,250594424
0,166477165085,250270121
0,166477208285,249986355
0,166477251485,249738060
0,166477294685,249520802
0,166477337885,249330701
0,166477381085,249164363
0,166477424285,249018817
0,166477467485,248891464
0,166477510685,248780031
0,166477553885,248682527
0,166477597085,248597211
0,166477640285,248522559
0,166477683485,248457239
0,166477726685,248400084
0,166477769885,248225073
0,166477813085,248071938
0,166477856285,247937945
0,166478169728,247945701
0,166480464126,248077488
0,166482758524,248192802
0,166485052922,248293701
0,166487347320,248381988
0,166489641718,248459239
0,166491936116,248401834
0,166494230514,248476604
0,166496524912,248542028
0,166498819310,248599274
0,166501113708,248649364
0,166503408106,248693193
0,166505702504,248731543
0,166507996902,248640100
0,166510291300,248685087
0,166512585698,248724451
0,166514880096,248633894
0,166517174494,248679657
0,166519468892,248719699
0,166521763290,248754736
0,166524057688,248785394
0,166526352086,248812219
0,166528646484,248835691
0,166530940882,248731229
0,166533235280,248764825
0,166535529678,248794221
0,166537824076,248819943
0,166540118474,248842450
0,166542412872,248862143
0,166544707270,248879375
0,166547001668,248894453
0,166549296066,248907646
0,166551590464,248919190
0,166553884862,248804291
0,166725316712,248828754
0,166725359912,248850159
0,166725403112,248868889
0,166725446312,248885277
0,166725489512,248899617
0,166725532712,248912164
0,166725575912,248923143
0,166725619112,248932750
0,166725662312,248941156
0,166725705512,248948511
0,166725748712,248954947
0,166725791912,248960578
0,166725835112,248965505
0,166725878312,248844816
0,166725921512,248739214
0,166725964712,248646812
0,166726007912,248690960
0,166726051112,248729590
0,166726094312,248763391
0,166726137512,248792967
0,166726180712,248818846
0,166726223912,248841490
0,166726267112,248861303
0,166726310312,248878640
0,166726353512,248893810
0,166726396712,248907083
0,166726439912,248918697
0,166726483112,248928859
0,166726526312,248937751
0,166726569512,248945532
0,166726612712,248952340
0,166726655912,248958297
0,166726699112,248963509
0,166727012555,248968070
0,166729306953,248972061
0,166731601351,248975553
0,166733895749,248853608
0,166736190147,248871907
0,166738484545,248887918
0,166740778943,248901928
0,166743073341,248914187
0,166745367739,248924913
0,166747662137,248934298
0,166749956535,248817510
0,166752250933,248840321
0,166754545331,248860280
0,166756839729,248877745
0,166759134127,248893026
0,166761428525,248906397
0,166763722923,248918097
0,166766017321,248928334
0,166768311719,248937292
0,166770606117,248945130
0,166772900515,248826988
0,166775194913,248848614
0,166777489311,248867537
0,166779783709,248884094
0,166782078107,248898582
0,166784372505,248911259
0,166786666903,248922351
0,166788961301,248807057
0,166791255699,248831174
0,166793550097,248852277
0,166795844495,248745742
0,166798138893,248777524
0,166800433291,248805333
0,166802727689,248829666
0,166975306738,248975957
0,166975349938,249103962
0,166975393138,249215966
0,166975436338,249313970
0,166975479538,249399723
0,166975522738,249474757
0,166975565938,249540412
0,166975609138,249597860
0,166975652338,249648127
0,166975695538,249692111
0,166975738738,249730597
0,166975781938,249764272
0,166975825138,249793738
0,166975868338,249819520
0,166975911538,249842080
0,166975954738,249861820
0,166975997938,249754092
0,166976041138,249784830
0,166976084338,249811726
0,166976127538,249835260
0,166976170738,249855852
0,166976213938,249873870
0,166976257138,249889636
0,166976300338,249903431
0,166976343538,249915502
0,166976386738,249926064
0,166976429938,249935306
0,166976473138,249943392
0,166976516338,249950468
0,166976559538,249956659
0,166976602738,249962076
0,166976645938,249966816
0,166976689138,249970964
0,166976732338,249849593
0,166978149780,249743393
0,166980444178,249650468
0,166982738576,249569159
0,166985032974,249498014
0,166987327372,249435762
0,166989621770,249631291
0,166991916168,249802379
0,166994210566,249952081
0,166996504964,250083070
0,166998799362,250197686
0,167001093760,250422975
0,167003388158,250495103
0,167005682556,250558215
0,167007976954,250613438
0,167010271352,250661758
0,167012565750,250704038
0,167014860148,250741033
0,167017154546,250773403
0,167019448944,250801727
0,167021743342,250826511
0,167024037740,250973197
0,167026332138,250976547
0,167028626536,250979478
0,167030920934,250982043
0,167033215332,250984287
0,167035509730,250986251
0,167037804128,250987969
0,167040098526,251114472
0,167042392924,251100163
0,167044687322,251087642
0,167046981720,251076686
0,167049276118,251067100
0,167051570516,251058712
0,167224149565,272426373
0,167224192765,269498076
0,167224235965,266935816
0,167224279165,264693839
0,167224322365,262732109
0,167224365565,261015595
0,167224408765,259513645
0,167224451965,258199439
0,167224495165,257049509
0,167224538365,256043320
0,167224581565,255162905
0,167224624765,254392541
0,167224667965,253718473
0,167224711165,253128663
0,167224754365,252612580
0,167224797565,252161007
0,167224840765,251765881
0,167224883965,251420145
0,167224927165,250992626
0,167224970365,250618547
0,167225013565,250416228
0,167225056765,250239199
0,167225099965,250084299
0,167225143165,249948761
0,167225186365,249830165
0,167225229565,249726394
0,167225272765,249635594
0,167225315965,249556144
0,167225359165,249486626
0,167225402365,249425797
0,167225445565,249372572
0,167225488765,249326000
0,167225531965,249285250
0,167225575165,249249593
0,167226992607,249343393
0,167229287005,249550468
0,167231581403,249731659
0,167233875801,249890201
0,167236170199,250028925
0,167238464597,250150309
0,167240758995,250256520
0,167243053393,250474455
0,167245347791,250540148
0,167247642189,250597629
0,167249936587,250647925
0,167252230985,250691934
0,167254525383,250730442
0,167256819781,250764136
0,167259114179,250918619
0,167261408577,250928791
0,167263702975,250937692
0,167265997373,250945480
0,167268291771,250952295
0,167270586169,250958258
0,167272880567,250963475
0,167275174965,250968040
0,167277469363,250972035
0,167279763761,250975530
0,167282058159,251103588
0,167284352557,251090639
0,167286646955,251079309
0,167288941353,251069395
0,167291235751,251060720
0,167293530149,251053130
0,167295824547,251046488
0,167298118945,251165677
0,167300413343,251144967
0,167474139591,272626846
0,167474182791,269798490
0,167474225991,267323678
0,167474269191,265158218
0,167474312391,263263440
0,167474355591,261605510
0,167474398791,260154821
0,167474441991,258885468
0,167474485191,257774784
0,167474528391,256802936
0,167474571591,255952569
0,167474614791,255208497
0,167474657991,254557434
0,167474701191,253987754
0,167474744391,253489284
0,167474787591,253053123
0,167474830791,252671482
0,167474873991,252337546
0,167474917191,252045352
0,167474960391,251789683
0,167475003591,251690972
0,167475046791,251479600
0,167475089991,251294650
0,167475133191,251132818
0,167475176391,250991215
0,167475219591,250867313
0,167475262791,250758898
0,167475305991,250664035
0,167475349191,250581030
0,167475392391,250508401
0,167475435591,250444850
0,167475478791,250389243
0,167475521991,250340587
0,167475565191,250298013
0,167475835434,250260761
0,167478129832,250478165
0,167480424230,250543394
0,167482718628,250600469
0,167485013026,250775410
0,167487307424,250803483
0,167489601822,250828047
0,167491896220,250849541
0,167494190618,250868348
0,167496485016,250884804
0,167498779414,250899203
0,167501073812,251036802
0,167503368210,251032201
0,167505662608,251028175
0,167507957006,251024653
0,167510251404,251021571
0,167512545802,251018874
0,167514840200,251016514
0,167517134598,251139449
0,167519428996,251122017
0,167521723394,251106764
0,167524017792,251218418
0,167526312190,251191115
0,167528606588,251167225
0,167530900986,251146321
0,167533195384,251128030
0,167535489782,251112026
0,167537784180,251098022
0,167540078578,251210769
0,167542372976,251184422
0,167544667374,251161369
0,167546961772,251141197
0,167549256170,251123547
0,167551550568,251108103
0,167725276816,251094590
0,167725320016,251082766
0,167725363216,251072420
0,167725406416,251063367
0,167725449616,251055446
0,167725492816,251048515
0,167725536016,251042450
0,167725579216,251037143
0,167725622416,251032500
0,167725665616,251028437
0,167725708816,251024882
0,167725752016,251021771
0,167725795216,251019049
0,167725838416,251016667
0,167725881616,251014583
0,167725924816,251012760
0,167725968016,251011165
0,167726011216,251134769
0,167726054416,251242922
0,167726097616,251337556
0,167726140816,251295361
0,167726184016,251258440
0,167726227216,251226135
0,167726270416,251197868
0,167726313616,251173134
0,167726356816,251151492
0,167726400016,251132555
0,167726443216,251115985
0,167726486416,251101486
0,167726529616,251088800
0,167726572816,251077700
0,167726616016,251067987
0,167726659216,251059488
0,167726702416,251052052
0,167726972659,251045545
0,167729267057,251039851
0,167731561455,251034869
0,167733855853,251030510
0,167736150251,251026696
0,167738444649,251023359
0,167740739047,251020439
0,167743033445,251142884
0,167745327843,251125023
0,167747622241,251109395
0,167749916639,251095720
0,167752211037,251083755
0,167754505435,251073285
0,167756799833,251064124
0,167759094231,251181108
0,167761388629,251158469
0,167763683027,251138660
0,167765977425,251121327
0,167768271823,251106161
0,167770566221,251092890
0,167772860619,251081278
0,167775155017,251071118
0,167777449415,251062228
0,167779743813,251054449
0,167782038211,251172642
0,167784332609,251151061
0,167786627007,251132178
0,167788921405,251115655
0,167791215803,251101198
0,167793510201,251088548
0,167795804599,251077479
0,167798098997,251192794
0,167800393395,251168694
0,167802687793,251147607
0,167977561240,251254156
0,167977604440,251347386
0,167977647640,251428962
0,167977690840,251500341
0,167977734040,251562798
0,167977777240,251617448
0,167977820440,251665267
0,167977863640,251707108
0,167977906840,251743719
0,167977950040,251775754
0,167977993240,251803784
0,167978036440,251953311
0,167978079640,252084147
0,167978122840,252198628
0,167978166040,252298799
0,167978209240,252386449
0,167978252440,252463142
0,167978295640,252405249
0,167978338840,252354592
0,167978382040,252310268
0,167978425240,252271484
0,167978468440,252237548
0,167978511640,252207854
0,167978554840,252181872
0,167978598040,252159138
0,167978641240,252139245
0,167978684440,252121839
0,167978727640,252106609
0,167978770840,252093282
0,167978814040,252081621
0,167978857240,252071418
0,167978900440,252062490
0,167978943640,252054678
0,167978986840,252047843
0,167979030040,252166862
0,167980404282,252021004
0,167982698680,251893378
0,167984993078,251781705
0,167987287476,251683991
0,167989581874,251598492
0,167991876272,251523680
0,167994170670,251458220
0,167996465068,251400942
0,167998759466,251350824
0,168001053864,251431971
0,168003348262,251377974
0,168005642660,251580727
0,168007937058,251758136
0,168010231456,252038369
0,168012525854,252158572
0,168014820252,252263750
0,168017114650,252480781
0,168019409048,252670683
0,168021703446,252711847
0,168023997844,252747866
0,168026292242,252904382
0,168028586640,252916334
0,168030881038,252926792
0,168033175436,253060943
0,168035469834,253053325
0,168037764232,253046659
0,168040058630,253165826
0,168042353028,253270097
0,168044647426,253236334
0,168046941824,253206792
0,168049236222,253305943
0,168051530620,253267700
0,168053825018,253234237
0,168228698465,274829957
0,168228741665,271851212
0,168228784865,269244810
0,168228828065,266964208
0,168228871265,264968682
0,168228914465,263222596
0,168228957665,261694771
0,168229000865,260482924
0,168229044065,259422558
0,168229087265,258494738
0,168229130465,257682895
0,168229173665,256972533
0,168229216865,256225966
0,168229260065,255572720
0,168229303265,255001130
0,168229346465,254500988
0,168229389665,254063364
0,168229432865,253680443
0,168229476065,253345387
0,168229519265,253052213
0,168229562465,252795686
0,168229605665,252571225
0,168229648865,252374821
0,168229692065,252202968
0,168229735265,252052597
0,168229778465,251921022
0,168229821665,251805894
0,168229864865,251705157
0,168229908065,251617012
0,168229951265,251539885
0,168229994465,251472399
0,168230037665,251538349
0,168230080865,251596055
0,168230124065,251646548
0,168230167265,251690729
0,168231541507,251729387
0,168233835905,251888213
0,168236130303,252152186
0,168238424701,252383162
0,168240719099,252460266
0,168243013497,252652732
0,168245307895,252821140
0,168247602293,252843497
0,168249896691,252863059
0,168252191089,253005176
0,168254485487,253004529
0,168256779885,253003962
0,168259074283,253128466
0,168261368681,253237407
0,168263663079,253207731
0,168265957477,253181764
0,168268251875,253284043
0,168270546273,253248537
0,168272840671,253217469
0,168275135069,253315285
0,168277429467,253400874
0,168279723865,253350764
0,168282018263,253431918
0,168284312661,253502928
0,168286607059,253440062
0,168288901457,253385054
0,168291195855,253461922
0,168293490253,253404181
0,168295784651,253353658
0,168298079049,253434450
0,168300373447,253505143
0,168302667845,253442000
0,168304962243,253386750
0,168480982889,275088406
0,168481026089,272327355
0,168481069289,269911435
0,168481112489,267797505
0,168481155689,265947816
0,168481198889,264329339
0,168481242089,262913171
0,168481285289,261674024
0,168481328489,260464771
0,168481371689,259406674
0,168481414889,258480839
0,168481458089,257670734
0,168481501289,256961892
0,168481544489,256341655
0,168481587689,255798948
0,168481630889,255324079
0,168481674089,254908569
0,168481717289,254544997
0,168481760489,254226872
0,168481803689,253948513
0,168481846889,253704948
0,168481890089,253491829
0,168481933289,253305350
0,168481976489,253142181
0,168482019689,253124408
0,168482062889,253108857
0,168482106089,253095249
0,168482149289,253083342
0,168482192489,253072924
0,168482235689,253063808
0,168482278889,253055832
0,168482322089,253048853
0,168482365289,252917746
0,168482408489,252803027
0,168482451689,252702648
0,168482678732,252614817
0,168484973130,252662964
0,168487267528,252830093
0,168489561926,252851331
0,168491856324,252869914
0,168494150722,253011174
0,168496445120,253009777
0,168498739518,253008554
0,168501033916,253132484
0,168503328314,253240923
0,168505622712,253210807
0,168507917110,253184456
0,168510211508,253286399
0,168512505906,253250599
0,168514800304,253219274
0,168517094702,253316864
0,168519389100,253402256
0,168521683498,253351974
0,168523977896,253307977
0,168526272294,253394479
0,168528566692,253345169
0,168530861090,253302022
0,168533155488,253389269
0,168535449886,253340610
0,168537744284,253298033
0,168540038682,253385778
0,168542333080,253462555
0,168544627478,253404735
0,168546921876,253354143
0,168549216274,253434875
0,168551510672,253380515
0,168553805070,253332950
0,168556099468,253416331
0,168558393866,253489289
0,168734414512,253553127
0,168734457712,253483986
0,168734500912,253423487
0,168734544112,253370551
0,168734587312,253324232
0,168734630512,253283703
0,168734673712,253248240
0,168734716912,253217210
0,168734760112,253190058
0,168734803312,253166300
0,168734846512,253145512
0,168734889712,253127323
0,168734932912,253111407
0,168734976112,253097481
0,168735019312,253210295
0,168735062512,253309008
0,168735105712,253395382
0,168735148912,253470959
0,168735192112,253537089
0,168735235312,253594952
0,168735278512,253645583
0,168735321712,253689885
0,168735364912,253728649
0,168735408112,253762567
0,168735451312,253667246
0,168735494512,253583840
0,168735537712,253510860
0,168735580912,253447002
0,168735624112,253391126
0,168735667312,253342235
0,168735710512,253299455
0,168735753712,253262023
0,168735796912,253229270
0,168735840112,253200611
0,168735883312,253175534
0,168736110355,253278592
0,168738404753,253368768
0,168740699151,253322672
0,168742993549,253282338
0,168745287947,253372045
0,168747582345,253325539
0,168749876743,253284846
0,168752171141,253374240
0,168754465539,253327460
0,168756759937,253286527
0,168759054335,253375711
0,168761348733,253453747
0,168763643131,253397028
0,168765937529,253347399
0,168768231927,253428974
0,168770526325,253375352
0,168772820723,253328433
0,168775115121,253412378
0,168777409519,253485830
0,168779703917,253425101
0,168781998315,253371963
0,168784292713,253450467
0,168786587111,253394158
0,168788881509,253344888
0,168791175907,253426777
0,168793470305,253373429
0,168795764703,253326750
0,168798059101,253410906
0,168800353499,253484542
0,168802647897,253423974
0,168804942295,253370977
0,168807236693,253449604
0,168809531091,253393403
0,168811825489,253344227
0,168988993334,253426198
0,168989036534,253622923
0,168989079734,253795057
0,168989122934,253945674
0,168989166134,254077464
0,168989209334,254192781
0,168989252534,254293683
0,168989295734,254381972
0,168989338934,254459225
0,168989382134,254526821
0,168989425334,254585968
0,168989468534,254637722
0,168989511734,254683006
0,168989554934,254722630
0,168989598134,254632301
0,168989641334,254553263
0,168989684534,254484105
0,168989727734,254423591
0,168989770934,254370642
0,168989814134,254324311
0,168989857334,254283772
0,168989900534,254248300
0,168989943734,254217262
0,168989986934,254190104
0,168990030134,254291341
0,168990073334,254379923
0,168990116534,254457432
0,168990159734,254525253
0,168990202934,254584596
0,168990246134,254636521
0,168990289334,254681955
0,168990332534,254721710
0,168990375734,254756496
0,168990418934,254786934
0,168990462134,254813567
0,168990505334,254711871
0,168991836376,254497887
0,168994130774,254435651
0,168996425172,254381194
0,168998719570,254208544
0,169001013968,254182476
0,169003308366,254159666
0,169005602764,254014707
0,169007897162,253887868
0,169010191560,253901884
0,169012485958,253789148
0,169014780356,253690504
0,169017074754,253729191
0,169019369152,253763042
0,169021663550,253667661
0,169023957948,253584203
0,169026252346,253636177
0,169028546744,253556654
0,169030841142,253487072
0,169033135540,253551188
0,169035429938,253607289
0,169037724336,253531377
0,169040018734,253589954
0,169042313132,253641209
0,169044607530,253561057
0,169046901928,253490924
0,169049196326,253554558
0,169051490724,253485238
0,169053785122,253424583
0,169056079520,253746510
0,169058373918,254028196
0,169060668316,254274671
0,169062962714,254365337
0,169065257112,254569669
0,169242424957,276623460
0,169242468157,273795527
0,169242511357,271196086
0,169242554557,268921575
0,169242597757,266931378
0,169242640957,265189955
0,169242684157,263666210
0,169242727357,262332933
0,169242770557,261166316
0,169242813757,260145526
0,169242856957,259252335
0,169242900157,258470793
0,169242943357,257786943
0,169242986557,257188575
0,169243029757,256790003
0,169243072957,256441252
0,169243116157,256136095
0,169243159357,255869083
0,169243202557,255635447
0,169243245757,255431016
0,169243288957,255252139
0,169243332157,255095621
0,169243375357,254958668
0,169243418557,254838834
0,169243461757,254733979
0,169243504957,254517231
0,169243548157,254327577
0,169243591357,254161629
0,169243634557,254016425
0,169243677757,253889371
0,169243720957,253778199
0,169243764157,253680924
0,169243807357,253595808
0,169243850557,253521332
0,169243893757,253456165
0,169243936957,253399144
0,169245267999,253599251
0,169247562397,253899344
0,169249856795,254036926
0,169252151193,254282310
0,169254445591,254497021
0,169256739989,254559893
0,169259034387,254739906
0,169261328785,254897417
0,169263623183,255035239
0,169265917581,255030834
0,169268211979,255151979
0,169270506377,255257981
0,169272800775,255225733
0,169275095173,255322516
0,169277389571,255407201
0,169279683969,255481300
0,169281978367,255421137
0,169284272765,255493494
0,169286567163,255556807
0,169288861561,255487206
0,169291155959,255551305
0,169293450357,255607391
0,169295744755,255531467
0,169298039153,255590033
0,169300333551,255641278
0,169302627949,255686118
0,169304922347,255600353
0,169307216745,255650308
0,169309511143,255694019
0,169311805541,255607266
0,169314099939,255656357
0,169316394337,255699312
0,169318688735,255736898
0,169495856580,277519785
0,169495899780,274454811
0,169495942980,271772959
0,169495986180,269426339
0,169496029380,267498046
0,169496072580,265810790
0,169496115780,264334441
0,169496158980,263042635
0,169496202180,261912305
0,169496245380,260923266
0,169496288580,260057857
0,169496331780,259300624
0,169496374980,258638046
0,169496418180,258058290
0,169496461380,257551003
0,169496504580,256982127
0,169496547780,256484361
0,169496590980,256048815
0,169496634180,255667713
0,169496677380,255334248
0,169496720580,255042467
0,169496763780,254787158
0,169496806980,254563763
0,169496850180,254368292
0,169496893380,254197255
0,169496936580,254047598
0,169496979780,253916648
0,169497022980,253927067
0,169497066180,253936183
0,169497109380,253944160
0,169497152580,253951140
0,169497195780,253957247
0,169497238980,253962591
0,169497282180,253967267
0,169497325380,253971358
0,169497368580,253974938
0,169498699622,254103070
0,169500994020,254215186
0,169503288418,254438287
0,169505582816,254633501
0,169507877214,254679313
0,169510171612,254844398
0,169512466010,254988848
0,169514760408,254990242
0,169517054806,255116461
0,169519349204,255226903
0,169521643602,255323540
0,169523938000,255283097
0,169526232398,255372709
0,169528526796,255451120
0,169530821194,255394730
0,169533115592,255470388
0,169535409990,255536589
0,169537704388,255594515
0,169539998786,255520200
0,169542293184,255580175
0,169544587582,255632653
0,169546881980,255553571
0,169549176378,255609374
0,169551470776,255658202
0,169553765174,255575926
0,169556059572,255628935
0,169558353970,255675318
0,169560648368,255715903
0,169562942766,255626415
0,169565237164,255673113
0,169567531562,255713973
0,169569825960,255624726
0,169572120358,255671635
0,169750435402,277712680
0,169750478602,274873595
0,169750521802,272389395
0,169750565002,270215720
0,169750608202,268313755
0,169750651402,266524535
0,169750694602,264958968
0,169750737802,263589097
0,169750781002,262390459
0,169750824202,261341651
0,169750867402,260423944
0,169750910602,259620951
0,169750953802,258918332
0,169750997002,258303540
0,169751040202,257890597
0,169751083402,257529272
0,169751126602,257213113
0,169751169802,256936473
0,169751213002,256694413
0,169751256202,256482611
0,169751299402,256297284
0,169751342602,256135123
0,169751385802,255993232
0,169751429002,255869078
0,169751472202,255760443
0,169751515402,255665387
0,169751558602,255582213
0,169751601802,255509436
0,169751645002,255320756
0,169751688202,255155661
0,169751731402,255011203
0,169751774602,254884802
0,169751817802,254774201
0,169751861002,254677425
0,169751904202,254592746
0,169751947402,254518652
0,169752131245,254578820
0,169754425643,254756467
0,169756720041,254911908
0,169759014439,255047919
0,169761308837,255166929
0,169763603235,255271062
0,169765897633,255237179
0,169768192031,255332531
0,169770486429,255415964
0,169772780827,255363968
0,169775075225,255443472
0,169777369623,255513038
0,169779664021,255573908
0,169781958419,255502169
0,169784252817,255564397
0,169786547215,255618847
0,169788841613,255541491
0,169791136011,255598804
0,169793430409,255648953
0,169795724807,255692833
0,169798019205,255731228
0,169800313603,255764824
0,169802608001,255794221
0,169804902399,255694943
0,169807196797,255733075
0,169809491195,255766440
0,169811785593,255670635
0,169814079991,255711805
0,169816374389,255747829
0,169818668787,255779350
0,169820963185,255681931
0,169823257583,255721689
0,169825551981,255756477
0,169827846379,255661917
0,170006161423,255704177
0,170006204623,255741154
0,170006247823,255773509
0,170006291023,255801820
0,170006334223,255826592
0,170006377423,255848268
0,170006420623,255867234
0,170006463823,255883829
0,170006507023,255898350
0,170006550223,255911056
0,170006593423,255922174
0,170006636623,255931902
0,170006679823,255940414
0,170006723023,255947862
0,170006766223,255829379
0,170006809423,255725706
0,170006852623,255634992
0,170006895823,255555618
0,170006939023,255486165
0,170006982223,255425394
0,170007025423,255497219
0,170007068623,255560066
0,170007111823,255615057
0,170007155023,255663174
0,170007198223,255705277
0,170007241423,255742117
0,170007284623,255774352
0,170007327823,255802558
0,170007371023,255827238
0,170007414223,255848833
0,170007457423,255867728
0,170007500623,255884262
0,170007543823,255898729
0,170007587023,255911387
0,170007630223,255922463
0,170007673423,255932155
0,170007857266,255815635
0,170010151664,255838680
0,170012446062,255858845
0,170014740460,255751489
0,170017034858,255782552
0,170019329256,255809733
0,170021623654,255833516
0,170023918052,255729326
0,170026212450,255763160
0,170028506848,255792765
0,170030801246,255693669
0,170033095644,255731960
0,170035390042,255765465
0,170037684440,255794781
0,170039978838,255695433
0,170042273236,255733503
0,170044567634,255766815
0,170046862032,255670963
0,170049156430,255712092
0,170051450828,255748080
0,170053745226,255654570
0,170056039624,255697748
0,170058334022,255735529
0,170060628420,255768587
0,170062922818,255672513
0,170065217216,255713448
0,170067511614,255749267
0,170069806012,255655608
0,170072100410,255698657
0,170074394808,255736324
0,170076689206,255769283
0,170078983604,255673122
0,170081278002,255713981
0,170083572400,255749733
0,170263034643,255906016
0,170263077843,256042764
0,170263121043,256162418
0,170263164243,256267115
0,170263207443,256358725
0,170263250643,256438884
0,170263293843,256509023
0,170263337043,256570395
0,170263380243,256624095
0,170263423443,256671083
0,170263466643,256712197
0,170263509843,256748172
0,170263553043,256779650
0,170263596243,256807193
0,170263639443,256831293
0,170263682643,256852381
0,170263725843,256870833
0,170263769043,256886978
0,170263812243,256901105
0,170263855443,256913466
0,170263898643,256799282
0,170263941843,256699371
0,170263985043,256611949
0,170264028243,256660455
0,170264071443,256702898
0,170264114643,256740035
0,170264157843,256772530
0,170264201043,256800963
0,170264244243,256825842
0,170264287443,256847611
0,170264330643,256866659
0,170264373843,256883326
0,170264417043,256897910
0,170264460243,256910671
0,170264503443,256921837
0,170264546643,256931607
0,170264589843,256940156
0,170265877685,257072636
0,170268172083,257188556
0,170270466481,257289986
0,170272760879,257378737
0,170275055277,257456394
0,170277349675,257524344
0,170279644073,257583801
0,170281938471,257635825
0,170284232869,257681346
0,170286527267,257721177
0,170288821665,257756029
0,170291116063,257786525
0,170293410461,257813209
0,170295704859,257836557
0,170297999257,257856987
0,170300293655,257874863
0,170302588053,257890505
0,170304882451,257904191
0,170307176849,257916167
0,170309471247,257926646
0,170311765645,257935815
0,170314060043,257943838
0,170316354441,257950858
0,170318648839,257957000
0,170320943237,257962375
0,170323237635,257967078
0,170325532033,257971193
0,170327826431,257974793
0,170330120829,257977943
0,170332415227,257980700
0,170334709625,257983112
0,170337004023,258110223
0,170339298421,258096445
0,170518760664,280209389
0,170518803864,277058215
0,170518847064,274300938
0,170518890264,271888320
0,170518933464,269777280
0,170518976664,267930120
0,170519019864,266438855
0,170519063064,265133998
0,170519106264,263992248
0,170519149464,262993217
0,170519192664,262119064
0,170519235864,261354181
0,170519279064,260684908
0,170519322264,260099294
0,170519365464,259586882
0,170519408664,259138521
0,170519451864,258746205
0,170519495064,258402929
0,170519538264,258102562
0,170519581464,257839741
0,170519624664,257609773
0,170519667864,257408551
0,170519711064,257232482
0,170519754264,257078421
0,170519797464,256818618
0,170519840664,256591290
0,170519883864,256392378
0,170519927064,256218330
0,170519970264,256066038
0,170520013464,256057783
0,170520056664,256050560
0,170520099864,256044240
0,170520143064,256038710
0,170520186264,256033871
0,170520229464,256029637
0,170520272664,256025932
0,170520315864,256022690
0,170521603706,256144853
0,170523898104,256376746
0,170526192502,256579652
0,170528486900,256757195
0,170530781298,256912545
0,170533075696,257048476
0,170535370094,257167416
0,170537664492,257271489
0,170539958890,257362552
0,170542253288,257442233
0,170544547686,257511953
0,170546842084,257572958
0,170549136482,257626338
0,170551430880,257673045
0,170553725278,257713914
0,170556019676,257874674
0,170558314074,257890339
0,170560608472,257904046
0,170562902870,257916040
0,170565197268,257926535
0,170567491666,257935718
0,170569786064,257943753
0,170572080462,257950783
0,170574374860,257956935
0,170576669258,257962318
0,170578963656,257967028
0,170581258054,257971149
0,170583552452,257974755
0,170585846850,257977910
0,170588141248,257980671
0,170590435646,257983087
0,170592730044,257985201
0,170595024442,257987050
0,170775633884,280238668
0,170775677084,277333834
0,170775720284,274792104
0,170775763484,272568091
0,170775806684,270622079
0,170775849884,268919319
0,170775893084,267429404
0,170775936284,266000728
0,170775979484,264750637
0,170776022684,263781807
0,170776065884,262934081
0,170776109084,262192320
0,170776152284,261543280
0,170776195484,260975370
0,170776238684,260478448
0,170776281884,260043642
0,170776325084,259663186
0,170776368284,259330287
0,170776411484,259039001
0,170776454684,258784125
0,170776497884,258561109
0,170776541084,258365970
0,170776584284,258195223
0,170776627484,258045820
0,170776670684,257915092
0,170776713884,257800705
0,170776757084,257700616
0,170776800284,257613039
0,170776843484,257536409
0,170776886684,257469357
0,170776929884,257285687
0,170776973084,257124976
0,170777016284,257109354
0,170777059484,257095684
0,170777102684,257083723
0,170777145884,257073257
0,170777189084,257064099
0,170777329727,257056086
0,170779624125,257174075
0,170781918523,257277315
0,170784212921,257367650
0,170786507319,257446693
0,170788801717,257515856
0,170791096115,257576374
0,170793390513,257629327
0,170795684911,257675661
0,170797979309,257716203
0,170800273707,257751677
0,170802568105,257782717
0,170804862503,257809877
0,170807156901,257833642
0,170809451299,257854436
0,170811745697,257872631
0,170814040095,257888552
0,170816334493,257902483
0,170818628891,257914672
0,170820923289,257925338
0,170823217687,257934670
0,170825512085,257942836
0,170827806483,257949981
0,170830100881,257956233
0,170832395279,257961703
0,170834689677,257966490
0,170836984075,257970678
0,170839278473,257974343
0,170841572871,257977550
0,170843867269,257980356
0,170846161667,257982811
0,170848456065,257984959
0,170850750463,257986839
0,170853044861,257988484
0,171033654303,257989923
0,171033697503,257991182
0,171033740703,257992284
0,171033783903,257993248
0,171033827103,257994092
0,171033870303,257994830
0,171033913503,257995476
0,171033956703,257996041
0,171033999903,257996535
0,171034043103,257996968
0,171034086303,257997347
0,171034129503,257997678
0,171034172703,257997968
0,171034215903,257998222
0,171034259103,257998444
0,171034302303,257998638
0,171034345503,257998808
0,171034388703,257998957
0,171034431903,257999087
0,171034475103,257999201
0,171034518303,257999300
0,171034561503,257999387
0,171034604703,257999463
0,171034647903,257999530
0,171034691103,257999588
0,171034734303,257999639
0,171034777503,257999684
0,171034820703,257999723
0,171034863903,257999757
0,171034907103,257999787
0,171034950303,257999813
0,171034993503,257999836
0,171035036703,257999856
0,171035079903,257999874
0,171035123103,257999889
0,171035166303,257999902
0,171035209503,257999914
0,171035350146,257999924
0,171037644544,257999933
0,171039938942,257999941
0,171042233340,257999948
0,171044527738,257999954
0,171046822136,257999959
0,171049116534,257999964
0,171051410932,257999968
0,171053705330,257999972
0,171055999728,257999975
0,171058294126,257999978
0,171060588524,257999980
0,171062882922,257999982
0,171065177320,257999984
0,171067471718,257999986
0,171069766116,257999987
0,171072060514,257999988
0,171074354912,257999989
0,171076649310,257999990
0,171078943708,257999991
0,171081238106,257999992
0,171083532504,257999993
0,171095004494,258124993
0,171097298892,258109368
0,171099593290,258095697
0,171101887688,258083734
0,171104182086,258073267
0,171106476484,258064108
0,171108770882,258056094
0,171111065280,258049082
0,171292821921,258167946
0,171292865121,258271952
0,171292908321,258362958
0,171292951521,258442588
0,171292994721,258512264
0,171293037921,258698231
0,171293081121,258860952
0,171293124321,259003333
0,171293167521,259127916
0,171293210721,259111926
0,171293253921,259097935
0,171293297121,259085693
0,171293340321,259074981
0,171293383521,259065608
0,171293426721,259057407
0,171293469921,259050231
0,171293513121,259043952
0,171293556321,259038458
0,171293599521,259033650
0,171293642721,259029443
0,171293685921,259025762
0,171293729121,259022541
0,171293772321,259019723
0,171293815521,259017257
0,171293858721,259015099
0,171293901921,259013211
0,171293945121,259011559
0,171293988321,259010114
0,171294031521,259133849
0,171294074721,259242117
0,171294117921,259336852
0,171294161121,259419745
0,171294204321,259367276
0,171294247521,259321366
0,171294290721,259281195
0,171294333921,259246045
0,171294377121,259215289
0,171294420321,259188377
0,171295664963,259039829
0,171297959361,258909850
0,171300253759,258796118
0,171302548157,258696603
0,171304842555,258609527
0,171307136953,258533336
0,171309431351,258466669
0,171311725749,258408335
0,171314020147,258482293
0,171316314545,258422006
0,171318608943,258369255
0,171320903341,258323098
0,171323197739,258282710
0,171325492137,258497371
0,171327786535,258685199
0,171330080933,258974549
0,171332375331,259102730
0,171334669729,259214888
0,171336964127,259313027
0,171339258525,259523898
0,171341552923,259583410
0,171343847321,259635483
0,171346141719,259806047
0,171348436117,259830291
0,171350730515,259851504
0,171353024913,259995066
0,171355319311,259995682
0,171357613709,259996221
0,171359908107,259996693
0,171362202505,260122106
0,171364496903,260106842
0,171366791301,260093486
0,171369085699,260206800
0,171550842340,282555950
0,171550885540,279486456
0,171550928740,276800649
0,171550971940,274450567
0,171551015140,272519246
0,171551058340,270829340
0,171551101540,269225672
0,171551144740,267822463
0,171551187940,266594655
0,171551231140,265520323
0,171551274340,264580282
0,171551317540,263757746
0,171551360740,263038027
0,171551403940,262408273
0,171551447140,261857238
0,171551490340,261375083
0,171551533540,260953197
0,171551576740,260584047
0,171551619940,260261041
0,171551663140,259978410
0,171551706340,259731108
0,171551749540,259514719
0,171551792740,259325379
0,171551835940,259159706
0,171551879140,259014742
0,171551922340,258887899
0,171551965540,258776911
0,171552008740,258804797
0,171552051940,258829197
0,171552095140,258725547
0,171552138340,258634853
0,171552181540,258555496
0,171552224740,258486059
0,171552267940,258425301
0,171552311140,258372138
0,171552354340,258325620
0,171552397540,258284917
0,171552440740,258249302
0,171553685382,258343139
0,171555979780,258550246
0,171558274178,258856465
0,171560568576,258999406
0,171562862974,259124480
0,171565157372,259358920
0,171567451770,259439055
0,171569746168,259509173
0,171572040566,259695526
0,171574334964,259733585
0,171576629362,259766886
0,171578923760,259796025
0,171581218158,259946521
0,171583512556,259953205
0,171585806954,259959054
0,171588101352,260089172
0,171590395750,260078025
0,171592690148,260068271
0,171594984546,260059737
0,171597278944,260177269
0,171599573342,260155110
0,171601867740,260135721
0,171604162138,260243755
0,171606456536,260213285
0,171608750934,260186624
0,171611045332,260288296
0,171613339730,260252259
0,171615634128,260220726
0,171617928526,260193135
0,171620222924,260293993
0,171622517322,260257243
0,171624811720,260225087
0,171627106118,260321951
0,171810009958,282906707
0,171810053158,280043368
0,171810096358,277537947
0,171810139558,275345703
0,171810182758,273427490
0,171810225958,271624053
0,171810269158,270046046
0,171810312358,268665290
0,171810355558,267457128
0,171810398758,266399987
0,171810441958,265474988
0,171810485158,264665614
0,171810528358,263957412
0,171810571558,263337735
0,171810614758,262795518
0,171810657958,262321078
0,171810701158,261905943
0,171810744358,261542700
0,171810787558,261224862
0,171810830758,260946754
0,171810873958,260703409
0,171810917158,260490482
0,171810960358,260304171
0,171811003558,260266149
0,171811046758,260232880
0,171811089958,260203770
0,171811133158,260178298
0,171811176358,260156010
0,171811219558,260011508
0,171811262758,259885069
0,171811305958,259774435
0,171811349158,259677630
0,171811392358,259592926
0,171811435558,259518810
0,171811478758,259453958
0,171811521958,259397213
0,171811565158,259347561
0,171811608358,259304115
0,171811705801,259266100
0,171814000199,259482837
0,171816294597,259672482
0,171818588995,259713421
0,171820883393,259749243
0,171823177791,259905587
0,171825472189,259917388
0,171827766587,259927714
0,171830060985,260061749
0,171832355383,260054030
0,171834649781,260047276
0,171836944179,260041366
0,171839238577,260161195
0,171841532975,260141045
0,171843827373,260123414
0,171846121771,260232987
0,171848416169,260203863
0,171850710567,260178380
0,171853004965,260281082
0,171855299363,260370946
0,171857593761,260324577
0,171859888159,260284004
0,171862182557,260373503
0,171864476955,260326815
0,171866771353,260285963
0,171869065751,260375217
0,171871360149,260328314
0,171873654547,260287274
0,171875948945,260251364
0,171878243343,260344943
0,171880537741,260301825
0,171882832139,260264096
0,171885126537,260356084
0,171887420935,260311573
0,172070324775,260272626
0,172070367975,260238547
0,172070411175,260208728
0,172070454375,260182637
0,172070497575,260159807
0,172070540775,260139831
0,172070583975,260122352
0,172070627175,260107058
0,172070670375,260093675
0,172070713575,260081965
0,172070756775,260071719
0,172070799975,260062754
0,172070843175,260054909
0,172070886375,260048045
0,172070929575,260042039
0,172070972775,260036784
0,172071015975,260157186
0,172071059175,260262537
0,172071102375,260354719
0,172071145575,260435379
0,172071188775,260505956
0,172071231975,260567711
0,172071275175,260621747
0,172071318375,260544028
0,172071361575,260476024
0,172071404775,260416521
0,172071447975,260364455
0,172071491175,260318898
0,172071534375,260279035
0,172071577575,260244155
0,172071620775,260213635
0,172071663975,260186930
0,172071707175,260163563
0,172071750375,260143117
0,172071793575,260125227
0,172071836775,260109573
0,172071879975,260095876
0,172071923175,260083891
0,172072020618,260198404
0,172074315016,260173603
0,172076609414,260151902
0,172078903812,260132914
0,172081198210,260241299
0,172083492608,260211136
0,172085787006,260184744
0,172088081404,260286651
0,172090375802,260250819
0,172092670200,260219466
0,172094964598,260192032
0,172097258996,260293028
0,172099553394,260256399
0,172101847792,260224349
0,172104142190,260321305
0,172106436588,260281141
0,172108730986,260245998
0,172111025384,260340248
0,172113319782,260297717
0,172115614180,260260502
0,172117908578,260227939
0,172120202976,260324446
0,172122497374,260283890
0,172124791772,260248403
0,172127086170,260342352
0,172129380568,260299558
0,172131674966,260262113
0,172133969364,260229348
0,172136263762,260325679
0,172138558160,260284969
0,172140852558,260249347
0,172143146956,260343178
0,172145441354,260300280
0,172147735752,260262745
0,172331786791,260354901
0,172331829991,260435538
0,172331873191,260506095
0,172331916391,260567833
0,172331959591,260621853
0,172332002791,260794121
0,172332045991,260944855
0,172332089191,261076748
0,172332132391,261192154
0,172332175591,261293134
0,172332218791,261381492
0,172332261991,261458805
0,172332305191,261526454
0,172332348391,261585647
0,172332391591,261637441
0,172332434791,261682760
0,172332477991,261597415
0,172332521191,261522738
0,172332564391,261457395
0,172332607591,261400220
0,172332650791,261350192
0,172332693991,261306418
0,172332737191,261268115
0,172332780391,261234600
0,172332823591,261205275
0,172332866791,261179615
0,172332909991,261157163
0,172332953191,261137517
0,172332996391,261120327
0,172333039591,261230286
0,172333082791,261326500
0,172333125991,261410687
0,172333169191,261484351
0,172333212391,261548807
0,172333255591,261605206
0,172333298791,261654555
0,172333341991,261697735
0,172333385191,261735518
0,172333428391,261643578
0,172334629833,261438130
0,172336924231,261258363
0,172339218629,261226067
0,172341513027,261072808
0,172343807425,260938707
0,172346101823,260946368
0,172348396221,260828072
0,172350690619,260724563
0,172352985017,260633992
0,172355279415,260679743
0,172357573813,260594775
0,172359868211,260520428
0,172362162609,260580374
0,172364457007,260507827
0,172366751405,260444348
0,172369045803,260513804
0,172371340201,260449578
0,172373634599,260393380
0,172375928997,260344207
0,172378223395,260426181
0,172380517793,260372908
0,172382812191,260326294
0,172385106589,260410507
0,172387400987,260359193
0,172389695385,260314293
0,172391989783,260275006
0,172394284181,260365630
0,172396578579,260319926
0,172398872977,260279935
0,172401167375,260369943
0,172403461773,260323700
0,172405756171,260283237
0,172408050569,260372832
0,172592101608,283451228
0,172592144808,280644824
0,172592188008,278189221
0,172592231208,276040568
0,172592274408,274160497
0,172592317608,272515434
0,172592360808,270951004
0,172592404008,269582128
0,172592447208,268384362
0,172592490408,267336316
0,172592533608,266419276
0,172592576808,265616866
0,172592620008,264914757
0,172592663208,264300412
0,172592706408,263762860
0,172592749608,263292502
0,172592792808,262880939
0,172592836008,262520821
0,172592879208,262205718
0,172592922408,261930003
0,172592965608,261688752
0,172593008808,261602658
0,172593052008,261527325
0,172593095208,261461409
0,172593138408,261403732
0,172593181608,261353265
0,172593224808,261309106
0,172593268008,261270467
0,172593311208,261236658
0,172593354408,261207075
0,172593397608,261056190
0,172593440808,260924166
0,172593484008,260808645
0,172593527208,260707564
0,172593570408,260619118
0,172593613608,260541728
0,172593656808,260474012
0,172593700008,260414760
0,172593743208,260362915
0,172594944650,260442550
0,172597239048,260762231
0,172599533446,261041952
0,172601827844,261161708
0,172604122242,261391494
0,172606416640,261592557
0,172608711038,261643487
0,172611005436,261813051
0,172613299834,261961419
0,172615594232,262091241
0,172617888630,262079835
0,172620183028,262194855
0,172622477426,262295498
0,172624771824,262258560
0,172627066222,262351240
0,172629360620,262432335
0,172631655018,262378293
0,172633949416,262331006
0,172636243814,262414630
0,172638538212,262487801
0,172640832610,262426825
0,172643127008,262498471
0,172645421406,262561162
0,172647715804,262491016
0,172650010202,262554639
0,172652304600,262610309
0,172654598998,262659020
0,172656893396,262576642
0,172659187794,262629561
0,172661482192,262675865
0,172663776590,262591381
0,172666070988,262642458
0,172668365386,262687150
0,172852416425,285351256
0,172852459625,282182349
0,172852502825,279409555
0,172852546025,276983360
0,172852589225,274860440
0,172852632425,273002885
0,172852675625,271377524
0,172852718825,269955333
0,172852762025,268710916
0,172852805225,267622051
0,172852848425,266669294
0,172852891625,265835632
0,172852934825,265106178
0,172852978025,264467905
0,172853021225,264034416
0,172853064425,263655114
0,172853107625,263323224
0,172853150825,263032821
0,172853194025,262778718
0,172853237225,262556378
0,172853280425,262361830
0,172853323625,262191601
0,172853366825,261917650
0,172853410025,261677943
0,172853453225,261468200
0,172853496425,261284675
0,172853539625,261124090
0,172853582825,260983578
0,172853626025,260860630
0,172853669225,260753051
0,172853712425,260658919
0,172853755625,260576554
0,172853798825,260504484
0,172853842025,260441423
0,172853885225,260386245
0,172853928425,260337964
0,172853971625,260295718
0,172854014825,260383753
0,172854058025,260460783
0,172855259467,260653185
0,172857553865,260946536
0,172859848263,261078219
0,172862142661,261318441
0,172864437059,261528635
0,172866731457,261587555
0,172869025855,261764110
0,172871320253,261918596
0,172873614651,261928771
0,172875909049,261937674
0,172878203447,262070464
0,172880497845,262186656
0,172882792243,262163324
0,172885086641,262267908
0,172887381039,262359419
0,172889675437,262314491
0,172891969835,262275179
0,172894264233,262365781
0,172896558631,262445058
0,172898853029,262389425
0,172901147427,262465746
0,172903441825,262532527
0,172905736223,262465961
0,172908030621,262532715
0,172910325019,262591125
0,172912619417,262517234
0,172914913815,262452579
0,172917208213,262521006
0,172919502611,262580880
0,172921797009,262508270
0,172924091407,262569736
0,172926385805,262623519
0,172928680203,262545579
0,173113878441,285352381
0,173113921641,282308333
0,173113964841,279644791
0,173114008041,277439192
0,173114051241,275509293
0,173114094441,273820631
0,173114137641,272343052
0,173114180841,271050170
0,173114224041,269918898
0,173114267241,268929035
0,173114310441,268062905
0,173114353641,267305041
0,173114396841,266641910
0,173114440041,266061671
0,173114483241,265553962
0,173114526441,264984716
0,173114569641,264486626
0,173114612841,264050797
0,173114656041,263669447
0,173114699241,263335766
0,173114742441,263043795
0,173114785641,262788320
0,173114828841,262564780
0,173114872041,262369182
0,173114915241,262198034
0,173114958441,262048279
0,173115001641,262042244
0,173115044841,262036963
0,173115088041,262032342
0,173115131241,262028299
0,173115174441,262024761
0,173115217641,262021665
0,173115260841,262018956
0,173115304041,262016586
0,173115347241,262014512
0,173115390441,262012698
0,173115433641,262011110
0,173115476841,262009721
0,173115520041,261883505
0,173115574284,261773066
0,173117868682,261801432
0,173120163080,261951253
0,173122457478,262082346
0,173124751876,262072052
0,173127046274,262188045
0,173129340672,262289539
0,173131635070,262253346
0,173133929468,262221677
0,173136223866,262318967
0,173138518264,262404096
0,173140812662,262353584
0,173143107060,262434386
0,173145401458,262505087
0,173147695856,262441951
0,173149990254,262386707
0,173152284652,262463368
0,173154579050,262530447
0,173156873448,262464141
0,173159167846,262531123
0,173161462244,262589732
0,173163756642,262516015
0,173166051040,262576513
0,173168345438,262629448
0,173170639836,262550767
0,173172934234,262481921
0,173175228632,262546680
0,173177523030,262603345
0,173179817428,262527926
0,173182111826,262586935
0,173184406224,262638568
0,173186700622,262558747
0,173188995020,262488903
0,173191289418,262552790
0,173376487656,262608691
0,173376530856,262657604
0,173376574056,262700403
0,173376617256,262612852
0,173376660456,262536245
0,173376703656,262469214
0,173376746856,262410562
0,173376790056,262359241
0,173376833256,262314335
0,173376876456,262275043
0,173376919656,262240662
0,173376962856,262210579
0,173377006056,262309256
0,173377049256,262395599
0,173377092456,262471149
0,173377135656,262537255
0,173377178856,262595098
0,173377222056,262645710
0,173377265256,262689996
0,173377308456,262728746
0,173377351656,262762652
0,173377394856,262792320
0,173377438056,262818280
0,173377481256,262840995
0,173377524456,262860870
0,173377567656,262878261
0,173377610856,262768478
0,173377654056,262672418
0,173377697256,262588365
0,173377740456,262514819
0,173377783656,262450466
0,173377826856,262394157
0,173377870056,262344887
0,173377913256,262301776
0,173377956456,262264054
0,173377999656,262231047
0,173378042856,262327166
0,173378086056,262411270
0,173378129256,262484861
0,173378183499,262549253
0,173380477897,262605596
0,173382772295,262529896
0,173385066693,262588659
0,173387361091,262640076
0,173389655489,262560066
0,173391949887,262490057
0,173394244285,262553799
0,173396538683,262609574
0,173398833081,262533377
0,173401127479,262591704
0,173403421877,262642741
0,173405716275,262562398
0,173408010673,262617098
0,173410305071,262664960
0,173412599469,262706840
0,173414893867,262618485
0,173417188265,262666174
0,173419482663,262707902
0,173421777061,262619414
0,173424071459,262666987
0,173426365857,262708613
0,173428660255,262620036
0,173430954653,262542531
0,173433249051,262599714
0,173435543449,262649749
0,173437837847,262568530
0,173440132245,262622463
0,173442426643,262669655
0,173444721041,262585948
0,173447015439,262637704
0,173449309837,262682991
0,173451604235,262722617
0,173453898633,262632289
0,173640244070,262803252
0,173640287270,262952845
0,173640330470,263083739
0,173640373670,263198271
0,173640416870,263298487
0,173640460070,263386176
0,173640503270,263462904
0,173640546470,263530041
0,173640589670,263588785
0,173640632870,263640186
0,173640676070,263685162
0,173640719270,263724516
0,173640762470,263633951
0,173640805670,263554707
0,173640848870,263485368
0,173640892070,263424697
0,173640935270,263371609
0,173640978470,263325157
0,173641021670,263409512
0,173641064870,263483323
0,173641108070,263547907
0,173641151270,263604418
0,173641194470,263653865
0,173641237670,263697131
0,173641280870,263734989
0,173641324070,263768115
0,173641367270,263797100
0,173641410470,263822462
0,173641453670,263844654
0,173641496870,263864072
0,173641540070,263881063
0,173641583270,263895930
0,173641626470,263908938
0,173641669670,263920320
0,173641712870,263930280
0,173641756070,263938995
0,173641799270,263946620
0,173641842470,263828292
0,173641885670,263724755
0,173641928870,263634160
0,173643087112,263804890
0,173645381510,263954278
0,173647675908,264084993
0,173649970306,264074368
0,173652264704,264190072
0,173654559102,264291313
0,173656853500,264379898
0,173659147898,264457410
0,173661442296,264525233
0,173663736694,264584578
0,173666031092,264636505
0,173668325490,264681941
0,173670619888,264721698
0,173672914286,264631485
0,173675208684,264677549
0,173677503082,264717855
0,173679797480,264753123
0,173682091878,264783982
0,173684386276,264810984
0,173686680674,264834611
0,173688975072,264730284
0,173691269470,264763998
0,173693563868,264793498
0,173695858266,264819310
0,173698152664,264841896
0,173700447062,264861659
0,173702741460,264878951
0,173705035858,264894082
0,173707330256,264907321
0,173709624654,264918905
0,173711919052,264804041
0,173714213450,264828535
0,173716507848,264849968
0,173902853285,287868722
0,173902896485,284635131
0,173902939685,281805739
0,173902982885,279330021
0,173903026085,277288768
0,173903069285,275502672
0,173903112485,273939838
0,173903155685,272572358
0,173903198885,271375813
0,173903242085,270328836
0,173903285285,269412731
0,173903328485,268611139
0,173903371685,267909746
0,173903414885,267296027
0,173903458085,266759023
0,173903501285,266289145
0,173903544485,265878001
0,173903587685,265518250
0,173903630885,265203468
0,173903674085,264803034
0,173903717285,264452654
0,173903760485,264146072
0,173903803685,263877813
0,173903846885,263643086
0,173903890085,263437700
0,173903933285,263257987
0,173903976485,263100738
0,173904019685,263088145
0,173904062885,263077126
0,173904106085,263067485
0,173904149285,263059049
0,173904192485,263051667
0,173904235685,263045208
0,173904278885,263039557
0,173904322085,263034612
0,173904365285,263030285
0,173904408485,263026499
0,173904451685,263023186
0,173904494885,263020287
0,173904538085,263017751
0,173905696327,263140532
0,173907990725,263247965
0,173910285123,263466969
0,173912579521,263658597
0,173914873919,263826272
0,173917168317,263972988
0,173919462715,264101364
0,173921757113,264213693
0,173924051511,264311981
0,173926345909,264397983
0,173928640307,264473235
0,173930934705,264414080
0,173933229103,264487320
0,173935523501,264551405
0,173937817899,264607479
0,173940112297,264656544
0,173942406695,264699476
0,173944701093,264737041
0,173946995491,264644910
0,173949289889,264689296
0,173951584287,264728134
0,173953878685,264762117
0,173956173083,264791852
0,173958467481,264817870
0,173960761879,264840636
0,173963056277,264860556
0,173965350675,264877986
0,173967645073,264893237
0,173969939471,264781582
0,173972233869,264808884
0,173974528267,264832773
0,173976822665,264853676
0,173979117063,264871966
0,174166609699,288012970
0,174166652899,285011348
0,174166696099,282384929
0,174166739299,280086812
0,174166782499,278075960
0,174166825699,276191465
0,174166868899,274542531
0,174166912099,273099714
0,174166955299,271837249
0,174166998499,270732592
0,174167041699,269891018
0,174167084899,269154640
0,174167128099,268510310
0,174167171299,267946521
0,174167214499,267453205
0,174167257699,267021554
0,174167300899,266643859
0,174167344099,266313376
0,174167387299,266024204
0,174167430499,265771178
0,174167473699,265549780
0,174167516899,265356057
0,174167560099,265186549
0,174167603299,265038230
0,174167646499,264908451
0,174167689699,264794894
0,174167732899,264695532
0,174167776099,264608590
0,174167819299,264407516
0,174167862499,264231576
0,174167905699,264077629
0,174167948899,263942925
0,174167992099,263825059
0,174168035299,263846926
0,174168078499,263866060
0,174168121699,263882802
0,174168164899,263897451
0,174168208099,263910269
0,174168251299,263921485
0,174168294499,263931299
0,174168337699,263939886
0,174170599940,264072400
0,174172894338,264188350
0,174175188736,264289806
0,174177483134,264378580
0,174179777532,264456257
0,174182071930,264524224
0,174184366328,264583696
0,174186660726,264635734
0,174188955124,264556267
0,174191249522,264611733
0,174193543920,264660266
0,174195838318,264702732
0,174198132716,264739890
0,174200427114,264772403
0,174202721512,264800852
0,174205015910,264825745
0,174207310308,264847526
0,174209604706,264866585
0,174211899104,264883261
0,174214193502,264897853
0,174216487900,264910621
0,174218782298,264921793
0,174221076696,264931568
0,174223371094,264940122
0,174225665492,264947606
0,174227959890,264829155
0,174230254288,264850510
0,174232548686,264869196
0,174234843084,264885546
0,174237137482,264899852
0,174239431880,264912370
0,174241726278,264923323
0,174244020676,264932907
0,174431513312,264941293
0,174431556512,264948631
0,174431599712,264955052
0,174431642912,264960670
0,174431686112,264965586
0,174431729312,264969887
0,174431772512,264973651
0,174431815712,264976944
0,174431858912,264979826
0,174431902112,264982347
0,174431945312,264859553
0,174431988512,264752108
0,174432031712,264783094
0,174432074912,264810207
0,174432118112,264833931
0,174432161312,264854689
0,174432204512,264872852
0,174432247712,264888745
0,174432290912,264902651
0,174432334112,264914819
0,174432377312,264925466
0,174432420512,264934782
0,174432463712,264942934
0,174432506912,264950067
0,174432550112,264956308
0,174432593312,264961769
0,174432636512,264966547
0,174432679712,264970728
0,174432722912,264974387
0,174432766112,264977588
0,174432809312,264980389
0,174432852512,264982840
0,174432895712,264984985
0,174432938912,264861861
0,174432982112,264754128
0,174433025312,264784862
0,174433068512,264811754
0,174433111712,264835284
0,174433154912,264855873
0,174433198112,264873888
0,174433241312,264889652
0,174435503553,264903445
0,174437797951,264915514
0,174440092349,264926074
0,174442386747,264935314
0,174444681145,264943399
0,174446975543,264825474
0,174449269941,264847289
0,174451564339,264866377
0,174453858737,264883079
0,174456153135,264897694
0,174458447533,264910482
0,174460741931,264921671
0,174463036329,264931462
0,174465330727,264940029
0,174467625125,264947525
0,174469919523,264829084
0,174472213921,264850448
0,174474508319,264869142
0,174476802717,264885499
0,174479097115,264899811
0,174481391513,264912334
0,174483685911,264923292
0,174485980309,264807880
0,174488274707,264831895
0,174490569105,264852908
0,174492863503,264871294
0,174495157901,264887382
0,174497452299,264901459
0,174499746697,264913776
0,174502041095,264924554
0,174504335493,264933984
0,174506629891,264942236
0,174508924289,264824456
0,174697564124,264971399
0,174697607324,265099974
0,174697650524,265212477
0,174697693724,265310917
0,174697736924,265397052
0,174697780124,265472420
0,174697823324,265538367
0,174697866524,265596071
0,174697909724,265646562
0,174697952924,265690741
0,174697996124,265729398
0,174698039324,265888223
0,174698082524,265902195
0,174698125724,265914420
0,174698168924,265925117
0,174698212124,265934477
0,174698255324,265942667
0,174698298524,265949833
0,174698341724,265956103
0,174698384924,265961590
0,174698428124,265966391
0,174698471324,265970592
0,174698514524,265974268
0,174698557724,265977484
0,174698600924,265980298
0,174698644124,265982760
0,174698687324,265984915
0,174698730524,265986800
0,174698773724,265988450
0,174698816924,265989893
0,174698860124,265991156
0,174698903324,265992261
0,174698946524,265993228
0,174698989724,265994074
0,174699032924,266119814
0,174699076124,266229837
0,174699119324,266201107
0,174699162524,266175968
0,174699205724,266153972
0,174699248924,266134725
0,174699292124,266117884
0,174700407166,266228148
0,174702701564,266324629
0,174704995962,266409050
0,174707290360,266482918
0,174709584758,266547553
0,174711879156,266604108
0,174714173554,266778594
0,174716467952,266806269
0,174718762350,266830485
0,174721056748,266976674
0,174723351146,266979589
0,174725645544,266982140
0,174727939942,266984372
0,174730234340,266986325
0,174732528738,266988034
0,174734823136,266989529
0,174737117534,267115837
0,174739411932,267101357
0,174741706330,267088687
0,174744000728,267202601
0,174746295126,267177275
0,174748589524,267155115
0,174750883922,267135725
0,174753178320,267243759
0,174755472718,267213289
0,174757767116,267186627
0,174760061514,267288298
0,174762355912,267252260
0,174764650310,267220727
0,174766944708,267193136
0,174769239106,267168994
0,174771533504,267147869
0,174773827902,267129385
0,174962467737,290488211
0,174962510937,287302184
0,174962554137,284514411
0,174962597337,282075109
0,174962640537,279940720
0,174962683737,278073130
0,174962726937,276438988
0,174962770137,275009114
0,174962813337,273757974
0,174962856537,272663227
0,174962899737,271705323
0,174962942937,270867157
0,174962986137,270008762
0,174963029337,269382666
0,174963072537,268834832
0,174963115737,268355478
0,174963158937,267936043
0,174963202137,267569037
0,174963245337,267247907
0,174963288537,266966918
0,174963331737,266721053
0,174963374937,266505921
0,174963418137,266317680
0,174963461337,266152970
0,174963504537,266008848
0,174963547737,265882742
0,174963590937,265772399
0,174963634137,265675849
0,174963677337,265591367
0,174963720537,265517446
0,174963763737,265452765
0,174963806937,265396169
0,174963850137,265346647
0,174963893337,265303316
0,174963936537,265265401
0,174963979737,265107225
0,174964022937,265093821
0,174964066137,265082093
0,174964109337,265071831
0,174964152537,265062852
0,174964195737,265054995
0,174965310779,265173120
0,174967605177,265401480
0,174969899575,265601295
0,174972193973,265901133
0,174974488371,266038491
0,174976782769,266158679
0,174979077167,266388844
0,174981371565,266465238
0,174983665963,266532083
0,174985960361,266590572
0,174988254759,266641750
0,174990549157,266686531
0,174992843555,266725714
0,174995137953,266884999
0,174997432351,266899374
0,174999726749,266911952
0,175002021147,267047958
0,175004315545,267041963
0,175006609943,267036717
0,175008904341,267032127
0,175011198739,267028111
0,175013493137,267024597
0,175015787535,267021522
0,175018081933,267143831
0,175020376331,267125852
0,175022670729,267110120
0,175024965127,267096355
0,175027259525,267084310
0,175029553923,267073771
0,175031848321,267064549
0,175034142719,267181480
0,175036437117,267158795
0,175038731515,267138945
0,175228518549,290621576
0,175228561749,287543879
0,175228604949,284850894
0,175228648149,282494532
0,175228691349,280432715
0,175228734549,278628625
0,175228777749,277050046
0,175228820949,275668790
0,175228864149,274460191
0,175228907349,273402667
0,175228950549,272477333
0,175228993749,271667666
0,175229036949,271084207
0,175229080149,270573681
0,175229123349,270001970
0,175229166549,269501723
0,175229209749,269064007
0,175229252949,268681006
0,175229296149,268345880
0,175229339349,268052645
0,175229382549,267796064
0,175229425749,267571556
0,175229468949,267375111
0,175229512149,267203222
0,175229555349,267052819
0,175229598549,266921216
0,175229641749,266806064
0,175229684949,266705306
0,175229728149,266617142
0,175229771349,266539999
0,175229814549,266472499
0,175229857749,266413436
0,175229900949,266361756
0,175229944149,266316536
0,175229987349,266276969
0,175230030549,266367347
0,175230073749,266446428
0,175230116949,266390624
0,175230160149,266341796
0,175230203349,266299071
0,175230246549,266261687
0,175230289749,266228976
0,175232508790,266325354
0,175234803188,266409684
0,175237097586,266608473
0,175239391984,266657413
0,175241686382,266700236
0,175243980780,266737706
0,175246275178,266770492
0,175248569576,266799180
0,175250863974,266824282
0,175253158372,266971246
0,175255452770,266974840
0,175257747168,266977985
0,175260041566,267105736
0,175262335964,267092519
0,175264630362,267080954
0,175266924760,267070834
0,175269219158,267061979
0,175271513556,267054231
0,175273807954,267047452
0,175276102352,267166520
0,175278396750,267145705
0,175280691148,267127491
0,175282985546,267111554
0,175285279944,267097609
0,175287574342,267085407
0,175289868740,267074731
0,175292163138,267190389
0,175294457536,267166590
0,175296751934,267145766
0,175299046332,267252545
0,175301340730,267220976
0,175303635128,267193354
0,175305929526,267169184
0,175495716560,267148036
0,175495759760,267129531
0,175495802960,267113339
0,175495846160,267099171
0,175495889360,267086774
0,175495932560,267075927
0,175495975760,267066436
0,175496018960,267183131
0,175496062160,267285239
0,175496105360,267374584
0,175496148560,267452761
0,175496191760,267521165
0,175496234960,267456019
0,175496278160,267399016
0,175496321360,267349139
0,175496364560,267305496
0,175496407760,267267309
0,175496450960,267233895
0,175496494160,267204658
0,175496537360,267179075
0,175496580560,267156690
0,175496623760,267137103
0,175496666960,267119965
0,175496710160,267104969
0,175496753360,267091847
0,175496796560,267080366
0,175496839760,267070320
0,175496882960,267061530
0,175496926160,267053838
0,175496969360,267047108
0,175497012560,267166219
0,175497055760,267270441
0,175497098960,267361635
0,175497142160,267441430
0,175497185360,267511251
0,175497228560,267447344
0,175497271760,267391426
0,175497314960,267342497
0,175497358160,267299684
0,175497401360,267262223
0,175497444560,267229445
0,175497487760,267200764
0,175499706801,267175668
0,175502001199,267278709
0,175504295597,267243870
0,175506589995,267213386
0,175508884393,267186712
0,175511178791,267288373
0,175513473189,267252326
0,175515767587,267220785
0,175518061985,267318186
0,175520356383,267278412
0,175522650781,267243610
0,175524945179,267213158
0,175527239577,267186513
0,175529533975,267163198
0,175531828373,267142798
0,175534122771,267249948
0,175536417169,267218704
0,175538711567,267191366
0,175541005965,267292445
0,175543300363,267255889
0,175545594761,267223902
0,175547889159,267195914
0,175550183557,267296424
0,175552477955,267259371
0,175554772353,267226949
0,175557066751,267323580
0,175559361149,267283132
0,175561655547,267247740
0,175563949945,267216772
0,175566244343,267189675
0,175568538741,267165965
0,175570833139,267145219
0,175573127537,267252066
0,175764061770,267470557
0,175764104970,267661737
0,175764148170,267829019
0,175764191370,267975391
0,175764234570,268103467
0,175764277770,268215533
0,175764320970,268313591
0,175764364170,268274392
0,175764407370,268240093
0,175764450570,268210081
0,175764493770,268183820
0,175764536970,268160842
0,175764580170,268140736
0,175764623370,268123144
0,175764666570,268107751
0,175764709770,268094282
0,175764752970,268082496
0,175764796170,268072184
0,175764839370,268063161
0,175764882570,268055265
0,175764925770,268048356
0,175764968970,268042311
0,175765012170,268162022
0,175765055370,268266769
0,175765098570,268358422
0,175765141770,268438619
0,175765184970,268508791
0,175765228170,268570192
0,175765271370,268623918
0,175765314570,268670928
0,175765357770,268587062
0,175765400970,268513679
0,175765444170,268449469
0,175765487370,268393285
0,175765530570,268344124
0,175765573770,268301108
0,175765616970,268263469
0,175765660170,268230535
0,175765703370,268201718
0,175765746570,268176503
0,175765789770,268154440
0,175765832970,268135135
0,175766904812,268243243
0,175769199210,268462837
0,175771493608,268529982
0,175773788006,268588734
0,175776082404,268765142
0,175778376802,268919499
0,175780671200,268929561
0,175782965598,268938365
0,175785259996,269071069
0,175787554394,269062185
0,175789848792,269054411
0,175792143190,269172609
0,175794437588,269276032
0,175796731986,269241528
0,175799026384,269336337
0,175801320782,269419294
0,175803615180,269366882
0,175805909578,269321021
0,175808203976,269405893
0,175810498374,269355156
0,175812792772,269310761
0,175815087170,269396915
0,175817381568,269472300
0,175819675966,269413262
0,175821970364,269361604
0,175824264762,269441403
0,175826559160,269386227
0,175828853558,269337948
0,175831147956,269420704
0,175833442354,269493116
0,175835736752,269431476
0,175838031150,269502541
0,175840325548,269564723
0,176031259781,293119132
0,176031302981,289854240
0,176031346181,286997460
0,176031389381,284497777
0,176031432581,282310554
0,176031475781,280396734
0,176031518981,278722142
0,176031562181,277256874
0,176031605381,275974764
0,176031648581,274852918
0,176031691781,273871303
0,176031734981,273012390
0,176031778181,272260841
0,176031821381,271603235
0,176031864581,271027830
0,176031907781,270524351
0,176031950981,270083807
0,176031994181,269698331
0,176032037381,269486039
0,176032080581,269300284
0,176032123781,269137748
0,176032166981,268995529
0,176032210181,268871087
0,176032253381,268637201
0,176032296581,268432550
0,176032339781,268253481
0,176032382981,268096795
0,176032426181,267959695
0,176032469381,267839733
0,176032512581,267734766
0,176032555781,267642920
0,176032598981,267562555
0,176032642181,267492235
0,176032685381,267430705
0,176032728581,267376866
0,176032771781,267329757
0,176032814981,267288537
0,176032858181,267252469
0,176032901381,267220910
0,176032944581,267193296
0,176032987781,267169134
0,176033030981,267272992
0,176034102823,267488868
0,176036397221,267802759
0,176038691619,267952414
0,176040986017,268083362
0,176043280415,268322941
0,176045574813,268407573
0,176047869211,268481626
0,176050163609,268671422
0,176052458007,268837494
0,176054752405,268857807
0,176057046803,269000581
0,176059341201,269125508
0,176061635599,269109819
0,176063929997,269096091
0,176066224395,269209079
0,176068518793,269182944
0,176070813191,269160076
0,176073107589,269265066
0,176075401987,269356932
0,176077696385,269312315
0,176079990783,269273275
0,176082285181,269364115
0,176084579579,269318600
0,176086873977,269278775
0,176089168375,269368928
0,176091462773,269447812
0,176093757171,269391835
0,176096051569,269467855
0,176098345967,269534373
0,176100640365,269467576
0,176102934763,269409129
0,176105229161,269482987
0,176107523559,269422613
0,176299604991,293119786
0,176299648191,289979812
0,176299691391,287232335
0,176299734591,284828293
0,176299777791,282724756
0,176299820991,280884161
0,176299864191,279273640
0,176299907391,277864435
0,176299950591,276631380
0,176299993791,275552457
0,176300036991,274733399
0,176300080191,274016724
0,176300123391,273389633
0,176300166591,272840928
0,176300209791,272360812
0,176300252991,271940710
0,176300296191,271573121
0,176300339391,271251480
0,176300382591,270970045
0,176300425791,270598789
0,176300468991,270273940
0,176300512191,269989697
0,176300555391,269740984
0,176300598591,269523361
0,176300641791,269332940
0,176300684991,269166322
0,176300728191,269020531
0,176300771391,268892964
0,176300814591,268781343
0,176300857791,268683675
0,176300900991,268598215
0,176300944191,268523438
0,176300987391,268458008
0,176301030591,268525757
0,176301073791,268585037
0,176301116991,268636907
0,176301160191,268682293
0,176301203391,268722006
0,176301246591,268756755
0,176301289791,268787160
0,176301332991,268813765
0,176301376191,268837044
0,176301419391,268732413
0,176303595232,268765861
0,176305889630,268795128
0,176308184028,268945737
0,176310478426,269077519
0,176312772824,269067829
0,176315067222,269184350
0,176317361620,269286306
0,176319656018,269250517
0,176321950416,269219202
0,176324244814,269316801
0,176326539212,269277200
0,176328833610,269242550
0,176331128008,269337231
0,176333422406,269420077
0,176335716804,269367567
0,176338011202,269446621
0,176340305600,269515793
0,176342599998,269451318
0,176344894396,269394903
0,176347188794,269470540
0,176349483192,269536722
0,176351777590,269469631
0,176354071988,269535927
0,176356366386,269593936
0,176358660784,269519694
0,176360955182,269454732
0,176363249580,269522890
0,176365543978,269457528
0,176367838376,269400337
0,176370132774,269475294
0,176372427172,269540882
0,176374721570,269473271
0,176377015968,269539112
0,176569097400,269596723
0,176569140600,269647132
0,176569183800,269691240
0,176569227000,269729835
0,176569270200,269763605
0,176569313400,269793154
0,176569356600,269819009
0,176569399800,269841632
0,176569443000,269861428
0,176569486200,269878749
0,176569529400,269768905
0,176569572600,269672791
0,176569615800,269588692
0,176569659000,269515105
0,176569702200,269450716
0,176569745400,269394376
0,176569788600,269345079
0,176569831800,269301944
0,176569875000,269264201
0,176569918200,269231175
0,176569961400,269202278
0,176570004600,269301993
0,176570047800,269389243
0,176570091000,269465587
0,176570134200,269532388
0,176570177400,269590839
0,176570220600,269641984
0,176570263800,269686736
0,176570307000,269725894
0,176570350200,269760157
0,176570393400,269790137
0,176570436600,269816369
0,176570479800,269839322
0,176570523000,269734406
0,176570566200,269642605
0,176570609400,269562279
0,176570652600,269491994
0,176570695800,269430494
0,176570739000,269376682
0,176570782200,269329596
0,176570825400,269288396
0,176570868600,269252346
0,176570911800,269220802
0,176573087641,269318201
0,176575382039,269403425
0,176577676437,269352996
0,176579970835,269308871
0,176582265233,269395262
0,176584559631,269345854
0,176586854029,269302622
0,176589148427,269389794
0,176591442825,269466069
0,176593737223,269407810
0,176596031621,269481833
0,176598326019,269546603
0,176600620417,269478277
0,176602914815,269418492
0,176605209213,269491180
0,176607503611,269429782
0,176609798009,269376059
0,176612092407,269454051
0,176614386805,269522294
0,176616681203,269457007
0,176618975601,269399881
0,176621269999,269474895
0,176623564397,269415533
0,176625858795,269363591
0,176628153193,269443142
0,176630447591,269512749
0,176632741989,269448655
0,176635036387,269517573
0,176637330785,269577876
0,176639625183,269505641
0,176641919581,269442435
0,176644213979,269512130
0,176646508377,269448113
0,176839737008,269517098
0,176839780208,269577460
0,176839823408,269630277
0,176839866608,269676492
0,176839909808,269716930
0,176839953008,269752313
0,176839996208,269783273
0,176840039408,269935363
0,176840082608,270068442
0,176840125808,270184886
0,176840169008,270286775
0,176840212208,270375928
0,176840255408,270453937
0,176840298608,270522194
0,176840341808,270581919
0,176840385008,270634179
0,176840428208,270679906
0,176840471408,270719917
0,176840514608,270754927
0,176840557808,270785561
0,176840601008,270812365
0,176840644208,270710819
0,176840687408,270621966
0,176840730608,270544220
0,176840773808,270476192
0,176840817008,270416668
0,176840860208,270364584
0,176840903408,270319011
0,176840946608,270279134
0,176840989808,270244242
0,176841033008,270338711
0,176841076208,270421372
0,176841119408,270493700
0,176841162608,270556987
0,176841205808,270612363
0,176841249008,270660817
0,176841292208,270703214
0,176841335408,270740312
0,176841378608,270772773
0,176841421808,270801176
0,176841465008,270826029
0,176841508208,270847775
0,176841551408,270866803
0,176842580050,270633452
0,176844874448,270429270
0,176847168846,270375611
0,176849463244,270328659
0,176851757642,270537576
0,176854052040,270720379
0,176856346438,270880331
0,176858640836,271020289
0,176860935234,271017752
0,176863229632,271140533
0,176865524030,271247966
0,176867818428,271216970
0,176870112826,271314848
0,176872407224,271400492
0,176874701622,271475430
0,176876996020,271416001
0,176879290418,271489000
0,176881584816,271552875
0,176883879214,271483765
0,176886173612,271548294
0,176888468010,271604757
0,176890762408,271654162
0,176893056806,271697391
0,176895351204,271735217
0,176897645602,271768314
0,176899940000,271672274
0,176902234398,271713239
0,176904528796,271749084
0,176906823194,271655448
0,176909117592,271698517
0,176911411990,271736202
0,176913706388,271769176
0,176916000786,271798029
0,177109229417,295698275
0,177109272617,292485990
0,177109315817,289675241
0,177109359017,287215835
0,177109402217,285063855
0,177109445417,283180873
0,177109488617,281533263
0,177109531817,280091605
0,177109575017,278705154
0,177109618217,277492009
0,177109661417,276430507
0,177109704617,275501693
0,177109747817,274688981
0,177109791017,273977858
0,177109834217,273355625
0,177109877417,272811171
0,177109920617,272334774
0,177109963817,271917927
0,177110007017,271678186
0,177110050217,271468412
0,177110093417,271284860
0,177110136617,271124252
0,177110179817,270983720
0,177110223017,270860755
0,177110266217,270753160
0,177110309417,270659015
0,177110352617,270576638
0,177110395817,270504558
0,177110439017,270441488
0,177110482217,270386302
0,177110525417,270338014
0,177110568617,270170762
0,177110611817,270024416
0,177110655017,269896364
0,177110698217,269784318
0,177110741417,269686278
0,177110784617,269600493
0,177110827817,269525431
0,177110871017,269459752
0,177110914217,269402283
0,177110957417,269351997
0,177111000617,269432997
0,177111043817,269503872
0,177112072459,269690888
0,177114366857,269979527
0,177116661255,270232086
0,177118955653,270328075
0,177121250051,270537065
0,177123544449,270719931
0,177125838847,270754939
0,177128133245,270910571
0,177130427643,271046749
0,177132722041,271165905
0,177135016439,271270166
0,177137310837,271361395
0,177139605235,271441220
0,177141899633,271386067
0,177144194031,271462808
0,177146488429,271529957
0,177148782827,271588712
0,177151077225,271640123
0,177153371623,271685107
0,177155666021,271724468
0,177157960419,271633909
0,177160254817,271679670
0,177162549215,271719711
0,177164843613,271629747
0,177167138011,271676028
0,177169432409,271716524
0,177171726807,271751958
0,177174021205,271782963
0,177176315603,271810092
0,177178610001,271833830
0,177180904399,271729601
0,177183198797,271763400
0,177185493195,271792975
0,177379869025,295693853
0,177379912225,292482121
0,177379955425,289671855
0,177379998625,287212873
0,177380041825,285186263
0,177380085025,283412980
0,177380128225,281861357
0,177380171425,280503687
0,177380214625,279315726
0,177380257825,278276260
0,177380301025,277366727
0,177380344225,276570886
0,177380387425,275874525
0,177380430625,275265209
0,177380473825,274732057
0,177380517025,274265549
0,177380560225,273857355
0,177380603425,273500185
0,177380646625,273187661
0,177380689825,272789203
0,177380733025,272440552
0,177380776225,272135483
0,177380819425,271868547
0,177380862625,271634978
0,177380905825,271430605
0,177380949025,271251779
0,177380992225,271095306
0,177381035425,271083392
0,177381078625,271072968
0,177381121825,271063847
0,177381165025,271055866
0,177381208225,271048882
0,177381251425,271042771
0,177381294625,271037424
0,177381337825,271032746
0,177381381025,271028652
0,177381424225,271025070
0,177381467425,271021936
0,177381510625,271019194
0,177381553825,271016794
0,177381597025,271014694
0,177381640225,271012857
0,177381683425,270886249
0,177381726625,270775467
0,177383859266,270803533
0,177386153664,270953091
0,177388448062,271083954
0,177390742460,271198459
0,177393036858,271298651
0,177395331256,271386319
0,177397625654,271463029
0,177399920052,271405150
0,177402214450,271479506
0,177404508848,271544567
0,177406803246,271476496
0,177409097644,271541934
0,177411392042,271599192
0,177413686440,271649293
0,177415980838,271568131
0,177418275236,271622114
0,177420569634,271669349
0,177422864032,271585680
0,177425158430,271637470
0,177427452828,271682786
0,177429747226,271722437
0,177432041624,271757132
0,177434336022,271787490
0,177436630420,271814053
0,177438924818,271712296
0,177441219216,271748259
0,177443513614,271779726
0,177445808012,271682260
0,177448102410,271721977
0,177450396808,271756729
0,177452691206,271787137
0,177454985604,271688744
0,177457280002,271727651
0,177651655832,271761694
0,177651699032,271791482
0,177651742232,271817546
0,177651785432,271840352
0,177651828632,271735308
0,177651871832,271643394
0,177651915032,271562969
0,177651958232,271492597
0,177652001432,271556022
0,177652044632,271611519
0,177652087832,271660079
0,177652131032,271702569
0,177652174232,271739747
0,177652217432,271772278
0,177652260632,271800743
0,177652303832,271825650
0,177652347032,271847443
0,177652390232,271866512
0,177652433432,271883198
0,177652476632,271897798
0,177652519832,271910573
0,177652563032,271921751
0,177652606232,271931532
0,177652649432,271940090
0,177652692632,271947578
0,177652735832,271954130
0,177652779032,271959863
0,177652822232,271839880
0,177652865432,271734895
0,177652908632,271643033
0,177652951832,271562653
0,177652995032,271492321
0,177653038232,271555780
0,177653081432,271611307
0,177653124632,271659893
0,177653167832,271702406
0,177653211032,271739605
0,177653254232,271772154
0,177653297432,271800634
0,177653340632,271825554
0,177653383832,271847359
0,177653427032,271866439
0,177653470232,271883134
0,177653513432,271897742
0,177655646073,271910524
0,177657940471,271796708
0,177660234869,271822119
0,177662529267,271844354
0,177664823665,271738809
0,177667118063,271771457
0,177669412461,271800024
0,177671706859,271825021
0,177674001257,271846893
0,177676295655,271866031
0,177678590053,271882777
0,177680884451,271772429
0,177683178849,271800875
0,177685473247,271825765
0,177687767645,271847544
0,177690062043,271866601
0,177692356441,271883275
0,177694650839,271897865
0,177696945237,271785631
0,177699239635,271812427
0,177701534033,271835873
0,177703828431,271731388
0,177706122829,271764964
0,177708417227,271794343
0,177710711625,271820050
0,177713006023,271842543
0,177715300421,271862225
0,177717594819,271879446
0,177719889217,271769515
0,177722183615,271798325
0,177724478013,271823534
0,177726772411,271845592
0,177729066809,271864893
0,177923442639,271881781
0,177923485839,271896558
0,177923529039,271909488
0,177923572239,271920802
0,177923615439,271930701
0,177923658639,271939363
0,177923701839,271946942
0,177923745039,271953574
0,177923788239,271834377
0,177923831439,271730079
0,177923874639,271638819
0,177923917839,271558966
0,177923961039,271489095
0,177924004239,271552958
0,177924047439,271608838
0,177924090639,271657733
0,177924133839,271700516
0,177924177039,271737951
0,177924220239,271770707
0,177924263439,271799368
0,177924306639,271824447
0,177924349839,271846391
0,177924393039,271865592
0,177924436239,271882393
0,177924479439,271897093
0,177924522639,271909956
0,177924565839,271921211
0,177924609039,271931059
0,177924652239,271939676
0,177924695439,271947216
0,177924738639,271953814
0,177924781839,271959587
0,177924825039,271839638
0,177924868239,271734683
0,177924911439,271642847
0,177924954639,271562491
0,177924997839,271492179
0,177925041039,271555656
0,177925084239,271611199
0,177925127439,271659799
0,177925170639,271702324
0,177925213839,271739533
0,177925257039,271772091
0,177925300239,271800579
0,177927432880,271825506
0,177929727278,271847317
0,177932021676,271866402
0,177934316074,271883101
0,177936610472,271897713
0,177938904870,271785498
0,177941199268,271812310
0,177943493666,271835771
0,177945788064,271731299
0,177948082462,271764886
0,177950376860,271794275
0,177952671258,271819990
0,177954965656,271717491
0,177957260054,271752804
0,177959554452,271783703
0,177961848850,271685740
0,177964143248,271725022
0,177966437646,271759394
0,177968732044,271789469
0,177971026442,271815785
0,177973320840,271838811
0,177975615238,271858959
0,177977909636,271751589
0,177980204034,271782640
0,177982498432,271809810
0,177984792830,271708583
0,177987087228,271745010
0,177989381626,271776883
0,177991676024,271804772
0,177993970422,271704175
0,177996264820,271741153
0,177998559218,271773508
0,178000853616,271676819
0,178196376645,271842216
0,178196419845,271986939
0,178196463045,272113571
0,178196506245,272224374
0,178196549445,272321327
0,178196592645,272406161
0,178196635845,272480390
0,178196679045,272545341
0,178196722245,272602173
0,178196765445,272651901
0,178196808645,272695413
0,178196851845,272733486
0,178196895045,272766800
0,178196938245,272795950
0,178196981445,272696456
0,178197024645,272734399
0,178197067845,272767599
0,178197111045,272796649
0,178197154245,272822067
0,178197197445,272844308
0,178197240645,272863769
0,178197283845,272880797
0,178197327045,272895697
0,178197370245,272908734
0,178197413445,272920142
0,178197456645,272930124
0,178197499845,272938858
0,178197543045,272946500
0,178197586245,272953187
0,178197629445,272959038
0,178197672645,272964158
0,178197715845,272968638
0,178197759045,272972558
0,178197802245,272975988
0,178197845445,272978989
0,178197888645,272981615
0,178197931845,272983913
0,178197975045,272985923
0,178198018245,272987682
0,178198061445,272989221
0,178198104645,272990568
0,178198147845,272991747
0,178198191045,272992778
0,178198234245,272993680
0,178199219687,273119470
0,178201514085,273229536
0,178203808483,273325844
0,178206102881,273410113
0,178208397279,273483848
0,178210691677,273548367
0,178212986075,273604821
0,178215280473,273654218
0,178217574871,273697440
0,178219869269,273735260
0,178222163667,273768352
0,178224458065,273797308
0,178226752463,273822644
0,178229046861,273969813
0,178231341259,273973586
0,178233635657,273976887
0,178235930055,273979776
0,178238224453,273982304
0,178240518851,273984516
0,178242813249,273986451
0,178245107647,273988144
0,178247402045,273989626
0,178249696443,273990922
0,178251990841,273992056
0,178254285239,273993049
0,178256579637,273993917
0,178258874035,273994677
0,178261168433,273995342
0,178263462831,273995924
0,178265757229,273996433
0,178268051627,274121878
0,178270346025,274106643
0,178272640423,274093312
0,178468163452,298331648
0,178468206652,295040192
0,178468249852,292160168
0,178468293052,289640147
0,178468336252,287435128
0,178468379452,285505737
0,178468422652,283817519
0,178468465852,282340329
0,178468509052,281047787
0,178468552252,279916813
0,178468595452,278927211
0,178468638652,278061309
0,178468681852,277303645
0,178468725052,276640689
0,178468768252,276060602
0,178468811452,275553026
0,178468854652,274983897
0,178468897852,274485909
0,178468941052,274050170
0,178468984252,273668898
0,178469027452,273460285
0,178469070652,273277749
0,178469113852,273118030
0,178469157052,272978276
0,178469200252,272855991
0,178469243452,272748992
0,178469286652,272655368
0,178469329852,272573447
0,178469373052,272501766
0,178469416252,272439045
0,178469459452,272384164
0,178469502652,272336143
0,178469545852,272294125
0,178469589052,272257359
0,178469632252,272225189
0,178469675452,272197040
0,178469718652,272172410
0,178469761852,272150858
0,178469805052,272132000
0,178469848252,271990500
0,178469891452,271866687
0,178469934652,271758351
0,178469977852,271663557
0,178470021052,271705612
0,178471006494,271867410
0,178473300892,272133983
0,178475595290,272367235
0,178477889688,272571330
0,178480184086,272749913
0,178482478484,272906173
0,178484772882,273042901
0,178487067280,273287538
0,178489361678,273376595
0,178491656076,273454520
0,178493950474,273522705
0,178496244872,273582366
0,178498539270,273634570
0,178500833668,273680248
0,178503128066,273720217
0,178505422464,273755189
0,178507716862,273785790
0,178510011260,273937566
0,178512305658,273945370
0,178514600056,273952198
0,178516894454,273958173
0,178519188852,273963401
0,178521483250,273967975
0,178523777648,273971978
0,178526072046,274100480
0,178528366444,274087920
0,178530660842,274076930
0,178532955240,274067313
0,178535249638,274058898
0,178537544036,274051535
0,178539838434,274045093
0,178542132832,274039456
0,178544427230,274034524
0,178741097458,298405208
0,178741140658,295229557
0,178741183858,292450862
0,178741227058,290019504
0,178741270258,287892066
0,178741313458,286030557
0,178741356658,284401737
0,178741399858,282976519
0,178741443058,281729454
0,178741486258,280638272
0,178741529458,279683488
0,178741572658,278848052
0,178741615858,278117045
0,178741659058,277477414
0,178741702258,276917737
0,178741745458,276428019
0,178741788658,275999516
0,178741831858,275624576
0,178741875058,275296504
0,178741918258,275009441
0,178741961458,274758260
0,178742004658,274538477
0,178742047858,274346167
0,178742091058,274177896
0,178742134258,274030659
0,178742177458,273901826
0,178742220658,273789097
0,178742263858,273690459
0,178742307058,273604151
0,178742350258,273528632
0,178742393458,273462553
0,178742436658,273404733
0,178742479858,273354141
0,178742523058,273309873
0,178742566258,273271138
0,178742609458,273237245
0,178742652658,273207589
0,178742695858,273181640
0,178742739058,273158935
0,178742782258,273139068
0,178742825458,273121684
0,178742868658,273106473
0,178742911858,273093163
0,178742955058,273081517
0,178742998258,272946327
0,178745087699,273078036
0,178747382097,273193281
0,178749676495,273294120
0,178751970893,273382355
0,178754265291,273459560
0,178756559689,273527115
0,178758854087,273586225
0,178761148485,273637946
0,178763442883,273683202
0,178765737281,273722801
0,178768031679,273882450
0,178770326077,273897143
0,178772620475,273910000
0,178774914873,273921250
0,178777209271,273931093
0,178779503669,273939706
0,178781798067,273947242
0,178784092465,273953836
0,178786386863,273959606
0,178788681261,273964655
0,178790975659,273969073
0,178793270057,273972938
0,178795564455,273976320
0,178797858853,273979280
0,178800153251,273981870
0,178802447649,273984136
0,178804742047,273986119
0,178807036445,274112854
0,178809330843,274098747
0,178811625241,274086403
0,178813919639,274075602
0,178816214037,274066151
0,178818508435,274057882
0,179015178663,274050646
0,179015221863,274044315
0,179015265063,274038775
0,179015308263,274033928
0,179015351463,274029687
0,179015394663,274025976
0,179015437863,274022729
0,179015481063,274019887
0,179015524263,274017401
0,179015567463,274015225
0,179015610663,274013321
0,179015653863,274011655
0,179015697063,274010198
0,179015740263,274008923
0,179015783463,274007807
0,179015826663,274006831
0,179015869863,274005977
0,179015913063,274005229
0,179015956263,274004575
0,179015999463,274004003
0,179016042663,274128502
0,179016085863,274112439
0,179016129063,274098384
0,179016172263,274086086
0,179016215463,274075325
0,179016258663,274065909
0,179016301863,274057670
0,179016345063,274050461
0,179016388263,274044153
0,179016431463,274038633
0,179016474663,274033803
0,179016517863,274029577
0,179016561063,274025879
0,179016604263,274022644
0,179016647463,274019813
0,179016690663,274017336
0,179016733863,274015169
0,179016777063,274013272
0,179016820263,274011613
0,179016863463,274010161
0,179016906663,274008890
0,179016949863,274007778
0,179016993063,274006805
0,179017036263,274130954
0,179017079463,274239584
0,179019168904,274209636
0,179021463302,274183431
0,179023757700,274160502
0,179026052098,274265439
0,179028346496,274232259
0,179030640894,274203226
0,179032935292,274177822
0,179035229690,274155594
0,179037524088,274136144
0,179039818486,274119126
0,179042112884,274104235
0,179044407282,274091205
0,179046701680,274079804
0,179048996078,274069828
0,179051290476,274061099
0,179053584874,274053461
0,179055879272,274046778
0,179058173670,274040930
0,179060468068,274035813
0,179062762466,274031336
0,179065056864,274152419
0,179067351262,274133366
0,179069645660,274116695
0,179071940058,274102108
0,179074234456,274089344
0,179076528854,274078176
0,179078823252,274068404
0,179081117650,274059853
0,179083412048,274052371
0,179085706446,274045824
0,179088000844,274165096
0,179090295242,274144459
0,179092589640,274126401
0,179290407067,274235600
0,179290450267,274331150
0,179290493467,274414756
0,179290536667,274487911
0,179290579867,274551922
0,179290623067,274607931
0,179290666267,274656939
0,179290709467,274699821
0,179290752667,274737343
0,179290795867,274770175
0,179290839067,274798903
0,179290882267,274824040
0,179290925467,274846035
0,179290968667,274865280
0,179291011867,275007120
0,179291055067,275131230
0,179291098267,275239826
0,179291141467,275334847
0,179291184667,275417991
0,179291227867,275490742
0,179291271067,275429399
0,179291314267,275375724
0,179291357467,275328758
0,179291400667,275287663
0,179291443867,275251705
0,179291487067,275220241
0,179291530267,275192710
0,179291573467,275168621
0,179291616667,275147543
0,179291659867,275129100
0,179291703067,275112962
0,179291746267,275098841
0,179291789467,275086485
0,179291832667,275075674
0,179291875867,275066214
0,179291919067,275057937
0,179291962267,275050694
0,179292005467,275169357
0,179292048667,275273187
0,179292091867,275364038
0,179292135067,275443533
0,179292178267,275513091
0,179292221467,275573954
0,179292264667,275627209
0,179292307867,275548807
0,179293250109,275605206
0,179295544507,275654555
0,179297838905,275697735
0,179300133303,275860518
0,179302427701,275877953
0,179304722099,275893208
0,179307016497,276031557
0,179309310895,276152612
0,179311605293,276133535
0,179313899691,276116843
0,179316194089,276227237
0,179318488487,276198832
0,179320782885,276173978
0,179323077283,276277230
0,179325371681,276367576
0,179327666079,276321629
0,179329960477,276281425
0,179332254875,276371246
0,179334549273,276324840
0,179336843671,276284235
0,179339138069,276373705
0,179341432467,276326991
0,179343726865,276286117
0,179346021263,276375352
0,179348315661,276453433
0,179350610059,276396753
0,179352904457,276347158
0,179355198855,276428763
0,179357493253,276375167
0,179359787651,276328271
0,179362082049,276412237
0,179364376447,276360707
0,179366670845,276315618
0,179564488272,300776165
0,179564531472,297429144
0,179564574672,294500501
0,179564617872,291937938
0,179564661072,289695695
0,179564704272,287733733
0,179564747472,286017016
0,179564790672,284514889
0,179564833872,283200527
0,179564877072,282050461
0,179564920272,281044153
0,179564963472,280163633
0,179565006672,279518178
0,179565049872,278953405
0,179565093072,278459229
0,179565136272,277901825
0,179565179472,277414096
0,179565222672,276987334
0,179565265872,276613917
0,179565309072,276287177
0,179565352272,276001279
0,179565395472,275751119
0,179565438672,275532229
0,179565481872,275340700
0,179565525072,275173112
0,179565568272,275026473
0,179565611472,274898163
0,179565654672,274785892
0,179565697872,274687655
0,179565741072,274601698
0,179565784272,274526485
0,179565827472,274460674
0,179565870672,274403089
0,179565913872,274352702
0,179565957072,274308614
0,179566000272,274395037
0,179566043472,274470657
0,179566086672,274536824
0,179566129872,274469721
0,179566173072,274411005
0,179566216272,274359629
0,179566259472,274314675
0,179566302672,274275340
0,179566345872,274240922
0,179566389072,274210806
0,179567331314,274309455
0,179569625712,274520773
0,179571920110,274705676
0,179574214508,274992466
0,179576508906,275118407
0,179578803304,275228606
0,179581097702,275450030
0,179583392100,275518776
0,179585686498,275578929
0,179587980896,275631562
0,179590275294,275802616
0,179592569692,275827289
0,179594864090,275848877
0,179597158488,275992767
0,179599452886,275993671
0,179601747284,275994462
0,179604041682,276120154
0,179606336080,276230134
0,179608630478,276201367
0,179610924876,276176196
0,179613219274,276279171
0,179615513672,276244274
0,179617808070,276213739
0,179620102468,276312021
0,179622396866,276273018
0,179624691264,276238890
0,179626985662,276209028
0,179629280060,276307899
0,179631574458,276269411
0,179633868856,276235734
0,179636163254,276331267
0,179638457652,276289858
0,179640752050,276253625
0,179839716676,300846921
0,179839759876,297616055
0,179839803076,294789048
0,179839846276,292315417
0,179839889476,290150989
0,179839932676,288257115
0,179839975876,286599975
0,179840019076,285274978
0,179840062276,284115605
0,179840105476,283101154
0,179840148676,282213509
0,179840191876,281436820
0,179840235076,280757217
0,179840278276,280037564
0,179840321476,279407868
0,179840364676,278856884
0,179840407876,278374773
0,179840451076,277952926
0,179840494276,277583810
0,179840537476,277260833
0,179840580676,276978228
0,179840623876,276730949
0,179840667076,276514580
0,179840710276,276325257
0,179840753476,276159599
0,179840796676,276014649
0,179840839876,275887817
0,179840883076,275776839
0,179840926276,275679734
0,179840969476,275594767
0,179841012676,275645421
0,179841055876,275689743
0,179841099076,275728525
0,179841142276,275762459
0,179841185476,275792151
0,179841228676,275818132
0,179841271876,275715865
0,179841315076,275626381
0,179841358276,275548083
0,179841401476,275479572
0,179841444676,275419625
0,179841487876,275367171
0,179841531076,275321274
0,179841574276,275281114
0,179841617476,275245974
0,179841660676,275215227
0,179843706917,275313323
0,179846001315,275524157
0,179848295713,275708637
0,179850590111,275745057
0,179852884509,275776924
0,179855178907,275929808
0,179857473305,275938582
0,179859767703,275946259
0,179862062101,276077976
0,179864356499,276193229
0,179866650897,276169075
0,179868945295,276147940
0,179871239693,276254447
0,179873534091,276222641
0,179875828489,276194810
0,179878122887,276295458
0,179880417285,276258525
0,179882711683,276226209
0,179885006081,276322932
0,179887300479,276407565
0,179889594877,276356619
0,179891889275,276312041
0,179894183673,276398035
0,179896478071,276348280
0,179898772469,276304745
0,179901066867,276391651
0,179903361265,276467694
0,179905655663,276409232
0,179907950061,276358078
0,179910244459,276438318
0,179912538857,276383528
0,179914833255,276335587
0,179917127653,276418638
0,180116092279,276491308
0,180116135479,276554894
0,180116178679,276610532
0,180116221879,276659215
0,180116265079,276701813
0,180116308279,276739086
0,180116351479,276771700
0,180116394679,276675237
0,180116437879,276590832
0,180116481079,276516978
0,180116524279,276452355
0,180116567479,276395810
0,180116610679,276346333
0,180116653879,276303041
0,180116697079,276265160
0,180116740279,276232015
0,180116783479,276203013
0,180116826679,276177636
0,180116869879,276155431
0,180116913079,276136002
0,180116956279,276119001
0,180116999479,276104125
0,180117042679,276216109
0,180117085879,276314095
0,180117129079,276399833
0,180117172279,276474853
0,180117215479,276540496
0,180117258679,276597934
0,180117301879,276648192
0,180117345079,276692168
0,180117388279,276605647
0,180117431479,276529941
0,180117474679,276463698
0,180117517879,276405735
0,180117561079,276355018
0,180117604279,276310640
0,180117647479,276271810
0,180117690679,276237833
0,180117733879,276208103
0,180117777079,276182090
0,180117820279,276159328
0,180117863479,276139412
0,180117906679,276121985
0,180117949879,276106736
0,180117993079,276093394
0,180118036279,276206719
0,180120082520,276305879
0,180122376918,276267644
0,180124671316,276234188
0,180126965714,276204914
0,180129260112,276304299
0,180131554510,276266261
0,180133848908,276232978
0,180136143306,276328855
0,180138437704,276287748
0,180140732102,276251779
0,180143026500,276345306
0,180145320898,276427142
0,180147615296,276373749
0,180149909694,276327030
0,180152204092,276411151
0,180154498490,276359757
0,180156792888,276314787
0,180159087286,276400438
0,180161381684,276350383
0,180163676082,276306585
0,180165970480,276268261
0,180168264878,276359728
0,180170559276,276314762
0,180172853674,276275416
0,180175148072,276365989
0,180177442470,276320240
0,180179736868,276280210
0,180182031266,276370183
0,180184325664,276448910
0,180186620062,276392796
0,180188914460,276343696
0,180191208858,276425734
0,180193503256,276372517
0,180393615081,276450952
0,180393658281,276519583
0,180393701481,276579635
0,180393744681,276632180
0,180393787881,276678157
0,180393831081,276718387
0,180393874281,276753588
0,180393917481,276784389
0,180393960681,276811340
0,180394003881,276959922
0,180394047081,277089931
0,180394090281,277203689
0,180394133481,277303227
0,180394176681,277390323
0,180394219881,277466532
0,180394263081,277533215
0,180394306281,277591563
0,180394349481,277642617
0,180394392681,277687289
0,180394435881,277726377
0,180394479081,277760579
0,180394522281,277790506
0,180394565481,277691692
0,180394608681,277605230
0,180394651881,277529576
0,180394695081,277463379
0,180394738281,277405456
0,180394781481,277354774
0,180394824681,277310427
0,180394867881,277271623
0,180394911081,277237670
0,180394954281,277207961
0,180394997481,277181965
0,180395040681,277284219
0,180395083881,277373691
0,180395127081,277451979
0,180395170281,277520481
0,180395213481,277580420
0,180395256681,277632867
0,180395299881,277678758
0,180395343081,277718913
0,180395386281,277754048
0,180395429481,277784792
0,180395472681,277811693
0,180395515881,277835231
0,180395559081,277730827
0,180396458123,277514473
0,180398752521,277325163
0,180401046919,277284517
0,180403341317,277248952
0,180405635715,277092833
0,180407930113,276956228
0,180410224511,276961699
0,180412518909,276841486
0,180414813307,276736300
0,180417107705,276769262
0,180419402103,276673104
0,180421696501,276588966
0,180423990899,276515345
0,180426285297,276575926
0,180428579695,276503935
0,180430874093,276440943
0,180433168491,276510825
0,180435462889,276446971
0,180437757287,276391099
0,180440051685,276467211
0,180442346083,276533809
0,180444640481,276467082
0,180446934879,276408696
0,180449229277,276482609
0,180451523675,276422282
0,180453818073,276369496
0,180456112471,276698309
0,180458406869,276986020
0,180460701267,277112767
0,180462995665,277223671
0,180465290063,277445712
0,180467584461,277639998
0,180469878859,277684998
0,180669990684,302474373
0,180670033884,299290076
0,180670077084,296503816
0,180670120284,294065839
0,180670163484,291932609
0,180670206684,290066032
0,180670249884,288432778
0,180670293084,287003680
0,180670336284,285753220
0,180670379484,284659067
0,180670422684,283576683
0,180670465884,282629597
0,180670509084,281800897
0,180670552284,281075784
0,180670595484,280441311
0,180670638684,279886147
0,180670681884,279400378
0,180670725084,278975330
0,180670768284,278603413
0,180670811484,278277986
0,180670854684,277993237
0,180670897884,277744082
0,180670941084,277526071
0,180670984284,277335312
0,180671027484,277293398
0,180671070684,277256723
0,180671113884,277224632
0,180671157084,277196553
0,180671200284,277171983
0,180671243484,277150485
0,180671286684,277131674
0,180671329884,277115214
0,180671373084,277100812
0,180671416284,277088210
0,180671459484,276952183
0,180671502684,276833160
0,180671545884,276729015
0,180671589084,276637888
0,180671632284,276558152
0,180671675484,276488383
0,180671718684,276427335
0,180671761884,276373918
0,180671805084,276327178
0,180671848284,276286280
0,180671891484,276250495
0,180671934684,276219183
0,180672833726,276316785
0,180675128124,276652186
0,180677422522,276945662
0,180679716920,277077454
0,180682011318,277317772
0,180684305716,277528050
0,180686600114,277712043
0,180688894512,277748037
0,180691188910,277904532
0,180693483308,278041465
0,180695777706,278036281
0,180698072104,278156745
0,180700366502,278262151
0,180702660900,278354382
0,180704955298,278310084
0,180707249696,278396323
0,180709544094,278471782
0,180711838492,278412809
0,180714132890,278486207
0,180716427288,278550431
0,180718721686,278481627
0,180721016084,278546423
0,180723310482,278603120
0,180725604880,278652730
0,180727899278,278571138
0,180730193676,278624745
0,180732488074,278671651
0,180734782472,278587694
0,180737076870,278639232
0,180739371268,278684328
0,180741665666,278723787
0,180743960064,278633313
0,180746254462,278679148
0,180946366287,303469254
0,180946409487,300160597
0,180946452687,297140522
0,180946495887,294497956
0,180946539087,292185711
0,180946582287,290162497
0,180946625487,288392184
0,180946668687,286843161
0,180946711887,285487765
0,180946755087,284301794
0,180946798287,283264069
0,180946841487,282356060
0,180946884687,281561552
0,180946927887,280866358
0,180946971087,280258063
0,180947014287,279850805
0,180947057487,279494454
0,180947100687,279182647
0,180947143887,278909816
0,180947187087,278671089
0,180947230287,278462202
0,180947273487,278279426
0,180947316687,278119497
0,180947359887,277979559
0,180947403087,277857114
0,180947446287,277624974
0,180947489487,277421852
0,180947532687,277244120
0,180947575887,277088605
0,180947619087,276952529
0,180947662287,276833462
0,180947705487,276729279
0,180947748687,276638119
0,180947791887,276558354
0,180947835087,276488559
0,180947878287,276427489
0,180947921487,276374052
0,180947964687,276327295
0,180948007887,276411383
0,180948051087,276484960
0,180948094287,276549340
0,180948137487,276605672
0,180948180687,276654963
0,180948223887,276698092
0,180948267087,276735830
0,180948310287,276768851
0,180949209329,276922744
0,180951503727,277182401
0,180953798125,277284600
0,180956092523,277499025
0,180958386921,277686646
0,180960681319,277725815
0,180962975717,277760088
0,180965270115,277915077
0,180967564513,278050692
0,180969858911,278044355
0,180972153309,278163810
0,180974447707,278268333
0,180976742105,278234791
0,180979036503,278330442
0,180981330901,278414136
0,180983625299,278487369
0,180985919697,278426447
0,180988214095,278498141
0,180990508493,278560873
0,180992802891,278490763
0,180995097289,278554417
0,180997391687,278610114
0,180999686085,278533849
0,181001980483,278467117
0,181004274881,278533727
0,181006569279,278592011
0,181008863677,278518009
0,181011158075,278578257
0,181013452473,278630974
0,181015746871,278552102
0,181018041269,278608089
0,181020335667,278657077
0,181022630065,278699942
0,181223889089,303487449
0,181223932289,300176517
0,181223975489,297279452
0,181224018689,294869520
0,181224061889,292760830
0,181224105089,290915726
0,181224148289,289301260
0,181224191489,287888602
0,181224234689,286652526
0,181224277889,285570960
0,181224321089,284624590
0,181224364289,283796516
0,181224407489,283071951
0,181224450689,282437957
0,181224493889,281883212
0,181224537089,281397810
0,181224580289,280848083
0,181224623489,280367072
0,181224666689,279946188
0,181224709889,279577914
0,181224753089,279255674
0,181224796289,278973714
0,181224839489,278726999
0,181224882689,278511124
0,181224925889,278322233
0,181224969089,278156953
0,181225012289,278137333
0,181225055489,278120166
0,181225098689,278105145
0,181225141889,278092001
0,181225185089,278080500
0,181225228289,278070437
0,181225271489,278061632
0,181225314689,278053928
0,181225357889,278047187
0,181225401089,278041288
0,181225444289,278036127
0,181225487489,278031611
0,181225530689,278027659
0,181225573889,277899201
0,181225617089,277786800
0,181225660289,277688450
0,181225703489,277602393
0,181225746689,277527093
0,181225789889,277461206
0,181225833089,277403555
0,181225876289,277353110
0,181227879330,277433971
0,181230173728,277629724
0,181232468126,277801008
0,181234762524,277825882
0,181237056922,277972646
0,181239351320,278101065
0,181241645718,278213431
0,181243940116,278186752
0,181246234514,278288408
0,181248528912,278377357
0,181250823310,278330187
0,181253117708,278413913
0,181255412106,278487173
0,181257706504,278426276
0,181260000902,278497991
0,181262295300,278560742
0,181264589698,278615649
0,181266884096,278538692
0,181269178494,278596355
0,181271472892,278646810
0,181273767290,278565958
0,181276061688,278620213
0,181278356086,278667686
0,181280650484,278709225
0,181282944882,278620571
0,181285239280,278667999
0,181287533678,278709499
0,181289828076,278620811
0,181292122474,278668209
0,181294416872,278709682
0,181296711270,278620971
0,181299005668,278668349
0,181301300066,278709805
0,181502559090,278746079
0,181502602290,278777819
0,181502645490,278805591
0,181502688690,278704892
0,181502731890,278616780
0,181502775090,278539682
0,181502818290,278472221
0,181502861490,278413193
0,181502904690,278361543
0,181502947890,278316350
0,181502991090,278276806
0,181503034290,278367205
0,181503077490,278446304
0,181503120690,278515516
0,181503163890,278576076
0,181503207090,278629066
0,181503250290,278675432
0,181503293490,278716003
0,181503336690,278751502
0,181503379890,278782564
0,181503423090,278809743
0,181503466290,278833525
0,181503509490,278854334
0,181503552690,278872542
0,181503595890,278888474
0,181503639090,278902414
0,181503682290,278789612
0,181503725490,278690910
0,181503768690,278604546
0,181503811890,278528977
0,181503855090,278462854
0,181503898290,278404997
0,181503941490,278354372
0,181503984690,278310075
0,181504027890,278396315
0,181504071090,278471775
0,181504114290,278537803
0,181504157490,278595577
0,181504200690,278646129
0,181504243890,278690362
0,181504287090,278729066
0,181504330290,278762932
0,181504373490,278792565
0,181504416690,278818494
0,181504459890,278841182
0,181504503090,278861034
0,181504546290,278878404
0,181506549331,278893603
0,181508843729,278781902
0,181511138127,278809164
0,181513432525,278833018
0,181515726923,278728890
0,181518021321,278762778
0,181520315719,278792430
0,181522610117,278818376
0,181524904515,278716079
0,181527198913,278751569
0,181529493311,278782622
0,181531787709,278684794
0,181534082107,278724194
0,181536376505,278758669
0,181538670903,278663835
0,181540965301,278580855
0,181543259699,278633248
0,181545554097,278679092
0,181547848495,278594205
0,181550142893,278644929
0,181552437291,278689312
0,181554731689,278603148
0,181557026087,278652754
0,181559320485,278696159
0,181561614883,278734139
0,181563909281,278642371
0,181566203679,278687074
0,181568498077,278726189
0,181570792475,278635415
0,181573086873,278680988
0,181575381271,278720864
0,181577675669,278630756
0,181579970067,278551911
0,181782376290,278732922
0,181782419490,278891306
0,181782462690,279029892
0,181782505890,279151155
0,181782549090,279257260
0,181782592290,279350102
0,181782635490,279431339
0,181782678690,279502421
0,181782721890,279564618
0,181782765090,279619040
0,181782808290,279666660
0,181782851490,279583327
0,181782894690,279510411
0,181782937890,279446609
0,181782981090,279390782
0,181783024290,279466934
0,181783067490,279533567
0,181783110690,279591871
0,181783153890,279642887
0,181783197090,279687526
0,181783240290,279726585
0,181783283490,279760761
0,181783326690,279790665
0,181783369890,279816831
0,181783413090,279839727
0,181783456290,279859761
0,181783499490,279877290
0,181783542690,279892628
0,181783585890,279906049
0,181783629090,279917792
0,181783672290,279928068
0,181783715490,279937059
0,181783758690,279944926
0,181783801890,279951810
0,181783845090,279957833
0,181783888290,279838103
0,181783931490,279733340
0,181783974690,279641672
0,181784017890,279686463
0,181784061090,279725655
0,181784104290,279759948
0,181784147490,279789954
0,181784190690,279816209
0,181784233890,279839182
0,181784277090,279859284
0,181784320290,279876873
0,181784363490,279892263
0,181785219332,280030730
0,181787513730,280151888
0,181789808128,280257902
0,181792102526,280350664
0,181794396924,280431831
0,181796691322,280502852
0,181798985720,280439995
0,181801280118,280509995
0,181803574516,280571245
0,181805868914,280624839
0,181808163312,280671734
0,181810457710,280712767
0,181812752108,280748671
0,181815046506,280780087
0,181817340904,280807576
0,181819635302,280831629
0,181821929700,280852675
0,181824224098,280871090
0,181826518496,280887203
0,181828812894,280901302
0,181831107292,280913639
0,181833401690,280924434
0,181835696088,280933879
0,181837990486,280817144
0,181840284884,280840001
0,181842579282,280860000
0,181844873680,280877500
0,181847168078,280892812
0,181849462476,280906210
0,181851756874,280917933
0,181854051272,280928191
0,181856345670,280937167
0,181858640068,280945021
0,182061046291,306076893
0,182061089491,302692281
0,182061132691,299730745
0,182061175891,297139401
0,182061219091,294871975
0,182061262291,292887978
0,182061305491,291151980
0,182061348691,289632982
0,182061391891,288303859
0,182061435091,287140876
0,182061478291,286123266
0,182061521491,285232857
0,182061564691,284453749
0,182061607891,283772030
0,182061651091,283175526
0,182061694291,282653585
0,182061737491,282071886
0,182061780691,281562900
0,182061823891,281117537
0,182061867091,280727844
0,182061910291,280386863
0,182061953491,280088505
0,182061996691,279827441
0,182062039891,279724010
0,182062083091,279633508
0,182062126291,279554319
0,182062169491,279485029
0,182062212691,279424400
0,182062255891,279371350
0,182062299091,279324931
0,182062342291,279284314
0,182062385491,279248774
0,182062428691,279217677
0,182062471891,279190467
0,182062515091,279166658
0,182062558291,279145825
0,182062601491,279127596
0,182062644691,279111646
0,182062687891,279097690
0,182062731091,278960478
0,182062774291,278840418
0,182062817491,278735365
0,182062860691,278643444
0,182062903891,278563013
0,182062947091,278492636
0,182062990291,278431056
0,182063033491,278502174
0,182063889333,278564402
0,182066183731,278868851
0,182068478129,279135244
0,182070772527,279368338
0,182073066925,279572295
0,182075361323,279750758
0,182077655721,279906913
0,182079950119,280043548
0,182082244517,280163104
0,182084538915,280267716
0,182086833313,280359251
0,182089127711,280439344
0,182091422109,280509426
0,182093716507,280570747
0,182096010905,280624403
0,182098305303,280671352
0,182100599701,280712433
0,182102894099,280748378
0,182105188497,280779830
0,182107482895,280807351
0,182109777293,280831432
0,182112071691,280852503
0,182114366089,280870940
0,182116660487,280887072
0,182118954885,280901188
0,182121249283,280913539
0,182123543681,280924346
0,182125838079,280933802
0,182128132477,280942076
0,182130426875,280949316
0,182132721273,280955651
0,182135015671,280961194
0,182137310069,280966044
0,182340863491,306095288
0,182340906691,302708377
0,182340949891,299744829
0,182340993091,297151725
0,182341036291,295007759
0,182341079491,293131789
0,182341122691,291490315
0,182341165891,290054025
0,182341209091,288797271
0,182341252291,287697612
0,182341295491,286735410
0,182341338691,285893483
0,182341381891,285156797
0,182341425091,284512197
0,182341468291,283948172
0,182341511491,283454650
0,182341554691,283022818
0,182341597891,282644965
0,182341641091,282314344
0,182341684291,282025051
0,182341727491,281771919
0,182341770691,281550429
0,182341813891,281356625
0,182341857091,281187046
0,182341900291,280913665
0,182341943491,280674456
0,182341986691,280465149
0,182342029891,280407005
0,182342073091,280356129
0,182342116291,280311612
0,182342159491,280272660
0,182342202691,280238577
0,182342245891,280208754
0,182342289091,280182659
0,182342332291,280159826
0,182342375491,280139847
0,182342418691,280122366
0,182342461891,280107070
0,182342505091,280093686
0,182342548291,280081975
0,182342591491,280071728
0,182342634691,280062762
0,182342677891,280054916
0,182342721091,280048051
0,182342764291,280042044
0,182342807491,280036788
0,182342850691,280032189
0,182342893891,279903165
0,182344853732,280040269
0,182347148130,280160235
0,182349442528,280265205
0,182351736926,280357054
0,182354031324,280437422
0,182356325722,280507744
0,182358620120,280569276
0,182360914518,280623116
0,182363208916,280670226
0,182365503314,280711447
0,182367797712,280747516
0,182370092110,280779076
0,182372386508,280806691
0,182374680906,280830854
0,182376975304,280726997
0,182379269702,280761122
0,182381564100,280790981
0,182383858498,280817108
0,182386152896,280839969
0,182388447294,280859972
0,182390741692,280877475
0,182393036090,280892790
0,182395330488,280906191
0,182397624886,280917917
0,182399919284,280928177
0,182402213682,280937154
0,182404508080,280945009
0,182406802478,280951882
0,182409096876,280957896
0,182411391274,280963159
0,182413685672,280967764
0,182415980070,280846793
0,182418274468,280865943
0,182621827890,280882700
0,182621871090,280897362
0,182621914290,280910191
0,182621957490,280921417
0,182622000690,280931239
0,182622043890,280939834
0,182622087090,280947354
0,182622130290,280953934
0,182622173490,280959692
0,182622216690,280964730
0,182622259890,280969138
0,182622303090,280972995
0,182622346290,280976370
0,182622389490,280979323
0,182622432690,280981907
0,182622475890,280984168
0,182622519090,280986147
0,182622562290,280987878
0,182622605490,280989393
0,182622648690,280990718
0,182622691890,280991878
0,182622735090,280992893
0,182622778290,280993781
0,182622821490,280994558
0,182622864690,280995238
0,182622907890,280995833
0,182622951090,280996353
0,182622994290,280871808
0,182623037490,280887832
0,182623080690,280901853
0,182623123890,280914121
0,182623167090,280924855
0,182623210290,280934248
0,182623253490,280942467
0,182623296690,280949658
0,182623339890,280955950
0,182623383090,280961456
0,182623426290,280966274
0,182623469490,280970489
0,182623512690,280974177
0,182623555890,280977404
0,182623599090,280980228
0,182623642290,280982699
0,182623685490,280984861
0,182623728690,280986753
0,182623771890,280988408
0,182623815090,280989857
0,182623858290,280991124
0,182625818131,280992233
0,182628112529,280993203
0,182630406927,280994052
0,182632701325,280994795
0,182634995723,280870445
0,182637290121,280886639
0,182639584519,280900809
0,182641878917,280913207
0,182644173315,280924056
0,182646467713,280933549
0,182648762111,280941855
0,182651056509,280949123
0,182653350907,280955482
0,182655645305,280961046
0,182657939703,280965915
0,182660234101,280970175
0,182662528499,280973903
0,182664822897,280977165
0,182667117295,280980019
0,182669411693,280982516
0,182671706091,280984701
0,182674000489,280986613
0,182676294887,280988286
0,182678589285,280989750
0,182680883683,280991031
0,182683178081,280992152
0,182685472479,280993133
0,182687766877,280993991
0,182690061275,280994742
0,182692355673,280995399
0,182694650071,280995974
0,182696944469,280996477
0,182699238867,280996917
0,182903939488,281122302
0,182903982688,281232014
0,182904025888,281453012
0,182904069088,281646385
0,182904112288,281690586
0,182904155488,281729262
0,182904198688,281763104
0,182904241888,281792716
0,182904285088,281818626
0,182904328288,281841297
0,182904371488,281861134
0,182904414688,281878492
0,182904457888,281893680
0,182904501088,281906970
0,182904544288,281918598
0,182904587488,281928773
0,182904630688,281937676
0,182904673888,281945466
0,182904717088,281952282
0,182904760288,281958246
0,182904803488,281963465
0,182904846688,281968031
0,182904889888,281972027
0,182904933088,281975523
0,182904976288,281978582
0,182905019488,282106259
0,182905062688,282217976
0,182905105888,282315729
0,182905149088,282276262
0,182905192288,282241729
0,182905235488,282211512
0,182905278688,282185073
0,182905321888,282161938
0,182905365088,282141695
0,182905408288,282123983
0,182905451488,282108485
0,182905494688,282094924
0,182905537888,282083058
0,182905581088,282072675
0,182905624288,282063590
0,182905667488,282055641
0,182905710688,282048685
0,182905753888,282042599
0,182905797088,282037274
0,182905840288,282032614
0,182905883488,282028537
0,182905926688,282024969
0,182905969888,282021847
0,182906782530,282144116
0,182909076928,282376101
0,182911371326,282454088
0,182913665724,282522327
0,182915960122,282582036
0,182918254520,282759281
0,182920548918,282789370
0,182922843316,282815698
0,182925137714,282963735
0,182927432112,282968268
0,182929726510,282972234
0,182932020908,283100704
0,182934315306,283088116
0,182936609704,283077101
0,182938904102,283067463
0,182941198500,283184030
0,182943492898,283161026
0,182945787296,283140897
0,182948081694,283248284
0,182950376092,283217248
0,182952670490,283190092
0,182954964888,283166330
0,182957259286,283145538
0,182959553684,283127345
0,182961848082,283111426
0,182964142480,283222497
0,182966436878,283194684
0,182968731276,283170348
0,182971025674,283274054
0,182973320072,283239797
0,182975614470,283209822
0,182977908868,283183594
0,182980203266,283285644
0,183184903887,308499938
0,183184947087,305062445
0,183184990287,302054639
0,183185033487,299422809
0,183185076687,297119957
0,183185119887,295104962
0,183185163087,293341841
0,183185206287,291799110
0,183185249487,290449221
0,183185292687,289268068
0,183185335887,288234559
0,183185379087,287330239
0,183185422287,286538959
0,183185465487,285846589
0,183185508687,285240765
0,183185551887,284710669
0,183185595087,284246835
0,183185638287,283840980
0,183185681487,283485857
0,183185724687,283175124
0,183185767887,282903233
0,183185811087,282665328
0,183185854287,282457162
0,183185897487,282275016
0,183185940687,282115639
0,183185983887,281976184
0,183186027087,281854161
0,183186070287,281747390
0,183186113487,281653966
0,183186156687,281572220
0,183186199887,281500692
0,183186243087,281438105
0,183186286287,281383341
0,183186329487,281335423
0,183186372687,281293495
0,183186415887,281256808
0,183186459087,281224707
0,183186502287,281196618
0,183186545487,281172040
0,183186588687,281150535
0,183186631887,281131718
0,183186675087,281115253
0,183186718287,281100846
0,183186761487,281088240
0,183186804687,281077210
0,183186847887,281067558
0,183186891087,281059113
0,183186934287,281051723
0,183187746929,281170257
0,183190041327,281523974
0,183192335725,281708477
0,183194630123,281869917
0,183196924521,282011177
0,183199218919,282259779
0,183201513317,282352306
0,183203807715,282433267
0,183206102113,282629108
0,183208396511,282675469
0,183210690909,282716035
0,183212985307,282751530
0,183215279705,282782588
0,183217574103,282809764
0,183219868501,282833543
0,183222162899,282979350
0,183224457297,282981931
0,183226751695,282984189
0,183229046093,283111165
0,183231340491,283097269
0,183233634889,283085110
0,183235929287,283074471
0,183238223685,283190162
0,183240518083,283166391
0,183242812481,283145592
0,183245106879,283252393
0,183247401277,283220843
0,183249695675,283193237
0,183251990073,283169082
0,183254284471,283147946
0,183256578869,283129452
0,183258873267,283113270
0,183261167665,283224111
0,183467015485,308696097
0,183467058685,305484084
0,183467101885,302673573
0,183467145085,300214376
0,183467188285,297937579
0,183467231485,295945381
0,183467274685,294202208
0,183467317885,292676932
0,183467361085,291342315
0,183467404285,290174525
0,183467447485,289152709
0,183467490685,288258620
0,183467533885,287476292
0,183467577085,286791755
0,183467620285,286192785
0,183467663485,285668686
0,183467706685,285210100
0,183467749885,284808837
0,183467793085,284457732
0,183467836285,284150515
0,183467879485,283881700
0,183467922685,283646487
0,183467965885,283440676
0,183468009085,283385591
0,183468052285,283337392
0,183468095485,283295218
0,183468138685,283258315
0,183468181885,283101025
0,183468225085,282963396
0,183468268285,282842971
0,183468311485,282737599
0,183468354685,282645399
0,183468397885,282564724
0,183468441085,282494133
0,183468484285,282432366
0,183468527485,282378320
0,183468570685,282331030
0,183468613885,282289651
0,183468657085,282253444
0,183468700285,282221763
0,183468743485,282194042
0,183468786685,282169786
0,183468829885,282148562
0,183468873085,282129991
0,183468916285,282113742
0,183468959485,282099524
0,183469002685,282212083
0,183469045885,282310572
0,183469089085,282396750
0,183471005726,282597156
0,183473300124,282647511
0,183475594522,282691572
0,183477888920,282730125
0,183480183318,282888859
0,183482477716,282902751
0,183484772114,282914907
0,183487066512,283050543
0,183489360910,283044225
0,183491655308,283038696
0,183493949706,283033859
0,183496244104,283154626
0,183498538502,283135297
0,183500832900,283118384
0,183503127298,283228586
0,183505421696,283200012
0,183507716094,283175010
0,183510010492,283278133
0,183512304890,283243366
0,183514599288,283212945
0,183516893686,283186326
0,183519188084,283288035
0,183521482482,283252030
0,183523776880,283220526
0,183526071278,283317960
0,183528365676,283278215
0,183530660074,283243438
0,183532954472,283213008
0,183535248870,283311382
0,183537543268,283272459
0,183539837666,283238401
0,183542132064,283333600
0,183544426462,283291900
0,183750274282,283255412
0,183750317482,283223485
0,183750360682,283195549
0,183750403882,283171105
0,183750447082,283149716
0,183750490282,283131001
0,183750533482,283114625
0,183750576682,283100296
0,183750619882,283087759
0,183750663082,283076789
0,183750706282,283067190
0,183750749482,283058791
0,183750792682,283051442
0,183750835882,283045011
0,183750879082,283039384
0,183750922282,283034461
0,183750965482,283030153
0,183751008682,283151383
0,183751051882,283257460
0,183751095082,283350277
0,183751138282,283431492
0,183751181482,283502555
0,183751224682,283564735
0,183751267882,283494143
0,183751311082,283432375
0,183751354282,283378328
0,183751397482,283331037
0,183751440682,283289657
0,183751483882,283253449
0,183751527082,283221767
0,183751570282,283194046
0,183751613482,283169790
0,183751656682,283148566
0,183751699882,283129995
0,183751743082,283113745
0,183751786282,283099526
0,183751829482,283087085
0,183751872682,283076199
0,183751915882,283066674
0,183751959082,283058339
0,183752002282,283176046
0,183752045482,283279040
0,183752088682,283369160
0,183752131882,283448015
0,183752175082,283517013
0,183752218282,283577386
0,183752261482,283505212
0,183752304682,283442060
0,183752347882,283386802
0,183754264523,283338451
0,183756558921,283296144
0,183758853319,283259126
0,183761147717,283351735
0,183763442115,283307768
0,183765736513,283269297
0,183768030911,283360634
0,183770325309,283315554
0,183772619707,283276109
0,183774914105,283241595
0,183777208503,283336395
0,183779502901,283294345
0,183781797299,283257551
0,183784091697,283350357
0,183786386095,283306562
0,183788680493,283268241
0,183790974891,283234710
0,183793269289,283205371
0,183795563687,283179699
0,183797858085,283157236
0,183800152483,283262581
0,183802446881,283229758
0,183804741279,283201038
0,183807035677,283300908
0,183809330075,283263294
0,183811624473,283230382
0,183813918871,283201584
0,183816213269,283301386
0,183818507667,283263712
0,183820802065,283230748
0,183823096463,283326904
0,183825390861,283286041
0,183827685259,283250285
0,184034680278,283343999
0,184034723478,283425999
0,184034766678,283497749
0,184034809878,283560530
0,184034853078,283615463
0,184034896278,283663530
0,184034939478,283705588
0,184034982678,283742389
0,184035025878,283899590
0,184035069078,284037141
0,184035112278,284157498
0,184035155478,284262810
0,184035198678,284354958
0,184035241878,284435588
0,184035285078,284506139
0,184035328278,284567871
0,184035371478,284621887
0,184035414678,284544151
0,184035457878,284476132
0,184035501078,284416615
0,184035544278,284364538
0,184035587478,284318970
0,184035630678,284279098
0,184035673878,284244210
0,184035717078,284213683
0,184035760278,284186972
0,184035803478,284163600
0,184035846678,284143150
0,184035889878,284125256
0,184035933078,284109599
0,184035976278,284095899
0,184036019478,284208911
0,184036062678,284307797
0,184036105878,284394322
0,184036149078,284470031
0,184036192278,284536277
0,184036235478,284594242
0,184036278678,284644961
0,184036321878,284689340
0,184036365078,284728172
0,184036408278,284637150
0,184036451478,284557506
0,184036494678,284487817
0,184036537878,284426839
0,184036581078,284373484
0,184036624278,284326798
0,184036667478,284285948
0,184036710678,284250204
0,184036753878,284218928
0,184037523320,284066562
0,184039817718,283933241
0,184042112116,283941585
0,184044406514,283823886
0,184046700912,283720900
0,184048995310,283630787
0,184051289708,283551938
0,184053584106,283482945
0,184055878504,283422576
0,184058172902,283494754
0,184060467300,283432909
0,184062761698,283378795
0,184065056096,283456445
0,184067350494,283399389
0,184069644892,283349465
0,184071939290,283305781
0,184074233688,283642558
0,184076528086,283937238
0,184078822484,284070083
0,184081116882,284311322
0,184083411280,284522406
0,184085705678,284582105
0,184088000076,284759341
0,184090294474,284914423
0,184092588872,284925120
0,184094883270,284934480
0,184097177668,285067670
0,184099472066,285184211
0,184101766464,285161184
0,184104060862,285266036
0,184106355260,285357781
0,184108649658,285313058
0,184110944056,285273925
0,184317939075,310864684
0,184317982275,307381598
0,184318025475,304458898
0,184318068675,301901535
0,184318111875,299663843
0,184318155075,297705862
0,184318198275,295992629
0,184318241475,294493550
0,184318284675,293181856
0,184318327875,291909124
0,184318371075,290795483
0,184318414275,289821047
0,184318457475,288968416
0,184318500675,288222364
0,184318543875,287569568
0,184318587075,286998372
0,184318630275,286498575
0,184318673475,286061253
0,184318716675,285678596
0,184318759875,285343771
0,184318803075,285050799
0,184318846275,284794449
0,184318889475,284570142
0,184318932675,284373874
0,184318975875,284202139
0,184319019075,284176871
0,184319062275,284154762
0,184319105475,284135416
0,184319148675,284118489
0,184319191875,284103677
0,184319235075,284090717
0,184319278275,284079377
0,184319321475,283944454
0,184319364675,283826397
0,184319407875,283723097
0,184319451075,283632709
0,184319494275,283553620
0,184319537475,283484417
0,184319580675,283423864
0,184319623875,283370881
0,184319667075,283324520
0,184319710275,283283955
0,184319753475,283248460
0,184319796675,283217402
0,184319839875,283190226
0,184319883075,283166447
0,184319926275,283145641
0,184319969475,283127435
0,184320012675,283236505
0,184320782117,283331941
0,184323076515,283665448
0,184325370913,283957267
0,184327665311,284087608
0,184329959709,284201657
0,184332254107,284426449
0,184334548505,284623142
0,184336842903,284670249
0,184339137301,284836467
0,184341431699,284981908
0,184343726097,284984169
0,184346020495,285111147
0,184348314893,285222253
0,184350609291,285194471
0,184352903689,285170162
0,184355198087,285273891
0,184357492485,285364654
0,184359786883,285319072
0,184362081281,285404188
0,184364375679,285478664
0,184366670077,285418831
0,184368964475,285366477
0,184371258873,285445667
0,184373553271,285389958
0,184375847669,285341213
0,184378142067,285423561
0,184380436465,285495615
0,184382730863,285433663
0,184385025261,285504455
0,184387319659,285566398
0,184389614057,285495598
0,184391908455,285433648
0,184394202853,285504442
0,184602345071,311316386
0,184602388271,308026837
0,184602431471,305148482
0,184602474671,302504921
0,184602517871,300191805
0,184602561071,298167829
0,184602604271,296396850
0,184602647471,294847243
0,184602690671,293491337
0,184602733871,292304919
0,184602777071,291266804
0,184602820271,290358453
0,184602863471,289563646
0,184602906671,288868190
0,184602949871,288259666
0,184602993071,287727207
0,184603036271,287386306
0,184603079471,287088017
0,184603122671,286827014
0,184603165871,286598637
0,184603209071,286398807
0,184603252271,286223956
0,184603295471,286070961
0,184603338671,285937090
0,184603381871,285819953
0,184603425071,285717458
0,184603468271,285502775
0,184603511471,285314928
0,184603554671,285150562
0,184603597871,285006741
0,184603641071,284880898
0,184603684271,284770785
0,184603727471,284674436
0,184603770671,284590131
0,184603813871,284516364
0,184603857071,284451818
0,184603900271,284395340
0,184603943471,284345922
0,184603986671,284302681
0,184604029871,284389845
0,184604073071,284466114
0,184604116271,284532849
0,184604159471,284591242
0,184604202671,284642336
0,184604245871,284687044
0,184604289071,284726163
0,184604332271,284760392
0,184604375471,284790343
0,184604418671,284816550
0,184604461871,284714481
0,184606335312,284875170
0,184608629710,284890773
0,184610924108,284904426
0,184613218506,285041372
0,184615512904,285161200
0,184617807302,285141050
0,184620101700,285248418
0,184622396098,285342365
0,184624690496,285299569
0,184626984894,285262122
0,184629279292,285354356
0,184631573690,285310061
0,184633868088,285271303
0,184636162486,285362390
0,184638456884,285442091
0,184640751282,285386829
0,184643045680,285463475
0,184645340078,285530540
0,184647634476,285464222
0,184649928874,285406194
0,184652223272,285480419
0,184654517670,285545366
0,184656812068,285477195
0,184659106466,285542545
0,184661400864,285599726
0,184663695262,285524760
0,184665989660,285459165
0,184668284058,285526769
0,184670578456,285460922
0,184672872854,285403306
0,184675167252,285477892
0,184677461650,285543155
0,184679756048,285475260
0,184887898266,285415852
0,184887941466,285363870
0,184887984666,285318386
0,184888027866,285403587
0,184888071066,285478138
0,184888114266,285543370
0,184888157466,285600448
0,184888200666,285650392
0,184888243866,285694093
0,184888287066,285732331
0,184888330266,285765789
0,184888373466,285795065
0,184888416666,285820681
0,184888459866,285843095
0,184888503066,285862708
0,184888546266,285879869
0,184888589466,285769885
0,184888632666,285673649
0,184888675866,285589442
0,184888719066,285515761
0,184888762266,285451290
0,184888805466,285394878
0,184888848666,285345518
0,184888891866,285302328
0,184888935066,285264537
0,184888978266,285231469
0,184889021466,285327535
0,184889064666,285411593
0,184889107866,285485143
0,184889151066,285549500
0,184889194266,285605812
0,184889237466,285655085
0,184889280666,285698199
0,184889323866,285735924
0,184889367066,285768933
0,184889410266,285797816
0,184889453466,285823089
0,184889496666,285845202
0,184889539866,285864551
0,184889583066,285756482
0,184889626266,285661921
0,184889669466,285579180
0,184889712666,285506782
0,184889755866,285443434
0,184889799066,285388004
0,184889842266,285339503
0,184889885466,285297065
0,184889928666,285259931
0,184889971866,285227439
0,184890015066,285324009
0,184891888507,285283507
0,184894182905,285373068
0,184896477303,285451434
0,184898771701,285395004
0,184901066099,285470628
0,184903360497,285536799
0,184905654895,285469699
0,184907949293,285410986
0,184910243691,285484612
0,184912538089,285549035
0,184914832487,285480405
0,184917126885,285545354
0,184919421283,285602184
0,184921715681,285526911
0,184924010079,285586047
0,184926304477,285637791
0,184928598875,285558067
0,184930893273,285488308
0,184933187671,285552269
0,184935482069,285608235
0,184937776467,285532205
0,184940070865,285590679
0,184942365263,285641844
0,184944659661,285561613
0,184946954059,285491411
0,184949248457,285554984
0,184951542855,285610611
0,184953837253,285534284
0,184956131651,285592498
0,184958426049,285643435
0,184960720447,285563005
0,184963014845,285617629
0,184965309243,285665425
0,185174598660,285832246
0,185174641860,285978215
0,185174685060,286105938
0,185174728260,286092695
0,185174771460,286081108
0,185174814660,286070969
0,185174857860,286062097
0,185174901060,286054334
0,185174944260,286047542
0,185174987460,286041599
0,185175030660,286161399
0,185175073860,286266224
0,185175117060,286357946
0,185175160260,286438202
0,185175203460,286508426
0,185175246660,286569872
0,185175289860,286623638
0,185175333060,286670683
0,185175376260,286711847
0,185175419460,286747866
0,185175462660,286779382
0,185175505860,286806959
0,185175549060,286831089
0,185175592260,286852202
0,185175635460,286870676
0,185175678660,286886841
0,185175721860,286775985
0,185175765060,286678986
0,185175808260,286594112
0,185175851460,286519848
0,185175894660,286454867
0,185175937860,286398008
0,185175981060,286348257
0,185176024260,286429724
0,185176067460,286501008
0,185176110660,286563382
0,185176153860,286617959
0,185176197060,286665714
0,185176240260,286707499
0,185176283460,286744061
0,185176326660,286776053
0,185176369860,286804046
0,185176413060,286828540
0,185176456260,286849972
0,185176499460,286868725
0,185176542660,286885134
0,185176585860,286899492
0,185176629060,286912055
0,185176672260,286923048
0,185176715460,286807667
0,185177441702,286706708
0,185179736100,286493369
0,185182030498,286431697
0,185184324896,286377734
0,185186619294,286205517
0,185188913692,286054827
0,185191208090,286047973
0,185193502488,286041976
0,185195796886,285911729
0,185198091284,285922762
0,185200385682,285932416
0,185202680080,285815864
0,185204974478,285713881
0,185207268876,285749645
0,185209563274,285655939
0,185211857672,285573946
0,185214152070,285627202
0,185216446468,285673801
0,185218740866,285589575
0,185221035264,285640878
0,185223329662,285685768
0,185225624060,285600047
0,185227918458,285525041
0,185230212856,285584410
0,185232507254,285636358
0,185234801652,285556813
0,185237096050,285612211
0,185239390448,285660684
0,185241684846,285578098
0,185243979244,285505835
0,185246273642,285567605
0,185248568040,285871654
0,185250862438,286012697
0,185460151855,312136109
0,185460195055,308869095
0,185460238255,306010458
0,185460281455,303509150
0,185460324655,301320506
0,185460367855,299405442
0,185460411055,297729761
0,185460454255,296263540
0,185460497455,294980597
0,185460540655,293858022
0,185460583855,292875769
0,185460627055,291891297
0,185460670255,291029884
0,185460713455,290276148
0,185460756655,289616629
0,185460799855,289039550
0,185460843055,288534606
0,185460886255,288092780
0,185460929455,287706182
0,185460972655,287367909
0,185461015855,287196920
0,185461059055,287047305
0,185461102255,286916391
0,185461145455,286801842
0,185461188655,286701611
0,185461231855,286613909
0,185461275055,286537170
0,185461318255,286470023
0,185461361455,286411270
0,185461404655,286359861
0,185461447855,286314878
0,185461491055,286275518
0,185461534255,286241078
0,185461577455,286210943
0,185461620655,286059575
0,185461663855,285927128
0,185461707055,285811237
0,185461750255,285709832
0,185461793455,285621103
0,185461836655,285543465
0,185461879855,285475531
0,185461923055,285416089
0,185461966255,285364077
0,185462009455,285443567
0,185462052655,285513121
0,185462095855,285573980
0,185462139055,285627232
0,185462182255,285673828
0,185462225455,285714599
0,185462268655,285750274
0,185462994897,285781489
0,185465289295,286058802
0,185467583693,286301451
0,185469878091,286388769
0,185472172489,286590172
0,185474466887,286766400
0,185476761285,286920600
0,185479055683,287055525
0,185481350081,287173584
0,185483644479,287276886
0,185485938877,287242275
0,185488233275,287336990
0,185490527673,287419866
0,185492822071,287492382
0,185495116469,287555834
0,185497410867,287611354
0,185499705265,287659934
0,185501999663,287577442
0,185504294061,287630261
0,185506588459,287676478
0,185508882857,287591918
0,185511177255,287642928
0,185513471653,287687562
0,185515766051,287726616
0,185518060449,287760789
0,185520354847,287790690
0,185522649245,287816853
0,185524943643,287714746
0,185527238041,287750402
0,185529532439,287781601
0,185531826837,287808900
0,185534121235,287832787
0,185536415633,287853688
0,185745705050,313746977
0,185745748250,310153604
0,185745791450,307009403
0,185745834650,304258227
0,185745877850,301850948
0,185745921050,299744579
0,185745964250,297901506
0,185746007450,296413817
0,185746050650,295112089
0,185746093850,293973077
0,185746137050,292976442
0,185746180250,292104386
0,185746223450,291341337
0,185746266650,290673669
0,185746309850,290089460
0,185746353050,289578277
0,185746396250,289130992
0,185746439450,288739618
0,185746482650,288397165
0,185746525850,288097519
0,185746569050,287835329
0,185746612250,287480912
0,185746655450,287170798
0,185746698650,286899448
0,185746741850,286662017
0,185746785050,286454264
0,185746828250,286272481
0,185746871450,286113420
0,185746914650,285974242
0,185746957850,285852461
0,185747001050,285870903
0,185747044250,285887040
0,185747087450,285901160
0,185747130650,285913515
0,185747173850,285924325
0,185747217050,285933784
0,185747260250,285942061
0,185747303450,285949303
0,185747346650,285955640
0,185747389850,285961185
0,185747433050,285966036
0,185747476250,285970281
0,185747519450,285973995
0,185747562650,285977245
0,185747605850,285855089
0,185747649050,285748202
0,185747692250,285654676
0,185747735450,285572841
0,185747778650,285501235
0,185747821850,285438580
0,185748548092,285508757
0,185750842490,285820162
0,185753136888,286092641
0,185755431286,286331060
0,185757725684,286539677
0,185760020082,286722217
0,185762314480,286881939
0,185764608878,287021696
0,185766903276,287018984
0,185769197674,287141611
0,185771492072,287248909
0,185773786470,287342795
0,185776080868,287424945
0,185778375266,287496826
0,185780669664,287559722
0,185782964062,287489756
0,185785258460,287553536
0,185787552858,287609344
0,185789847256,287658176
0,185792141654,287700904
0,185794436052,287738291
0,185796730450,287771004
0,185799024848,287799628
0,185801319246,287824674
0,185803613644,287846589
0,185805908042,287740765
0,185808202440,287773169
0,185810496838,287801522
0,185812791236,287826331
0,185815085634,287848039
0,185817380032,287867034
0,185819674430,287883654
0,185821968828,287773197
0,186032405444,313801547
0,186032448644,310451353
0,186032491844,307519933
0,186032535044,304954941
0,186032578244,302710573
0,186032621444,300746751
0,186032664644,299028407
0,186032707844,297524856
0,186032751044,296084249
0,186032794244,294823717
0,186032837444,293720752
0,186032880644,292755658
0,186032923844,291911200
0,186032967044,291172300
0,186033010244,290650762
0,186033053444,290194416
0,186033096644,289795114
0,186033139844,289445724
0,186033183044,289140008
0,186033226244,288872507
0,186033269444,288638443
0,186033312644,288433637
0,186033355844,288254432
0,186033399044,288097628
0,186033442244,287960424
0,186033485444,287840371
0,186033528644,287735324
0,186033571844,287643408
0,186033615044,287562982
0,186033658244,287492609
0,186033701444,287431032
0,186033744644,287252153
0,186033787844,287095633
0,186033831044,286958678
0,186033874244,286838843
0,186033917444,286733987
0,186033960644,286642238
0,186034003844,286686958
0,186034047044,286726088
0,186034090244,286760327
0,186034133444,286790286
0,186034176644,286816500
0,186034219844,286839437
0,186034263044,286859507
0,186034306244,286877068
0,186034349444,286892434
0,186034392644,286905879
0,186034435844,286917644
0,186034479044,286927938
0,186034522244,286936945
0,186034565444,286944826
0,186036395685,287076722
0,186038690083,287192131
0,186040984481,287168114
0,186043278879,287272099
0,186045573277,287363086
0,186047867675,287317700
0,186050162073,287402987
0,186052456471,287477613
0,186054750869,287542911
0,186057045267,287600047
0,186059339665,287650041
0,186061634063,287693785
0,186063928461,287607061
0,186066222859,287656178
0,186068517257,287699155
0,186070811655,287736760
0,186073106053,287769665
0,186075400451,287798456
0,186077694849,287823649
0,186079989247,287720692
0,186082283645,287755605
0,186084578043,287786154
0,186086872441,287687884
0,186089166839,287726898
0,186091461237,287761035
0,186093755635,287790905
0,186096050033,287817041
0,186098344431,287839910
0,186100638829,287859921
0,186102933227,287752430
0,186105227625,287783376
0,186107522023,287810454
0,186109816421,287834147
0,186320253037,287854878
0,186320296237,287873018
0,186320339437,287888890
0,186320382637,287902778
0,186320425837,287914930
0,186320469037,287925563
0,186320512237,287934867
0,186320555437,287943008
0,186320598637,287950132
0,186320641837,287956365
0,186320685037,287961819
0,186320728237,287966591
0,186320771437,287970767
0,186320814637,287974421
0,186320857837,287852618
0,186320901037,287746040
0,186320944237,287652785
0,186320987437,287571186
0,186321030637,287624787
0,186321073837,287671688
0,186321117037,287712727
0,186321160237,287748636
0,186321203437,287780056
0,186321246637,287807549
0,186321289837,287831605
0,186321333037,287852654
0,186321376237,287871072
0,186321419437,287887188
0,186321462637,287901289
0,186321505837,287913627
0,186321549037,287924423
0,186321592237,287933870
0,186321635437,287942136
0,186321678637,287949369
0,186321721837,287955697
0,186321765037,287961234
0,186321808237,287966079
0,186321851437,287845319
0,186321894637,287739654
0,186321937837,287647197
0,186321981037,287566297
0,186322024237,287620509
0,186322067437,287667945
0,186322110637,287709451
0,186322153837,287745769
0,186322197037,287777547
0,186322240237,287805353
0,186322283437,287829683
0,186322326637,287850972
0,186322369837,287869600
0,186322413037,287885900
0,186324243278,287900162
0,186326537676,287912641
0,186328832074,287923560
0,186331126472,287933115
0,186333420870,287941475
0,186335715268,287948790
0,186338009666,287955191
0,186340304064,287960792
0,186342598462,287965693
0,186344892860,287844981
0,186347187258,287864358
0,186349481656,287881313
0,186351776054,287896148
0,186354070452,287909129
0,186356364850,287920487
0,186358659248,287930426
0,186360953646,287814122
0,186363248044,287837356
0,186365542442,287857686
0,186367836840,287875475
0,186370131238,287891040
0,186372425636,287904660
0,186374720034,287916577
0,186377014432,287927004
0,186379308830,287936128
0,186381603228,287944112
0,186383897626,287826098
0,186386192024,287847835
0,186388486422,287866855
0,186390780820,287883498
0,186393075218,287898060
0,186395369616,287910802
0,186397664014,287921951
0,186608100630,287931707
0,186608143830,287940243
0,186608187030,287947712
0,186608230230,287954248
0,186608273430,287959967
0,186608316630,287964971
0,186608359830,287969349
0,186608403030,287973180
0,186608446230,287976532
0,186608489430,287979465
0,186608532630,287982031
0,186608575830,287984277
0,186608619030,287986242
0,186608662230,287987961
0,186608705430,287989465
0,186608748630,287990781
0,186608791830,287991933
0,186608835030,287992941
0,186608878230,287993823
0,186608921430,287869595
0,186608964630,287760895
0,186609007830,287790783
0,186609051030,287816935
0,186609094230,287839818
0,186609137430,287859840
0,186609180630,287877360
0,186609223830,287892690
0,186609267030,287906103
0,186609310230,287917840
0,186609353430,287928110
0,186609396630,287937096
0,186609439830,287944959
0,186609483030,287951839
0,186609526230,287957859
0,186609569430,287963126
0,186609612630,287967735
0,186609655830,287971768
0,186609699030,287975297
0,186609742230,287978384
0,186609785430,287981086
0,186609828630,287983450
0,186609871830,287985518
0,186609915030,287862328
0,186609958230,287754537
0,186610001430,287785219
0,186610044630,287812066
0,186610087830,287835557
0,186610131030,287856112
0,186610174230,287874098
0,186610217430,287889835
0,186610260630,287903605
0,187015114364,275790654
0,187015157564,265191822
0,187015200764,255917844
0,187015243964,247678113
0,187015287164,240468348
0,187015330364,234159804
0,187015373564,228639828
0,187015663008,223809849
0,187017957406,219833617
0,187020251804,216479414
0,187022546202,213419487
0,187024840600,210742051
0,187027134998,208524294
0,187029429396,206583757
0,187031723794,204760787
0,187034018192,203290688
0,187036312590,202004352
0,187038606988,200753808
0,187040901386,199659582
0,187043195784,198827134
0,187045490182,197973742
0,187047784580,197227024
0,187050078978,196698646
0,187052373376,196236315
0,187054667774,195706775
0,187056962172,195243428
0,187059256570,194962999
0,187061550968,194592624
0,187063845366,194268546
0,187066139764,194109977
0,187068434162,193971229
0,187070728560,193724825
0,187073022958,193634221
0,187075317356,193554943
0,187077611754,193360575
0,187079906152,193190503
0,187082200550,193166690
0,187084494948,193020853
0,187086789346,192893246
0,187089083744,192906590
0,187091378142,192918266
0,187204302843,206678482
0,187204346043,204468671
0,187204389243,202535087
0,187204432443,200843201
0,187204475643,199362800
0,187204518843,198067450
0,187204562043,196934018
0,187204851487,195942265
0,187207145885,195449481
0,187209440283,195018295
0,187211734681,194516008
0,187214029079,194201507
0,187216323477,193926318
0,187218617875,193560528
0,187220912273,193240462
0,187223206671,193085404
0,187225501069,192824728
0,187227795467,192596637
0,187230089865,192522057
0,187232384263,192456799
0,187234678661,192274699
0,187236973059,192115361
0,187239267457,192100940
0,187241561855,191963322
0,187243856253,191842906
0,187246150651,191862542
0,187248445049,191879724
0,187250739447,191769758
0,187253033845,191798538
0,187255328243,191823720
0,187257622641,191720755
0,187259917039,191630660
0,187262211437,191676827
0,187264505835,191592223
0,187266800233,191518195
0,187269094631,191578420
0,187271389029,191631117
0,187273683427,191552227
0,187275977825,191483198
0,187278272223,191547798
0,187280566621,191479323
0,187394638521,205419407
0,187394681721,203491981
0,187394724921,201805483
0,187394768121,200329797
0,187394811321,199038572
0,187394854521,197908750
0,187394897721,196920156
0,187394940921,196055136
0,187396334364,195548244
0,187398628762,194979713
0,187400923160,194482248
0,187403217558,194171967
0,187405511956,193775471
0,187407806354,193428537
0,187410100752,193249969
0,187412395150,193093722
0,187414689548,192832006
0,187416983946,192603005
0,187419278344,192527629
0,187421572742,192336675
0,187423867140,192169590
0,187426161538,192148391
0,187428455936,192129842
0,187430750334,191988611
0,187433044732,191990034
0,187435339130,191991279
0,187437633528,191867369
0,187439927926,191758947
0,187442222324,191789078
0,187444516722,191690443
0,187446811120,191604137
0,187449105518,191653619
0,187451399916,191696916
0,187453694314,191609801
0,187455988712,191533575
0,187458283110,191591878
0,187460577508,191517893
0,187462871906,191453156
0,187465166304,191521511
0,187467460702,191581322
0,187469755100,191508656
0,187472049498,191570074
0,187586121398,191623814
0,187586164598,191670837
0,187586207798,191711982
0,187586250998,191747984
0,187586294198,191779486
0,187586337398,191807050
0,187586380598,191831168
0,187586423798,191852272
0,187587817241,191745738
0,187590111639,191777520
0,187592406037,191805330
0,187594700435,191704663
0,187596994833,191616580
0,187599289231,191664507
0,187601583629,191581443
0,187603878027,191508762
0,187606172425,191570166
0,187608466823,191623895
0,187610761221,191545908
0,187613055619,191602669
0,187615350017,191652335
0,187617644415,191570793
0,187619938813,191499443
0,187622233211,191562012
0,187624527609,191491760
0,187626822007,191430290
0,187629116405,191501503
0,187631410803,191563815
0,187633705201,191493338
0,187635999599,191431670
0,187638293997,191502711
0,187640588395,191439872
0,187642882793,191384888
0,187645177191,191461777
0,187647471589,191529054
0,187649765987,191462922
0,187652060385,191530056
0,187654354783,191588799
0,187656649181,191515199
0,187658943579,191450799
0,187661237977,191519449
0,187663532375,191454517
0,187778751474,191522702
0,187778794674,191582364
0,187778837874,191634568
0,187778881074,191680247
0,187778924274,191720216
0,187778967474,191755189
0,187779010674,191910790
0,187779053874,192046941
0,187779300118,192166073
0,187781594516,192395313
0,187783888914,192470898
0,187786183312,192662035
0,187788477710,192829280
0,187790772108,192975620
0,187793066506,193103667
0,187795360904,193215708
0,187797655302,193313744
0,187799949700,193274526
0,187802244098,193365210
0,187804538496,193444558
0,187806832894,193388988
0,187809127292,193465364
0,187811421690,193532193
0,187813716088,193590668
0,187816010486,193641834
0,187818304884,193686604
0,187820599282,193725778
0,187822893680,193635055
0,187825188078,193680673
0,187827482476,193720588
0,187829776874,193755514
0,187832071272,193786074
0,187834365670,193812814
0,187836660068,193836212
0,187838954466,193731685
0,187841248864,193765224
0,187843543262,193794571
0,187845837660,193695249
0,187848132058,193733342
0,187850426456,193766674
0,187852720854,193795839
0,187855015252,193821359
0,187970234351,207968689
0,187970277551,205972602
0,187970320751,204226026
0,187970363951,202697772
0,187970407151,201360550
0,187970450351,200190481
0,187970493551,199166670
0,187970536751,198145836
0,187970782995,197252606
0,187973077393,196846030
0,187975371791,196490276
0,187977666189,196178991
0,187979960587,195781617
0,187982254985,195558914
0,187984549383,195364049
0,187986843781,195068542
0,187989138179,194934974
0,187991432577,194818102
0,187993726975,194715839
0,187996021373,194626359
0,187998315771,194548064
0,188000610169,194479556
0,188002904567,194294611
0,188005198965,194257784
0,188007493363,194225561
0,188009787761,194072365
0,188012082159,194063319
0,188014376557,194055404
0,188016670955,194048478
0,188018965353,193917418
0,188021259751,193927740
0,188023554149,193936772
0,188025848547,193819675
0,188028142945,193842215
0,188030437343,193861938
0,188032731741,193879195
0,188035026139,193894295
0,188037320537,193907508
0,188039614935,193919069
0,188041909333,193804185
0,188044203731,193828661
0,188046498129,193850078
0,188162864427,207993818
0,188162907627,205994590
0,188162950827,204245266
0,188162994027,202714607
0,188163037227,201500281
0,188163080427,200437745
0,188163123627,199508026
0,188163166827,198694522
0,188163210027,197982706
0,188164560270,197484867
0,188166854668,196924258
0,188169149066,196558725
0,188171443464,196238884
0,188173737862,195959023
0,188176032260,195714145
0,188178326658,195499876
0,188180621056,195312391
0,188182915454,195023342
0,188185209852,194895424
0,188187504250,194783496
0,188189798648,194560559
0,188192093046,194490489
0,188194387444,194429177
0,188196681842,194375529
0,188198976240,194203587
0,188201270638,194178138
0,188203565036,194155870
0,188205859434,194011386
0,188208153832,194009962
0,188210448230,194008716
0,188212742628,194007626
0,188215037026,194006672
0,188217331424,194005838
0,188219625822,194005108
0,188221920220,193879469
0,188224214618,193894535
0,188226509016,193907718
0,188228803414,193794253
0,188231097812,193819971
0,188233392210,193842474
0,188235686608,193862164
0,188237981006,193754393
0,188240275404,193785093
0,188356641702,193811956
0,188356684902,193835461
0,188356728102,193856028
0,188356771302,193874024
0,188356814502,193764771
0,188356857702,193669174
0,188356900902,193585527
0,188356944102,193512336
0,188356987302,193448294
0,188358337545,193517257
0,188360631943,193577599
0,188362926341,193505399
0,188365220739,193567224
0,188367515137,193621321
0,188369809535,193543655
0,188372103933,193600698
0,188374398331,193650610
0,188376692729,193694283
0,188378987127,193607497
0,188381281525,193656559
0,188383575923,193699489
0,188385870321,193612052
0,188388164719,193660545
0,188390459117,193702976
0,188392753515,193740104
0,188395047913,193772591
0,188397342311,193801017
0,188399636709,193825889
0,188401931107,193722652
0,188404225505,193757320
0,188406519903,193787655
0,188408814301,193689198
0,188411108699,193728048
0,188413403097,193762042
0,188415697495,193791786
0,188417991893,193692812
0,188420286291,193731210
0,188422580689,193764808
0,188424875087,193669207
0,188427169485,193710556
0,188429463883,193746736
0,188431758281,193778394
0,188434052679,193806094
0,188551566176,193955332
0,188551609376,194085915
0,188551652576,194200175
0,188551695776,194300153
0,188551738976,194387633
0,188551782176,194464178
0,188551825376,194531155
0,188551868576,194589760
0,188551911776,194641040
0,188552114820,194560910
0,188554409218,194490796
0,188556703616,194429446
0,188558998014,194250765
0,188561292412,194219419
0,188563586810,194441991
0,188565881208,194636742
0,188568175606,194807149
0,188570470004,194956255
0,188572764402,195086723
0,188575058800,195325882
0,188577353198,195410146
0,188579647596,195483877
0,188581941994,195548392
0,188584236392,195604843
0,188586530790,195654237
0,188588825188,195697457
0,188591119586,195735274
0,188593413984,195768364
0,188595708382,195797318
0,188598002780,195947653
0,188600297178,195954196
0,188602591576,195959921
0,188604885974,195964930
0,188607180372,195969313
0,188609474770,195973148
0,188611769168,195976504
0,188614063566,196104441
0,188616357964,196091385
0,188618652362,196079961
0,188620946760,196069965
0,188623241158,196061219
0,188625535556,196053566
0,188627829954,196046870
0,188745343451,210416011
0,188745386651,208364009
0,188745429851,206568507
0,188745473051,204997443
0,188745516251,203622762
0,188745559451,202419916
0,188745602651,201367426
0,188745645851,200446497
0,188745689051,199640684
0,188745892095,198935598
0,188748186493,198568648
0,188750480891,198247567
0,188752775289,197966621
0,188755069687,197845793
0,188757364085,197615068
0,188759658483,197413184
0,188761952881,197236536
0,188764247279,197081969
0,188766541677,196946722
0,188768836075,196828381
0,188771130473,196724833
0,188773424871,196634228
0,188775719269,196554949
0,188778013667,196610580
0,188780308065,196534257
0,188782602463,196467474
0,188784896861,196409039
0,188787191259,196357909
0,188789485657,196313170
0,188791780055,196274023
0,188794074453,196239770
0,188796368851,196209798
0,188798663249,196183573
0,188800957647,196160626
0,188803252045,196140547
0,188805546443,196122978
0,188807840841,196107605
0,188810135239,196094154
0,188812429637,196082384
0,188814724035,196072086
0,188817018433,196188075
0,188819312831,196164565
0,188821607229,196143994
0,188940267925,210750994
0,188940311125,208782119
0,188940354325,207059354
0,188940397525,205551934
0,188940440725,204232942
0,188940483925,203078824
0,188940527125,202068971
0,188940570325,201185349
0,188940613525,200412180
0,188940656725,199735657
0,188941963768,199268699
0,188944258166,198860111
0,188946552564,198502597
0,188948846962,198189772
0,188951141360,197916050
0,188953435758,197676543
0,188955730156,197466975
0,188958024554,197408603
0,188960318952,197232527
0,188962613350,197078461
0,188964907748,196943653
0,188967202146,196825696
0,188969496544,196722484
0,188971790942,196632173
0,188974085340,196553151
0,188976379738,196484007
0,188978674136,196423506
0,188980968534,196370567
0,188983262932,196324246
0,188985557330,196283715
0,188987851728,196248250
0,188990146126,196217218
0,188992440524,196190065
0,188994734922,196166306
0,188997029320,196270517
0,188999323718,196236702
0,189001618116,196207114
0,189003912514,196181224
0,189006206912,196158571
0,189008501310,196138749
0,189010795708,196121405
0,189013090106,196106229
0,189015384504,196092950
0,189017678902,196081331
0,189136339598,196071164
0,189136382798,196062268
0,189136425998,196054484
0,189136469198,196047673
0,189136512398,196041713
0,189136555598,196036498
0,189136598798,196031935
0,189136641998,196027943
0,189136685198,196024450
0,189136728398,196021393
0,189138035441,196143718
0,189140329839,196125753
0,189142624237,196110033
0,189144918635,196096278
0,189147213033,196084243
0,189149507431,196073712
0,189151801829,196064498
0,189154096227,196056435
0,189156390625,196049380
0,189158685023,196043207
0,189160979421,196037806
0,189163273819,196033080
0,189165568217,196028945
0,189167862615,196025326
0,189170157013,196022160
0,189172451411,196019390
0,189174745809,196016966
0,189177040207,196139845
0,189179334605,196122364
0,189181629003,196107068
0,189183923401,196093684
0,189186217799,196081973
0,189188512197,196071726
0,189190806595,196062760
0,189193100993,196054915
0,189195395391,196048050
0,189197689789,196042043
0,189199984187,196036787
0,189202278585,196032188
0,189204572983,196028164
0,189206867381,196024643
0,189209161779,196021562
0,189211456177,196018866
0,189213750575,196016507
0,189333558470,196139443
0,189333601670,196247012
0,189333644870,196341135
0,189333688070,196423493
0,189333731270,196495556
0,189333774470,196558611
0,189333817670,196613784
0,189333860870,196662061
0,189333904070,196704303
0,189333947270,196741265
0,189334107114,196648606
0,189336401512,196567530
0,189338695910,196496588
0,189340990308,196434514
0,189343284706,196380199
0,189345579104,196332674
0,189347873502,196291089
0,189350167900,196254702
0,189352462298,196222864
0,189354756696,196195006
0,189357051094,196295630
0,189359345492,196258676
0,189361639890,196226341
0,189363934288,196198048
0,189366228686,196173292
0,189368523084,196401630
0,189370817482,196601426
0,189373111880,196901247
0,189375406278,197038591
0,189377700676,197158767
0,189379995074,197263921
0,189382289472,197480930
0,189384583870,197545813
0,189386878268,197602586
0,189389172666,197777262
0,189391467064,197805104
0,189393761462,197829466
0,189396055860,197975782
0,189398350258,198103809
0,189400644656,198090832
0,189402939054,198079478
0,189405233452,198194543
0,189407527850,198170225
0,189409822248,198148946
0,189529630143,212880327
0,189529673343,210770286
0,189529716543,208924000
0,189529759743,207308500
0,189529802943,205894937
0,189529846143,204658069
0,189529889343,203575810
0,189529932543,202628833
0,189529975743,201800228
0,189530018943,201200199
0,189530178787,200675174
0,189532473185,200340777
0,189534767583,200048179
0,189537061981,199917156
0,189539356379,199802511
0,189541650777,199577197
0,189543945175,199380047
0,189546239573,199332541
0,189548533971,199165973
0,189550828369,199020226
0,189553122767,199017697
0,189555417165,198890484
0,189557711563,198779173
0,189560005961,198806776
0,189562300359,198830929
0,189564594757,198727062
0,189566889155,198636179
0,189569183553,198681656
0,189571477951,198596449
0,189573772349,198521892
0,189576066747,198581655
0,189578361145,198633948
0,189580655543,198554704
0,189582949941,198485366
0,189585244339,198549695
0,189587538737,198480983
0,189589833135,198420860
0,189592127533,198493252
0,189594421931,198431595
0,189596716329,198377645
0,189599010727,198455439
0,189601305125,198523509
0,189603599523,198458070
0,189605893921,198400811
0,189726849015,213225709
0,189726892215,211197495
0,189726935415,209422808
0,189726978615,207869957
0,189727021815,206636212
0,189727065015,205556685
0,189727108215,204612099
0,189727151415,203785586
0,189727194615,203062387
0,189727237815,202429588
0,189727281015,201750889
0,189728544858,201282027
0,189730839256,200871773
0,189733133654,200637801
0,189735428052,200308075
0,189737722450,200019565
0,189740016848,199892119
0,189742311246,199780604
0,189744605644,199558028
0,189746900042,199363274
0,189749194440,199317864
0,189751488838,199153131
0,189753783236,199008989
0,189756077634,199007865
0,189758372032,198881881
0,189760666430,198771645
0,189762960828,198675189
0,189765255226,198715790
0,189767549624,198626316
0,189769844022,198548026
0,189772138420,198604522
0,189774432818,198528956
0,189776727216,198462836
0,189779021614,198529981
0,189781316012,198588733
0,189783610410,198515141
0,189785904808,198450748
0,189788199206,198519404
0,189790493604,198454478
0,189792788002,198397668
0,189795082400,198472959
0,189797376798,198413839
0,189799671196,198362109
0,189801965594,198316845
0,189804259992,198402239
0,189925215086,198476959
0,189925258286,198542339
0,189925301486,198599546
0,189925344686,198649602
0,189925387886,198568401
0,189925431086,198497350
0,189925474286,198435181
0,189925517486,198380783
0,189925560686,198333185
0,189925603886,198291536
0,189925647086,198255094
0,189926910929,198223207
0,189929205327,198320306
0,189931499725,198280267
0,189933794123,198245233
0,189936088521,198339578
0,189938382919,198297130
0,189940677317,198259988
0,189942971715,198227489
0,189945266113,198324052
0,189947560511,198283545
0,189949854909,198248101
0,189952149307,198342088
0,189954443705,198299327
0,189956738103,198261911
0,189959032501,198354172
0,189961326899,198434900
0,189963621297,198380537
0,189965915695,198332969
0,189968210093,198416347
0,189970504491,198364303
0,189972798889,198318765
0,189975093287,198403919
0,189977387685,198353429
0,189979682083,198309250
0,189981976481,198270593
0,189984270879,198361768
0,189986565277,198316547
0,189988859675,198276978
0,189991154073,198367355
0,189993448471,198321435
0,189995742869,198281255
0,189998037267,198371098
0,190000331665,198449710
0,190002626063,198393496
0,190124728356,198469309
0,190124771556,198535645
0,190124814756,198593689
0,190124857956,198644477
0,190124901156,198688917
0,190124944356,198727802
0,190124987556,198761826
0,190125030756,198916597
0,190125073956,199052022
0,190125117156,199170519
0,190125160356,199274204
0,190125277000,199239928
0,190127571398,199084937
0,190129865796,198949319
0,190132160194,198955654
0,190134454592,198836197
0,190136748990,198731672
0,190139043388,198765213
0,190141337786,198794561
0,190143632184,198695240
0,190145926582,198608335
0,190148220980,198657293
0,190150515378,198575131
0,190152809776,198503239
0,190155104174,198565334
0,190157398572,198494667
0,190159692970,198432833
0,190161987368,198378728
0,190164281766,198456387
0,190166576164,198399338
0,190168870562,198349420
0,190171164960,198430742
0,190173459358,198751899
0,190175753756,198907911
0,190178048154,199169422
0,190180342552,199398244
0,190182636950,199598463
0,190184931348,199648655
0,190187225746,199817573
0,190189520144,199965376
0,190191814542,199969704
0,190194108940,200098491
0,190196403338,200211179
0,190198697736,200184781
0,190200992134,200161683
0,190323094427,215266472
0,190323137627,213233163
0,190323180827,211454017
0,190323224027,209897264
0,190323267227,208535106
0,190323310427,207343217
0,190323353627,206300314
0,190323396827,205387774
0,190323440027,204464302
0,190323483227,203656264
0,190323526427,202949231
0,190323643071,202330577
0,190325937469,202039254
0,190328231867,201909347
0,190330526265,201795678
0,190332820663,201571218
0,190335115061,201499815
0,190337409459,201437338
0,190339703857,201257670
0,190341998255,201100461
0,190344292653,201087903
0,190346587051,201076915
0,190348881449,200942300
0,190351175847,200949512
0,190353470245,200955823
0,190355764643,200836345
0,190358059041,200856801
0,190360353439,200874700
0,190362647837,200890362
0,190364942235,200779066
0,190367236633,200806682
0,190369531031,200830846
0,190371825429,200726990
0,190374119827,200761116
0,190376414225,200790976
0,190378708623,200692104
0,190381003021,200730591
0,190383297419,200764267
0,190385591817,200793733
0,190387886215,200694516
0,190390180613,200732701
0,190392475011,200766113
0,190394769409,200670348
0,190397063807,200711554
0,190399358205,200747609
0,190522607697,215904157
0,190522650897,213791137
0,190522694097,211942244
0,190522737297,210324463
0,190522780497,208908905
0,190522823697,207670291
0,190522866897,206586504
0,190522910097,205638191
0,190522953297,204808417
0,190522996497,204082364
0,190523039697,203572068
0,190523082897,203125559
0,190524303540,202859864
0,190526597938,202627381
0,190528892336,202298958
0,190531186734,202136588
0,190533481132,201994514
0,190535775530,201745199
0,190538069928,201652049
0,190540364326,201570542
0,190542658724,201499224
0,190544953122,201311821
0,190547247520,201272843
0,190549541918,201238737
0,190551836316,201083894
0,190554130714,201073407
0,190556425112,201064231
0,190558719510,200931202
0,190561013908,200939801
0,190563308306,200947325
0,190565602704,200953909
0,190567897102,200834670
0,190570191500,200855336
0,190572485898,200873419
0,190574780296,200764241
0,190577074694,200793710
0,190579369092,200819496
0,190581663490,200717059
0,190583957888,200627426
0,190586252286,200673997
0,190588546684,200714747
0,190590841082,200625403
0,190593135480,200672227
0,190595429878,200713198
0,190597724276,200624048
0,190600018674,200671042
0,190723268166,200712161
0,190723311366,200748140
0,190723354566,200779622
0,190723397766,200807169
0,190723440966,200831272
0,190723484166,200852363
0,190723527366,200870817
0,190723570566,200886964
0,190723613766,200901093
0,190723656966,200913456
0,190723700166,200799274
0,190723743366,200699364
0,190724964009,200611943
0,190727258407,200660450
0,190729552805,200702893
0,190731847203,200615031
0,190734141601,200663152
0,190736435999,200705258
0,190738730397,200617100
0,190741024795,200664962
0,190743319193,200706841
0,190745613591,200743485
0,190747907989,200650549
0,190750202387,200694230
0,190752496785,200732451
0,190754791183,200640894
0,190757085581,200685782
0,190759379979,200725059
0,190761674377,200634426
0,190763968775,200555122
0,190766263173,200610731
0,190768557571,200659389
0,190770851969,200576965
0,190773146367,200629844
0,190775440765,200676113
0,190777735163,200591598
0,190780029561,200642648
0,190782323959,200687317
0,190784618357,200726402
0,190786912755,200635601
0,190789207153,200681150
0,190791501551,200721006
0,190793795949,200630880
0,190796090347,200677020
0,190798384745,200717392
0,190800679143,200627718
0,190925075834,200799253
0,190925119034,200949346
0,190925162234,201080677
0,190925205434,201195592
0,190925248634,201296143
0,190925291834,201384125
0,190925335034,201461109
0,190925378234,201528470
0,190925421434,201587411
0,190925464634,201638984
0,190925507834,201684111
0,190925551034,201723597
0,190925624478,201633147
0,190927918876,201429003
0,190930213274,201375377
0,190932507672,201328454
0,190934802070,201162397
0,190937096468,201142097
0,190939390866,201124334
0,190941685264,200983792
0,190943979662,200860818
0,190946274060,200878215
0,190948568458,200893438
0,190950862856,200781758
0,190953157254,200809038
0,190955451652,200832908
0,190957746050,200728794
0,190960040448,200762694
0,190962334846,200792357
0,190964629244,200818312
0,190966923642,200716023
0,190969218040,200751520
0,190971512438,200782580
0,190973806836,200684757
0,190976101234,200724162
0,190978395632,200758641
0,190980690030,200663810
0,190982984428,200580833
0,190985278826,200633228
0,190987573224,200679074
0,190989867622,200594189
0,190992162020,200894915
0,190994456418,201158050
0,190996750816,201388293
0,190999045214,201589756
0,191001339612,201766036
0,191125736303,217170281
0,191125779503,215023995
0,191125822703,213145995
0,191125865903,211502745
0,191125909103,210064901
0,191125952303,208806788
0,191125995503,207705939
0,191126038703,206867696
0,191126081903,206134234
0,191126125103,205492454
0,191126168303,204930897
0,191126211503,204439534
0,191126284947,204009592
0,191128579345,203883393
0,191130873743,203772968
0,191133168141,203676347
0,191135462539,203591803
0,191137756937,203517827
0,191140051335,203453098
0,191142345733,203396460
0,191144640131,203346902
0,191146934529,203303539
0,191149228927,203265596
0,191151523325,203232396
0,191153817723,203203346
0,191156112121,203177927
0,191158406519,203155686
0,191160700917,203136225
0,191162995315,202994196
0,191165289713,202994921
0,191167584111,202995555
0,191169878509,202996110
0,191172172907,202996596
0,191174467305,202997021
0,191176761703,202997393
0,191179056101,202997718
0,191181350499,202998003
0,191183644897,202998252
0,191185939295,202998470
0,191188233693,202998661
0,191190528091,202998828
0,191192822489,202998974
0,191195116887,202999102
0,191197411285,202999214
0,191199705683,202999312
0,191202000081,202999398
0,191326396772,218249473
0,191326439972,216093288
0,191326483172,214206627
0,191326526372,212555798
0,191326569572,211111323
0,191326612772,209847407
0,191326655972,208741481
0,191326699172,207773795
0,191326742372,206802070
0,191326785572,205951811
0,191326828772,205207834
0,191326871972,204556854
0,191326945416,203987247
0,191329239814,203863841
0,191331534212,203755860
0,191333828610,203661377
0,191336123008,203578704
0,191338417406,203506366
0,191340711804,203443070
0,191343006202,203387686
0,191345300600,203339225
0,191347594998,203296821
0,191349889396,203259718
0,191352183794,203227253
0,191354478192,203198846
0,191356772590,203173990
0,191359066988,203152241
0,191361361386,203133210
0,191363655784,203116558
0,191365950182,203101988
0,191368244580,203089239
0,191370538978,203078084
0,191372833376,203068323
0,191375127774,203059782
0,191377422172,203052309
0,191379716570,203045770
0,191382010968,203040048
0,191384305366,203035042
0,191386599764,203030661
0,191388894162,203026828
0,191391188560,203023474
0,191393482958,203020539
0,191395777356,203017971
0,191398071754,203015724
0,191400366152,203013758
0,191402660550,203012038
0,191528204440,218385533
0,191528247640,216337341
0,191528290840,214545173
0,191528334040,212977026
0,191528377240,211604897
0,191528420440,210404284
0,191528463640,209353748
0,191528506840,208434529
0,191528550040,207630212
0,191528593240,206926435
0,191528636440,206310630
0,191528679640,205771801
0,191528722840,205300325
0,191529900283,205012784
0,191532194681,204761186
0,191534489079,204541037
0,191536783477,204348407
0,191539077875,204179856
0,191541372273,204032374
0,191543666671,203903327
0,191545961069,203665411
0,191548255467,203582234
0,191550549865,203509454
0,191552844263,203445772
0,191555138661,203390050
0,191557433059,203341293
0,191559727457,203298631
0,191562021855,203261302
0,191564316253,203228639
0,191566610651,203200059
0,191568905049,203175051
0,191571199447,203153169
0,191573493845,203134022
0,191575788243,203117269
0,191578082641,203102610
0,191580377039,203089783
0,191582671437,203078560
0,191584965835,202943740
0,191587260233,202950772
0,191589554631,202956925
0,191591849029,202962309
0,191594143427,202967020
0,191596437825,202971142
0,191598732223,202974749
0,191601026621,202977905
0,191603321019,202980666
0,191605615417,202983082
0,191731159307,202985196
0,191731202507,202987046
0,191731245707,202988665
0,191731288907,202990081
0,191731332107,202991320
0,191731375307,202992405
0,191731418507,202993354
0,191731461707,202994184
0,191731504907,202994911
0,191731548107,202995547
0,191731591307,202996103
0,191731634507,202996590
0,191731677707,202997016
0,191732855150,202997389
0,191735149548,202997715
0,191737443946,202998000
0,191739738344,202998250
0,191742032742,202998468
0,191744327140,202998659
0,191746621538,202998826
0,191748915936,202998972
0,191751210334,202999100
0,191753504732,202999212
0,191755799130,202999310
0,191758093528,202999396
0,191760387926,202999471
0,191762682324,202999537
0,191764976722,202874594
0,191767271120,202890269
0,191769565518,202903985
0,191771859916,202915986
0,191774154314,202926487
0,191776448712,202935676
0,191778743110,202943716
0,191781037508,202950751
0,191783331906,202956907
0,191785626304,202962293
0,191787920702,202967006
0,191790215100,202971130
0,191792509498,202974738
0,191794803896,202977895
0,191797098294,202980658
0,191799392692,202983075
0,191801687090,202985190
0,191803981488,202862041
0,191806275886,202879285
0,191808570284,202894374
0,191935261373,203032577
0,191935304573,203153504
0,191935347773,203259316
0,191935390973,203351901
0,191935434173,203432913
0,191935477373,203503798
0,191935520573,203565823
0,191935563773,203620095
0,191935606973,203667583
0,191935650173,203709135
0,191935693373,203745493
0,191935736573,203777306
0,191935779773,203805142
0,191935822973,203829499
0,191938104415,204100811
0,191940398813,204213209
0,191942693211,204311557
0,191944987609,204397612
0,191947282007,204472910
0,191949576405,204538796
0,191951870803,204596446
0,191954165201,204771890
0,191956459599,204800403
0,191958753997,204825352
0,191961048395,204972183
0,191963342793,204975660
0,191965637191,204978702
0,191967931589,204981364
0,191970225987,205108693
0,191972520385,205095106
0,191974814783,205083217
0,191977109181,205197814
0,191979403579,205173087
0,191981697977,205151451
0,191983992375,205132519
0,191986286773,205115954
0,191988581171,205101459
0,191990875569,205088776
0,191993169967,205202679
0,191995464365,205177344
0,191997758763,205155176
0,192000053161,205260779
0,192002347559,205228181
0,192004641957,205199658
0,192006936355,205174700
0,192009230753,205277862
0,192011525151,205243129
0,192138216240,220837737
0,192138259440,218608019
0,192138302640,216657016
0,192138345840,214949889
0,192138389040,213456152
0,192138432240,212149133
0,192138475440,211005491
0,192138518640,210004804
0,192138561840,209129203
0,192138605040,208363052
0,192138648240,207692670
0,192138691440,207106086
0,192138734640,206592825
0,192138777840,206143721
0,192141059282,206125755
0,192143353680,205985035
0,192145648078,205861905
0,192147942476,205754166
0,192150236874,205784895
0,192152531272,205686783
0,192154825670,205600935
0,192157120068,205650818
0,192159414466,205569465
0,192161708864,205498281
0,192164003262,205560995
0,192166297660,205490870
0,192168592058,205429511
0,192170886456,205375822
0,192173180854,205453844
0,192175475252,205397113
0,192177769650,205347473
0,192180064048,205429038
0,192182358446,205375408
0,192184652844,205328482
0,192186947242,205287421
0,192189241640,205376493
0,192191536038,205329431
0,192193830436,205288252
0,192196124834,205377220
0,192198419232,205330067
0,192200713630,205288808
0,192203008028,205377707
0,192205302426,205330493
0,192207596824,205289181
0,192209891222,205253033
0,192212185620,205346403
0,192214480018,205303102
0,192342318306,221015214
0,192342361506,218888312
0,192342404706,217027273
0,192342447906,215398863
0,192342491106,213974005
0,192342534306,212727254
0,192342577506,211636347
0,192342620706,210681803
0,192342663906,209846577
0,192342707106,209115754
0,192342750306,208476284
0,192342793506,207916748
0,192342836706,207427154
0,192342879906,206998759
0,192344014149,206873914
0,192346308547,206639674
0,192348602945,206434714
0,192350897343,206255374
0,192353191741,206223452
0,192355486139,206070520
0,192357780537,205936705
0,192360074935,205944616
0,192362369333,205826539
0,192364663731,205723221
0,192366958129,205632818
0,192369252527,205553715
0,192371546925,205484500
0,192373841323,205423937
0,192376135721,205495944
0,192378430119,205433951
0,192380724517,205379707
0,192383018915,205457243
0,192385313313,205400087
0,192387607711,205350076
0,192389902109,205306316
0,192392196507,205393026
0,192394490905,205343897
0,192396785303,205300909
0,192399079701,205388295
0,192401374099,205339758
0,192403668497,205297288
0,192405962895,205260127
0,192408257293,205227611
0,192410551691,205199159
0,192412846089,205174264
0,192415140487,205277481
0,192417434885,205242795
0,192419729283,205212445
0,192547567571,205185889
0,192547610771,205162652
0,192547653971,205142320
0,192547697171,205124530
0,192547740371,205108963
0,192547783571,205095342
0,192547826771,205083424
0,192547869971,205072996
0,192547913171,205063871
0,192547956371,205055887
0,192547999571,205048901
0,192548042771,205167788
0,192548085971,205271814
0,192548129171,205362837
0,192549263414,205317482
0,192551557812,205277796
0,192553852210,205243071
0,192556146608,205337687
0,192558441006,205295476
0,192560735404,205258541
0,192563029802,205351223
0,192565324200,205307320
0,192567618598,205268905
0,192569912996,205235291
0,192572207394,205330879
0,192574501792,205289519
0,192576796190,205253329
0,192579090588,205346662
0,192581384986,205303329
0,192583679384,205265412
0,192585973782,205232235
0,192588268180,205203205
0,192590562578,205177804
0,192592856976,205155578
0,192595151374,205261130
0,192597445772,205228488
0,192599740170,205199927
0,192602034568,205299936
0,192604328966,205262444
0,192606623364,205229638
0,192608917762,205200933
0,192611212160,205300816
0,192613506558,205263214
0,192615800956,205230312
0,192618095354,205326523
0,192620389752,205285707
0,192622684150,205249993
0,192624978548,205218743
0,192753964035,205316400
0,192754007235,205526850
0,192754050435,205710993
0,192754093635,205872118
0,192754136835,206013103
0,192754180035,206136465
0,192754223235,206244406
0,192754266435,206338855
0,192754309635,206421498
0,192754352835,206493810
0,192754396035,206557083
0,192754439235,206487447
0,192754482435,206426516
0,192754525635,206373201
0,192754568835,206201550
0,192756807077,206301356
0,192759101475,206513686
0,192761395873,206699475
0,192763690271,206737040
0,192765984669,206769910
0,192768279067,206923671
0,192770573465,206933212
0,192772867863,206941560
0,192775162261,207073865
0,192777456659,207189631
0,192779751057,207165927
0,192782045455,207270186
0,192784339853,207361412
0,192786634251,207316235
0,192788928649,207276705
0,192791223047,207367116
0,192793517445,207446226
0,192795811843,207390447
0,192798106241,207466641
0,192800400639,207533310
0,192802695037,207466646
0,192804989435,207408315
0,192807283833,207482275
0,192809578231,207421990
0,192811872629,207369241
0,192814167027,207448085
0,192816461425,207517074
0,192818755823,207452439
0,192821050221,207520884
0,192823344619,207580773
0,192825639017,207508176
0,192827933415,207444654
0,192830227813,207514072
0,192959213300,223449813
0,192959256500,221268586
0,192959299700,219235012
0,192959342900,217455635
0,192959386100,215898680
0,192959429300,214536345
0,192959472500,213344301
0,192959515700,212301263
0,192959558900,211388605
0,192959602100,210590029
0,192959645300,209891275
0,192959688500,209279865
0,192959731700,208744881
0,192959774900,208276770
0,192959818100,207867173
0,192962056342,207883776
0,192964350740,207898304
0,192966645138,207786016
0,192968939536,207687764
0,192971233934,207726793
0,192973528332,207760943
0,192975822730,207665825
0,192978117128,207707596
0,192980411526,207744146
0,192982705924,207651127
0,192985000322,207694736
0,192987294720,207732894
0,192989589118,207641282
0,192991883516,207561121
0,192994177914,207615980
0,192996472312,207663982
0,192998766710,207580984
0,193001061108,207633361
0,193003355506,207679190
0,193005649904,207594291
0,193007944302,207520004
0,193010238700,207580003
0,193012533098,207632502
0,193014827496,207553439
0,193017121894,207609259
0,193019416292,207658101
0,193021710690,207575838
0,193024005088,207628858
0,193026299486,207675250
0,193028593884,207590843
0,193030888282,207516987
0,193033182680,207577363
0,193035477078,207630192
0,193165609764,223551418
0,193165652964,221357490
0,193165696164,219437803
0,193165739364,217758077
0,193165782564,216288317
0,193165825764,215002277
0,193165868964,213876992
0,193165912164,212892368
0,193165955364,212030822
0,193165998564,211276969
0,193166041764,210742347
0,193166084964,210274553
0,193166128164,209865233
0,193166171364,209507078
0,193166214564,209193693
0,193167305607,209044481
0,193169600005,208788920
0,193171894403,208565305
0,193174188801,208494641
0,193176483199,208432810
0,193178777597,208253708
0,193181071995,208221994
0,193183366393,208194244
0,193185660791,208044963
0,193187955189,207914342
0,193190249587,207925049
0,193192543985,207809417
0,193194838383,207708239
0,193197132781,207744709
0,193199427179,207776620
0,193201721577,207679542
0,193204015975,207719599
0,193206310373,207754649
0,193208604771,207660317
0,193210899169,207577777
0,193213193567,207630554
0,193215487965,207676734
0,193217782363,207592142
0,193220076761,207643124
0,193222371159,207687733
0,193224665557,207601766
0,193226959955,207526545
0,193229254353,207585726
0,193231548751,207512510
0,193233843149,207448446
0,193236137547,207517390
0,193238431945,207577716
0,193240726343,207505501
0,193243020741,207567313
0,193373153427,207621398
0,193373196627,207668723
0,193373239827,207710132
0,193373283027,207746365
0,193373326227,207778069
0,193373369427,207805810
0,193373412627,207830083
0,193373455827,207851322
0,193373499027,207869906
0,193373542227,207886167
0,193373585427,207775396
0,193373628627,207678471
0,193373671827,207593662
0,193373715027,207519454
0,193373758227,207454522
0,193374849270,207397706
0,193377143668,207472992
0,193379438066,207538868
0,193381732464,207471509
0,193384026862,207537570
0,193386321260,207595373
0,193388615658,207520951
0,193390910056,207455832
0,193393204454,207523853
0,193395498852,207583371
0,193397793250,207510449
0,193400087648,207571642
0,193402382046,207625186
0,193404676444,207547037
0,193406970842,207478657
0,193409265240,207543824
0,193411559638,207475846
0,193413854036,207416365
0,193416148434,207489319
0,193418442832,207553154
0,193420737230,207484009
0,193423031628,207548507
0,193425326026,207604943
0,193427620424,207529325
0,193429914822,207463159
0,193432209220,207530264
0,193434503618,207588981
0,193436798016,207515358
0,193439092414,207575938
0,193441386812,207628945
0,193443681210,207550326
0,193445975608,207481535
0,193448270006,207546343
0,193450564404,207478050
0,193581844289,207543293
0,193581887489,207600381
0,193581930689,207650333
0,193581973889,207694041
0,193582017089,207857285
0,193582060289,208000124
0,193582103489,208125108
0,193582146689,208234469
0,193582189889,208330160
0,193582233089,208413890
0,193582276289,208487153
0,193582319489,208551258
0,193582362689,208607350
0,193582405889,208656431
0,193582449089,208699377
0,193582492289,208611954
0,193584687331,208410459
0,193586981729,208234151
0,193589276127,208204882
0,193591570525,208054271
0,193593864923,207922487
0,193596159321,207932176
0,193598453719,207940654
0,193600748117,208198072
0,193603042515,208423313
0,193605336913,208620398
0,193607631311,208792848
0,193609925709,208818742
0,193612220107,208966399
0,193614514505,209095599
0,193616808903,209208649
0,193619103301,209307567
0,193621397699,209394121
0,193623692097,209469855
0,193625986495,209411123
0,193628280893,209484732
0,193630575291,209549140
0,193632869689,209480497
0,193635164087,209545434
0,193637458485,209602254
0,193639752883,209651972
0,193642047281,209695475
0,193644341679,209733540
0,193646636077,209766847
0,193648930475,209670991
0,193651224873,209712117
0,193653519271,209748102
0,193655813669,209779589
0,193658108067,209807140
0,193789387952,225956247
0,193789431152,223711716
0,193789474352,221747751
0,193789517552,220029282
0,193789560752,218525621
0,193789603952,217084918
0,193789647152,215824303
0,193789690352,214721265
0,193789733552,213756106
0,193789776752,212911592
0,193789819952,212172643
0,193789863152,211526062
0,193789906352,210960304
0,193789949552,210465266
0,193789992752,210032107
0,193790035952,209778093
0,193792230994,209805831
0,193794525392,209830102
0,193796819790,209851339
0,193799114188,209869921
0,193801408586,209886180
0,193803702984,209900407
0,193805997382,209787856
0,193808291780,209814374
0,193810586178,209837577
0,193812880576,209732879
0,193815174974,209766269
0,193817469372,209795485
0,193819763770,209821049
0,193822058168,209843417
0,193824352566,209862989
0,193826646964,209880115
0,193828941362,209770100
0,193831235760,209798837
0,193833530158,209823982
0,193835824556,209845984
0,193838118954,209865236
0,193840413352,209882081
0,193842707750,209896820
0,193845002148,209909717
0,193847296546,209921002
0,193849590944,209930876
0,193851885342,209814516
0,193854179740,209837701
0,193856474138,209857988
0,193858768536,209875739
0,193861062934,209891271
0,193863357332,209904862
0,193865651730,209916754
0,193998078814,226177159
0,193998122014,224030014
0,193998165214,222151262
0,193998208414,220507354
0,193998251614,219068934
0,193998294814,217810317
0,193998338014,216709027
0,193998381214,215745398
0,193998424414,214902223
0,193998467614,214164445
0,193998510814,213518889
0,193998554014,212954027
0,193998597214,212459773
0,193998640414,212027301
0,193998683614,211648888
0,193998726814,211317777
0,193999774657,211028054
0,194002069055,210899547
0,194004363453,210787103
0,194006657851,210688715
0,194008952249,210477625
0,194011246647,210417921
0,194013541045,210365680
0,194015835443,210319970
0,194018129841,210279973
0,194020424239,210244976
0,194022718637,210214354
0,194025013035,210187559
0,194027307433,210164114
0,194029601831,210143599
0,194031896229,210000649
0,194034190627,210000567
0,194036485025,210000496
0,194038779423,210000434
0,194041073821,210000379
0,194043368219,210000331
0,194045662617,210000289
0,194047957015,209875252
0,194050251413,209890845
0,194052545811,209904489
0,194054840209,209791427
0,194057134607,209817498
0,194059429005,209840310
0,194061723403,209860271
0,194064017801,209877737
0,194066312199,209893019
0,194068606597,209906391
0,194070900995,209793092
0,194073195393,209818955
0,194075489791,209841585
0,194207916875,209736386
0,194207960075,209644337
0,194208003275,209688794
0,194208046475,209727694
0,194208089675,209761732
0,194208132875,209791515
0,194208176075,209817575
0,194208219275,209840378
0,194208262475,209860330
0,194208305675,209877788
0,194208348875,209893064
0,194208392075,209906431
0,194208435275,209918127
0,194208478475,209928361
0,194208521675,209937315
0,194208564875,209945150
0,194209612718,209952006
0,194211907116,209833005
0,194214201514,209853879
0,194216495912,209872144
0,194218790310,209888126
0,194221084708,209902110
0,194223379106,209914346
0,194225673504,209925052
0,194227967902,209809420
0,194230262300,209833242
0,194232556698,209854086
0,194234851096,209747325
0,194237145494,209778909
0,194239439892,209806545
0,194241734290,209830726
0,194244028688,209851885
0,194246323086,209870399
0,194248617484,209886599
0,194250911882,209775774
0,194253206280,209803802
0,194255500678,209828326
0,194257795076,209849785
0,194260089474,209868561
0,194262383872,209884990
0,194264678270,209899366
0,194266972668,209786945
0,194269267066,209813576
0,194271561464,209836879
0,194273855862,209732269
0,194276150260,209765735
0,194278444658,209795018
0,194280739056,209820640
0,194283033454,209843060
0,194285327852,209862677
0,194418902135,210004842
0,194418945335,210129236
0,194418988535,210113081
0,194419031735,210223945
0,194419074935,210320951
0,194419118135,210405832
0,194419161335,210480103
0,194419204535,210545090
0,194419247735,210601953
0,194419290935,210651708
0,194419334135,210695244
0,194419377335,210733338
0,194419420535,210766670
0,194419463735,210795836
0,194419506935,210821356
0,194419550135,210843686
0,194419593335,210738225
0,194421745177,210645946
0,194424039575,210565202
0,194426333973,210494551
0,194428628371,210432732
0,194430922769,210253640
0,194433217167,210221935
0,194435511565,210194193
0,194437805963,210169918
0,194440100361,210148678
0,194442394759,210130093
0,194444689157,210113831
0,194446983555,209974602
0,194449277953,209977776
0,194451572351,209980554
0,194453866749,209857984
0,194456161147,209875736
0,194458455545,209891269
0,194460749943,209904860
0,194463044341,209916752
0,194465338739,209927158
0,194467633137,209936263
0,194469927535,210194230
0,194472221933,210419951
0,194474516331,210617457
0,194476810729,210790274
0,194479105127,211066489
0,194481399525,211183177
0,194483693923,211285279
0,194485988321,211374619
0,194488282719,211452791
0,194490577117,211521192
0,194492871515,211581043
0,194495165913,211633412
0,194628740196,228054235
0,194628783396,225797455
0,194628826596,223822773
0,194628869796,222094926
0,194628912996,220458060
0,194628956196,219025802
0,194628999396,217772576
0,194629042596,216801004
0,194629085796,215950878
0,194629128996,215207018
0,194629172196,214556140
0,194629215396,213986622
0,194629258596,213488294
0,194629301796,213052257
0,194629344996,212670724
0,194629388196,212336883
0,194629431396,212044772
0,194631583238,212039175
0,194633877636,212034278
0,194636172034,212029993
0,194638466432,212026243
0,194640760830,212022962
0,194643055228,212145091
0,194645349626,212126954
0,194647644024,212111084
0,194649938422,212097198
0,194652232820,212085048
0,194654527218,212074417
0,194656821616,212065114
0,194659116014,212181974
0,194661410412,212159227
0,194663704810,212139323
0,194665999208,212121907
0,194668293606,212106668
0,194670588004,212093334
0,194672882402,212081667
0,194675176800,212071458
0,194677471198,212062525
0,194679765596,212054709
0,194682059994,212172870
0,194684354392,212151261
0,194686648790,212132353
0,194688943188,212115808
0,194691237586,212101332
0,194693531984,212088665
0,194695826382,212077581
0,194698120780,212192883
0,194700415178,212168772
0,194702709576,212147675
0,194705003974,212254215
0,194839725456,228722438
0,194839768656,226507133
0,194839811856,224568741
0,194839855056,222872648
0,194839898256,221388567
0,194839941456,220089996
0,194839984656,218953746
0,194840027856,218084527
0,194840071056,217198961
0,194840114256,216424090
0,194840157456,215746078
0,194840200656,215152818
0,194840243856,214633715
0,194840287056,214179500
0,194840330256,213782062
0,194840373456,213434304
0,194840416656,213130016
0,194841421299,212988764
0,194843715697,212865168
0,194846010095,212882022
0,194848304493,212771769
0,194850598891,212675297
0,194852893289,212590884
0,194855187687,212517023
0,194857482085,212452395
0,194859776483,212395845
0,194862070881,212471364
0,194864365279,212412443
0,194866659677,212360887
0,194868954075,212315776
0,194871248473,212276304
0,194873542871,212241766
0,194875837269,212211545
0,194878131667,212310101
0,194880426065,212271338
0,194882720463,212237420
0,194885014861,212332742
0,194887309259,212291149
0,194889603657,212254755
0,194891898055,212222910
0,194894192453,212195046
0,194896486851,212170665
0,194898781249,212149331
0,194901075647,212255664
0,194903370045,212223706
0,194905664443,212195742
0,194907958841,212171274
0,194910253239,212149864
0,194912547637,212131131
0,194914842035,212114739
0,194917136433,212100396
0,195051857915,212087846
0,195051901115,212076865
0,195051944315,212067256
0,195051987515,212058849
0,195052030715,212176492
0,195052073915,212279430
0,195052117115,212369501
0,195052160315,212323313
0,195052203515,212282898
0,195052246715,212247535
0,195052289915,212216593
0,195052333115,212189518
0,195052376315,212165828
0,195052419515,212145099
0,195052462715,212126961
0,195052505915,212111090
0,195052549115,212097203
0,195053553758,212085052
0,195055848156,212074420
0,195058142554,212065117
0,195060436952,212056977
0,195062731350,212049854
0,195065025748,212168622
0,195067320146,212147544
0,195069614544,212129101
0,195071908942,212112963
0,195074203340,212098842
0,195076497738,212086486
0,195078792136,212075675
0,195081086534,212191215
0,195083380932,212167313
0,195085675330,212146398
0,195087969728,212128098
0,195090264126,212112085
0,195092558524,212098074
0,195094852922,212085814
0,195097147320,212075087
0,195099441718,212065701
0,195101736116,212057488
0,195104030514,212175302
0,195106324912,212153389
0,195108619310,212134215
0,195110913708,212117438
0,195113208106,212102758
0,195115502504,212089913
0,195117796902,212078673
0,195120091300,212193838
0,195122385698,212169608
0,195124680096,212148407
0,195126974494,212129856
0,195129268892,212113624
0,195265137573,212349421
0,195265180773,212555743
0,195265223973,212736275
0,195265267173,212894240
0,195265310373,212907460
0,195265353573,212919027
0,195265396773,212929148
0,195265439973,212938004
0,195265483173,212945753
0,195265526373,212952533
0,195265569573,212958466
0,195265612773,212963657
0,195265655973,212968199
0,195265699173,212972174
0,195265742373,212975652
0,195265785573,212978695
0,195265828773,212981358
0,195265871973,212858688
0,195267980615,212751352
0,195270275013,212657433
0,195272569411,212575253
0,195274863809,212503346
0,195277158207,212440427
0,195279452605,212385373
0,195281747003,212337201
0,195284041401,212420050
0,195286335799,212367543
0,195288630197,212321600
0,195290924595,212281400
0,195293218993,212246225
0,195295513391,212215446
0,195297807789,212188515
0,195300102187,212289950
0,195302396585,212253706
0,195304690983,212221992
0,195306985381,212194243
0,195309279779,212169962
0,195311574177,212148716
0,195313868575,212130126
0,195316162973,212113860
0,195318457371,212099627
0,195320751769,212087173
0,195323046167,212201276
0,195325340565,212176116
0,195327634963,212154101
0,195329929361,212134838
0,195332223759,212117983
0,195334518157,212103235
0,195336812555,212090330
0,195339106953,212454038
0,195341401351,212772283
0,195477270032,229675747
0,195477313232,227466278
0,195477356432,225532993
0,195477399632,223841368
0,195477442832,222361197
0,195477486032,221066047
0,195477529232,219932791
0,195477572432,218941192
0,195477615632,218073543
0,195477658832,217314350
0,195477702032,216650056
0,195477745232,216068799
0,195477788432,215560199
0,195477831632,215115174
0,195477874832,214725777
0,195477918032,214385054
0,195477961232,214086922
0,195478004432,213951056
0,195480113074,214082174
0,195482407472,214196902
0,195484701870,214172289
0,195486996268,214150752
0,195489290666,214256908
0,195491585064,214224794
0,195493879462,214196694
0,195496173860,214297107
0,195498468258,214259968
0,195500762656,214227472
0,195503057054,214324038
0,195505351452,214408533
0,195507645850,214357466
0,195509940248,214312782
0,195512234646,214398684
0,195514529044,214348848
0,195516823442,214305242
0,195519117840,214392086
0,195521412238,214468075
0,195523706636,214409565
0,195526001034,214483369
0,195528295432,214547947
0,195530589830,214479453
0,195532884228,214419521
0,195535178626,214492080
0,195537473024,214430570
0,195539767422,214376748
0,195542061820,214454654
0,195544356218,214522822
0,195546650616,214457469
0,195548945014,214400285
0,195551239412,214475249
0,195553533810,214415842
0,195689402491,231113861
0,195689445691,228724628
0,195689488891,226634049
0,195689532091,224804792
0,195689575291,223204193
0,195689618491,221803668
0,195689661691,220578209
0,195689704891,219505932
0,195689748091,218567690
0,195689791291,217746728
0,195689834491,217028387
0,195689877691,216399838
0,195689920891,215849858
0,195689964091,215368625
0,195690007291,215072546
0,195690050491,214813477
0,195690093691,214586792
0,195690136891,214388443
0,195692245533,214339887
0,195694539931,214297401
0,195696834329,214260225
0,195699128727,214352696
0,195701423125,214433609
0,195703717523,214379407
0,195706011921,214456981
0,195708306319,214524858
0,195710600717,214459250
0,195712895115,214401843
0,195715189513,214476612
0,195717483911,214417035
0,195719778309,214364905
0,195722072707,214444291
0,195724367105,214513754
0,195726661503,214449534
0,195728955901,214393342
0,195731250299,214469174
0,195733544697,214410527
0,195735839095,214359211
0,195738133493,214439309
0,195740427891,214384395
0,195742722289,214336345
0,195745016687,214419301
0,195747311085,214491888
0,195749605483,214430402
0,195751899881,214376601
0,195754194279,214454525
0,195756488677,214397709
0,195758783075,214347995
0,195761077473,214429495
0,195763371871,214500808
0,195765666269,214438207
0,195902682149,231258431
0,195902725349,228976127
0,195902768549,226979111
0,195902811749,225231722
0,195902854949,223702756
0,195902898149,222364911
0,195902941349,221194297
0,195902984549,220170009
0,195903027749,219398757
0,195903070949,218723912
0,195903114149,218133423
0,195903157349,217616745
0,195903200549,217164651
0,195903243749,216769069
0,195903286949,216422935
0,195903330149,215995068
0,195903373349,215620684
0,195903416549,215293098
0,195904377992,215131460
0,195906672390,214990027
0,195908966788,214866273
0,195911261186,214882988
0,195913555584,214772614
0,195915849982,214676037
0,195918144380,214716532
0,195920438778,214626965
0,195922733176,214548594
0,195925027574,214605019
0,195927321972,214654391
0,195929616370,214572592
0,195931910768,214501018
0,195934205166,214563390
0,195936499564,214492966
0,195938793962,214431345
0,195941088360,214502426
0,195943382758,214564622
0,195945677156,214494044
0,195947971554,214432288
0,195950265952,214503252
0,195952560350,214440345
0,195954854748,214385301
0,195957149146,214462138
0,195959443544,214404370
0,195961737942,214353823
0,195964032340,214434595
0,195966326738,214505270
0,195968621136,214442111
0,195970915534,214386847
0,195973209932,214463491
0,195975504330,214405554
0,195977798728,214354859
0,195980093126,214435501
0,196117109006,214506063
0,196117152206,214567805
0,196117195406,214621829
0,196117238606,214669100
0,196117281806,214710462
0,196117325006,214746654
0,196117368206,214778322
0,196117411406,214806031
0,196117454606,214705277
0,196117497806,214617117
0,196117541006,214539977
0,196117584206,214472479
0,196117627406,214413419
0,196117670606,214361741
0,196117713806,214316523
0,196117757006,214276957
0,196117800206,214242337
0,196117843406,214212044
0,196118804849,214185538
0,196121099247,214287345
0,196123393645,214376426
0,196125688043,214329372
0,196127982441,214288200
0,196130276839,214377175
0,196132571237,214330028
0,196134865635,214288774
0,196137160033,214377677
0,196139454431,214330467
0,196141748829,214289158
0,196144043227,214378013
0,196146337625,214455761
0,196148632023,214398790
0,196150926421,214348941
0,196153220819,214430323
0,196155515217,214376532
0,196157809615,214329465
0,196160104013,214413281
0,196162398411,214486620
0,196164692809,214425792
0,196166987207,214372568
0,196169281605,214450997
0,196171576003,214394622
0,196173870401,214345294
0,196176164799,214427132
0,196178459197,214373740
0,196180753595,214327022
0,196183047993,214411144
0,196185342391,214484751
0,196187636789,214424157
0,196189931187,214371137
0,196192225585,214449744
0,196194519983,214393526
0,196332683062,214469335
0,196332726262,214535668
0,196332769462,214593709
0,196332812662,214644495
0,196332855862,214688933
0,196332899062,214727816
0,196332942262,214761839
0,196332985462,214791609
0,196333028662,214942657
0,196333071862,215074824
0,196333115062,215190471
0,196333158262,215291662
0,196333201462,215380204
0,196333244662,215457678
0,196333287862,215525468
0,196333331062,215584784
0,196333374262,215636686
0,196333417462,215682100
0,196333460662,215721837
0,196335526104,215881607
0,196337820502,215896406
0,196340114900,216034355
0,196342409298,216155060
0,196344703696,216260677
0,196346998094,216228092
0,196349292492,216324580
0,196351586890,216409007
0,196353881288,216357881
0,196356175686,216438145
0,196358470084,216508376
0,196360764482,216444829
0,196363058880,216514225
0,196365353278,216574946
0,196367647676,216628077
0,196369942074,216549567
0,196372236472,216605871
0,196374530870,216655137
0,196376825268,216573244
0,196379119666,216626588
0,196381414064,216673264
0,196383708462,216714106
0,196386002860,216749842
0,196388297258,216781111
0,196390591656,216808472
0,196392886054,216707413
0,196395180452,216743986
0,196397474850,216775987
0,196399769248,216678988
0,196402063646,216719114
0,196404358044,216754224
0,196406652442,216784946
0,196408946840,216686827
0,196547109919,233725973
0,196547153119,231385226
0,196547196319,229337072
0,196547239519,227544938
0,196547282719,225976820
0,196547325919,224604717
0,196547369119,223404127
0,196547412319,222353611
0,196547455519,221434409
0,196547498719,220505107
0,196547541919,219691968
0,196547585119,218980472
0,196547628319,218357913
0,196547671519,217813173
0,196547714719,217336526
0,196547757919,216919460
0,196547801119,216554527
0,196547844319,216235211
0,196547887519,215955809
0,196549952961,215961332
0,196552247359,216091165
0,196554541757,216204769
0,196556836155,216179172
0,196559130553,216281775
0,196561424951,216371553
0,196563719349,216450108
0,196566013747,216518844
0,196568308145,216578988
0,196570602543,216631614
0,196572896941,216552662
0,196575191339,216608579
0,196577485737,216657506
0,196579780135,216575317
0,196582074533,216628402
0,196584368931,216674851
0,196586663329,216715494
0,196588957727,216626057
0,196591252125,216672799
0,196593546523,216713699
0,196595840921,216624486
0,196598135319,216671425
0,196600429717,216712496
0,196602724115,216623434
0,196605018513,216670504
0,196607312911,216711691
0,196609607309,216747729
0,196611901707,216654262
0,196614196105,216697479
0,196616490503,216735294
0,196618784901,216643382
0,196621079299,216687959
0,196623373697,216726964
0,196762683975,233886093
0,196762727175,231525331
0,196762770375,229459664
0,196762813575,227652206
0,196762856775,226070680
0,196762899975,224686845
0,196762943175,223475989
0,196762986375,222416490
0,196763029575,221614428
0,196763072775,220912624
0,196763115975,220298546
0,196763159175,219761227
0,196763202375,219291073
0,196763245575,218879688
0,196763288775,218519727
0,196763331975,218204761
0,196763375175,217929165
0,196763418375,217688019
0,196763461575,217477016
0,196764379818,217417389
0,196766674216,217365215
0,196768968614,217194563
0,196771263012,217170242
0,196773557410,217148961
0,196775851808,217005340
0,196778146206,217004672
0,196780440604,217004088
0,196782735002,216878577
0,196785029400,216893754
0,196787323798,216907034
0,196789618196,216918654
0,196791912594,216803822
0,196794206992,216828344
0,196796501390,216849801
0,196798795788,216743575
0,196801090186,216775628
0,196803384584,216803674
0,196805678982,216828214
0,196807973380,216724687
0,196810267778,216759101
0,196812562176,216789213
0,196814856574,216690561
0,196817150972,216729240
0,196819445370,216763085
0,196821739768,216667699
0,196824034166,216709236
0,196826328564,216745581
0,196828622962,216777383
0,196830917360,216680210
0,196833211758,216720183
0,196835506156,216755160
0,196837800554,216660765
0,196840094952,216703169
0,196979405230,216740272
0,196979448430,216772738
0,196979491630,216801145
0,196979534830,216826001
0,196979578030,216847750
0,196979621230,216866781
0,196979664430,216883433
0,196979707630,216898003
0,196979750830,216785752
0,196979794030,216687533
0,196979837230,216601591
0,196979880430,216526392
0,196979923630,216460593
0,196979966830,216403018
0,196980010030,216477640
0,196980053230,216542935
0,196980096430,216600068
0,196980139630,216650059
0,196980182830,216693801
0,196981101073,216732075
0,196983395471,216765565
0,196985689869,216794869
0,196987984267,216695510
0,196990278665,216733571
0,196992573063,216766874
0,196994867461,216671014
0,196997161859,216712137
0,196999456257,216748119
0,197001750655,216654604
0,197004045053,216697778
0,197006339451,216735555
0,197008633849,216768610
0,197010928247,216672533
0,197013222645,216713466
0,197015517043,216749282
0,197017811441,216655621
0,197020105839,216698668
0,197022400237,216736334
0,197024694635,216769292
0,197026989033,216673130
0,197029283431,216713988
0,197031577829,216749739
0,197033872227,216656021
0,197036166625,216699018
0,197038461023,216736640
0,197040755421,216644560
0,197043049819,216688990
0,197045344217,216727866
0,197047638615,216761882
0,197049933013,216666646
0,197052227411,216708315
0,197054521809,216744775
0,197056816207,216651678
0,197197273684,216820218
0,197197316884,216967690
0,197197360084,217096728
0,197197403284,217209637
0,197197446484,217308432
0,197197489684,217394878
0,197197532884,217470518
0,197197576084,217536703
0,197197619284,217594615
0,197197662484,217645288
0,197197705684,217689627
0,197197748884,217728423
0,197197792084,217762370
0,197197835284,217792073
0,197197878484,217693063
0,197197921684,217606430
0,197197964884,217530626
0,197198008084,217589297
0,197198051284,217640634
0,197198094484,217685554
0,197200116726,217849859
0,197202411124,217993626
0,197204705522,218119422
0,197206999920,218229494
0,197209294318,218325807
0,197211588716,218410081
0,197213883114,218483820
0,197216177512,218548342
0,197218471910,218604799
0,197220766308,218654199
0,197223060706,218697424
0,197225355104,218735246
0,197227649502,218768340
0,197229943900,218797297
0,197232238298,218822634
0,197234532696,218844804
0,197236827094,218864203
0,197239121492,218881177
0,197241415890,218896029
0,197243710288,218909025
0,197246004686,219045396
0,197248299084,219039721
0,197250593482,219034755
0,197252887880,219030410
0,197255182278,219026608
0,197257476676,219023282
0,197259771074,219020371
0,197262065472,219017824
0,197264359870,219015596
0,197266654268,219013646
0,197268948666,219011940
0,197271243064,219010447
0,197273537462,219009141
0,197413994939,236257998
0,197414038139,233850748
0,197414081339,231744404
0,197414124539,229901353
0,197414167739,228288683
0,197414210939,226877597
0,197414254139,225642897
0,197414297339,224562534
0,197414340539,223617217
0,197414383739,222790064
0,197414426939,222066306
0,197414470139,221433017
0,197414513339,220878889
0,197414556539,220394027
0,197414599739,219969773
0,197414642939,219598551
0,197414686139,219273732
0,197414729339,218989515
0,197414772539,218615825
0,197414815739,218288846
0,197416837981,218252740
0,197419132379,218346147
0,197421426777,218427878
0,197423721175,218499393
0,197426015573,218686968
0,197428309971,218726097
0,197430604369,218760334
0,197432898767,218790292
0,197435193165,218816505
0,197437487563,218839441
0,197439781961,218859510
0,197442076359,218877071
0,197444370757,218892437
0,197446665155,218905882
0,197448959553,218917646
0,197451253951,218927940
0,197453548349,218936947
0,197455842747,218944828
0,197458137145,218951724
0,197460431543,218957758
0,197462725941,218963038
0,197465020339,218967658
0,197467314737,218971700
0,197469609135,218975237
0,197471903533,218978332
0,197474197931,218981040
0,197476492329,218983410
0,197478786727,218985483
0,197481081125,218987297
0,197483375523,218988884
0,197485669921,218990273
0,197487964319,218991488
0,197490258717,218992552
0,197631863393,236368483
0,197631906593,234072422
0,197631949793,231938369
0,197631992993,230071072
0,197632036193,228562188
0,197632079393,227241914
0,197632122593,226086674
0,197632165793,225075839
0,197632208993,224191359
0,197632252193,223417439
0,197632295393,222740259
0,197632338593,222147726
0,197632381793,221629260
0,197632424993,221175602
0,197632468193,220778651
0,197632511393,220431319
0,197632554593,220127404
0,197632597793,219861478
0,197632640993,219628793
0,197632684193,219425193
0,197633559236,219372043
0,197635853634,219325537
0,197638148032,219284844
0,197640442430,219249238
0,197642736828,219218083
0,197645031226,219190822
0,197647325624,219166969
0,197649620022,219146097
0,197651914420,219127834
0,197654208818,219111854
0,197656503216,219097872
0,197658797614,219085638
0,197661092012,219074933
0,197663386410,219065566
0,197665680808,219057370
0,197667975206,219050198
0,197670269604,219043923
0,197672564002,219038432
0,197674858400,219033628
0,197677152798,219029424
0,197679447196,219025746
0,197681741594,219022527
0,197684035992,219019711
0,197686330390,219017247
0,197688624788,219015091
0,197690919186,219013204
0,197693213584,219011553
0,197695507982,219010108
0,197697802380,219008844
0,197700096778,219007738
0,197702391176,219006770
0,197704685574,219005923
0,197706979972,219005182
0,197709274370,219004534
0,197850879046,219003967
0,197850922246,219003471
0,197850965446,219003037
0,197851008646,219127657
0,197851051846,219111699
0,197851095046,219097736
0,197851138246,219085519
0,197851181446,219074829
0,197851224646,219065475
0,197851267846,219057290
0,197851311046,219050128
0,197851354246,219043862
0,197851397446,219038379
0,197851440646,219033581
0,197851483846,219029383
0,197851527046,219025710
0,197851570246,219022496
0,197851613446,219019684
0,197851656646,219017223
0,197851699846,219015070
0,197852574889,219013186
0,197854869287,219011537
0,197857163685,219010094
0,197859458083,219008832
0,197861752481,219007728
0,197864046879,219006762
0,197866341277,219005916
0,197868635675,219005176
0,197870930073,219004529
0,197873224471,219003962
0,197875518869,219003466
0,197877813267,219003032
0,197880107665,219002653
0,197882402063,219002321
0,197884696461,219002030
0,197886990859,219001776
0,197889285257,219001554
0,197891579655,219001359
0,197893874053,219001189
0,197896168451,219001040
0,197898462849,219000910
0,197900757247,219000796
0,197903051645,219000696
0,197905346043,219000609
0,197907640441,219000532
0,197909934839,219000465
0,197912229237,219000406
0,197914523635,219000355
0,197916818033,219000310
0,197919112431,219000271
0,197921406829,219000237
0,197923701227,219000207
0,197925995625,219000181
0,197928290023,219000158
0,198071041898,219250138
0,198071085098,219468870
0,198071128298,219660261
0,198071171498,219702728
0,198071214698,219739887
0,198071257898,219772401
0,198071301098,219800850
0,198071344298,219825743
0,198071387498,219847525
0,198071430698,219866584
0,198071473898,219883261
0,198071517098,219897853
0,198071560298,219910621
0,198071603498,219921793
0,198071646698,219931568
0,198071689898,219940122
0,198071733098,219947606
0,198071776298,219954155
0,198071819498,219959885
0,198071862698,219964899
0,198071905898,219844286
0,198073884940,219738750
0,198076179338,219646406
0,198078473736,219565605
0,198080768134,219494904
0,198083062532,219433041
0,198085356930,219378910
0,198087651328,219331546
0,198089945726,219290102
0,198092240124,219253839
0,198094534522,219222109
0,198096828920,219194345
0,198099123318,219170051
0,198101417716,219398794
0,198103712114,219598944
0,198106006512,219899076
0,198108300910,220161691
0,198110595308,220266479
0,198112889706,220358169
0,198115184104,220563397
0,198117478502,220617972
0,198119772900,220665725
0,198122067298,220832509
0,198124361696,220853445
0,198126656094,220871764
0,198128950492,220887793
0,198131244890,221026818
0,198133539288,221023465
0,198135833686,221020531
0,198138128084,221142964
0,198140422482,221125093
0,198142716880,221109456
0,198145011278,221220774
0,198147305676,221318177
0,198290057551,238903404
0,198290100751,236415478
0,198290143951,234238543
0,198290187151,232333725
0,198290230351,230667009
0,198290273551,229208632
0,198290316751,227932553
0,198290359951,226815983
0,198290403151,225838985
0,198290446351,224984111
0,198290489551,224236097
0,198290532751,223581584
0,198290575951,223008886
0,198290619151,222507775
0,198290662351,222069303
0,198290705551,221685640
0,198290748751,221349935
0,198290791951,221056193
0,198290835151,220799168
0,198290878351,220574272
0,198290921551,220377488
0,198292900593,220455302
0,198295194991,220648389
0,198297489389,220692340
0,198299783787,220730797
0,198302078185,220889447
0,198304372583,220903266
0,198306666981,220915357
0,198308961379,220925937
0,198311255777,221060194
0,198313550175,221052669
0,198315844573,221046085
0,198318138971,221165324
0,198320433369,221144658
0,198322727767,221126575
0,198325022165,221235753
0,198327316563,221206283
0,198329610961,221180497
0,198331905359,221157934
0,198334199757,221263192
0,198336494155,221230293
0,198338788553,221201506
0,198341082951,221301317
0,198343377349,221263652
0,198345671747,221230695
0,198347966145,221201858
0,198350260543,221301625
0,198352554941,221263921
0,198354849339,221230930
0,198357143737,221327063
0,198359438135,221286180
0,198361732533,221250407
0,198364026931,221344106
0,198366321329,221301092
0,198510220403,239013455
0,198510263603,236636773
0,198510306803,234557176
0,198510350003,232737529
0,198510393203,231145337
0,198510436403,229752169
0,198510479603,228533147
0,198510522803,227466503
0,198510566003,226533190
0,198510609203,225716541
0,198510652403,225001973
0,198510695603,224376726
0,198510738803,223829635
0,198510782003,223350930
0,198510825203,222932063
0,198510868403,222565555
0,198510911603,222244860
0,198510954803,221964252
0,198510998003,221718720
0,198511041203,221628880
0,198511084403,221550270
0,198511916246,221481486
0,198514210644,221546300
0,198516505042,221478012
0,198518799440,221418260
0,198521093838,221490977
0,198523388236,221429604
0,198525682634,221375903
0,198527977032,221328915
0,198530271430,221412800
0,198532565828,221361200
0,198534860226,221316050
0,198537154624,221401543
0,198539449022,221351350
0,198541743420,221307431
0,198544037818,221394002
0,198546332216,221344751
0,198548626614,221301657
0,198550921012,221263949
0,198553215410,221355955
0,198555509808,221311460
0,198557804206,221272527
0,198560098604,221363461
0,198562393002,221318028
0,198564687400,221278274
0,198566981798,221243489
0,198569276196,221338052
0,198571570594,221295795
0,198573864992,221258820
0,198576159390,221351467
0,198578453788,221307533
0,198580748186,221269091
0,198583042584,221360454
0,198585336982,221315397
0,198587631380,221275972
0,198731530454,221241475
0,198731573654,221211290
0,198731616854,221184878
0,198731660054,221161768
0,198731703254,221141547
0,198731746454,221123853
0,198731789654,221108371
0,198731832854,221094824
0,198731876054,221082971
0,198731919254,221072599
0,198731962454,221063524
0,198732005654,221180583
0,198732048854,221283010
0,198732092054,221372633
0,198732135254,221451053
0,198732178454,221519671
0,198732221654,221579712
0,198732264854,221632248
0,198732308054,221678217
0,198732351254,221593439
0,198732394454,221519259
0,198733226297,221579351
0,198735520695,221506932
0,198737815093,221443565
0,198740109491,221513119
0,198742403889,221448979
0,198744698287,221392856
0,198746992685,221343749
0,198749287083,221425780
0,198751581481,221372557
0,198753875879,221325987
0,198756170277,221410238
0,198758464675,221358958
0,198760759073,221314088
0,198763053471,221399827
0,198765347869,221349848
0,198767642267,221306117
0,198769936665,221267852
0,198772231063,221359370
0,198774525461,221314448
0,198776819859,221275142
0,198779114257,221365749
0,198781408655,221320030
0,198783703053,221280026
0,198785997451,221245022
0,198788291849,221339394
0,198790586247,221296969
0,198792880645,221259847
0,198795175043,221352366
0,198797469441,221308320
0,198799763839,221269780
0,198802058237,221361057
0,198804352635,221315924
0,198806647033,221276433
0,198808941431,221241878
0,198953987704,221336643
0,198954030904,221544562
0,198954074104,221726491
0,198954117304,221885679
0,198954160504,222024969
0,198954203704,222146847
0,198954246904,222253491
0,198954290104,222346804
0,198954333304,222428453
0,198954376504,222499896
0,198954419704,222562409
0,198954462904,222492107
0,198954506104,222430593
0,198954549304,222376768
0,198954592504,222329672
0,198954635704,222288463
0,198954678904,222252405
0,198954722104,222220854
0,198954765304,222193247
0,198954808504,222169091
0,198954851704,222147954
0,198954894904,222004459
0,198956830746,221878901
0,198959125144,221894038
0,198961419542,221782283
0,198963713940,221684497
0,198966008338,221723934
0,198968302736,221758442
0,198970597134,221663636
0,198972891532,221580681
0,198975185930,221633095
0,198977480328,221553958
0,198979774726,221484713
0,198982069124,221549123
0,198984363522,221480482
0,198986657920,221420421
0,198988952318,221367868
0,198991246716,221446884
0,198993541114,221391023
0,198995835512,221342145
0,198998129910,221424376
0,199000424308,221371329
0,199002718706,221324912
0,199005013104,221409298
0,199007307502,221483135
0,199009601900,221422743
0,199011896298,221619900
0,199014190696,221917412
0,199016485094,222177735
0,199018779492,222280518
0,199021073890,222495453
0,199023368288,222683521
0,199025662686,222723080
0,199027957084,222757695
0,199030251482,222912983
0,199175297755,240923860
0,199175340955,238558377
0,199175384155,236363579
0,199175427355,234443131
0,199175470555,232762739
0,199175513755,231292396
0,199175556955,230005846
0,199175600155,228880115
0,199175643355,227895100
0,199175686555,227033212
0,199175729755,226279060
0,199175772955,225619177
0,199175816155,225041779
0,199175859355,224536556
0,199175902555,224094486
0,199175945755,223707675
0,199175988955,223369215
0,199176032155,223198063
0,199176075355,223048305
0,199176118555,222917266
0,199176161755,222802607
0,199176204955,222702281
0,199178140797,222864495
0,199180435195,223006433
0,199182729593,223005628
0,199185023991,223129924
0,199187318389,223238683
0,199189612787,223208847
0,199191907185,223182741
0,199194201583,223284898
0,199196495981,223374285
0,199198790379,223327499
0,199201084777,223411561
0,199203379175,223485115
0,199205673573,223424475
0,199207967971,223371415
0,199210262369,223449988
0,199212556767,223518739
0,199214851165,223453896
0,199217145563,223522159
0,199219439961,223581889
0,199221734359,223509152
0,199224028757,223570508
0,199226323155,223624194
0,199228617553,223546169
0,199230911951,223477897
0,199233206349,223543159
0,199235500747,223600264
0,199237795145,223525231
0,199240089543,223584577
0,199242383941,223636504
0,199244678339,223556941
0,199246972737,223487323
0,199249267135,223551407
0,199251561533,223607481
0,199397755005,241531545
0,199397798205,239090101
0,199397841405,236953838
0,199397884605,235084608
0,199397927805,233449032
0,199397971005,232017903
0,199398014205,230890665
0,199398057405,229904331
0,199398100605,229041289
0,199398143805,228286127
0,199398187005,227625361
0,199398230205,227047190
0,199398273405,226541291
0,199398316605,226098629
0,199398359805,225711300
0,199398403005,225372387
0,199398446205,225075838
0,199398489405,224816358
0,199398532605,224464313
0,199398575805,224156273
0,199398619005,223886738
0,199398662205,223650895
0,199399450848,223569533
0,199401745246,223498341
0,199404039644,223561048
0,199406334042,223615917
0,199408628440,223538927
0,199410922838,223471561
0,199413217236,223537615
0,199415511634,223595413
0,199417806032,223520986
0,199420100430,223580862
0,199422394828,223633254
0,199424689226,223554097
0,199426983624,223484834
0,199429278022,223549229
0,199431572420,223605575
0,199433866818,223529878
0,199436161216,223588643
0,199438455614,223640062
0,199440750012,223560054
0,199443044410,223615047
0,199445338808,223663166
0,199447633206,223580270
0,199449927604,223507736
0,199452222002,223569269
0,199454516400,223623110
0,199456810798,223545221
0,199459105196,223602068
0,199461399594,223651809
0,199463693992,223570332
0,199465988390,223499040
0,199468282788,223561660
0,199470577186,223616452
0,199472871584,223539395
0,199475165982,223596970
0,199621359454,223647348
0,199621402654,223691429
0,199621445854,223730000
0,199621489054,223763750
0,199621532254,223793281
0,199621575454,223819120
0,199621618654,223716730
0,199621661854,223627138
0,199621705054,223548745
0,199621748254,223480151
0,199621791454,223420132
0,199621834654,223367615
0,199621877854,223321663
0,199621921054,223281455
0,199621964254,223246273
0,199622007454,223340488
0,199622050654,223422927
0,199622093854,223495061
0,199622137054,223558178
0,199622180254,223613405
0,199622223454,223661729
0,199622266654,223704012
0,199623055297,223741010
0,199625349695,223773383
0,199627644093,223676710
0,199629938491,223592121
0,199632232889,223643105
0,199634527287,223687716
0,199636821685,223601751
0,199639116083,223651532
0,199641410481,223695090
0,199643704879,223608203
0,199645999277,223532177
0,199648293675,223590654
0,199650588073,223641822
0,199652882471,223561594
0,199655176869,223616394
0,199657471267,223664344
0,199659765665,223581301
0,199662060063,223633638
0,199664354461,223679433
0,199666648859,223594503
0,199668943257,223520190
0,199671237655,223580166
0,199673532053,223632645
0,199675826451,223553564
0,199678120849,223609368
0,199680415247,223658197
0,199682709645,223575922
0,199685004043,223628931
0,199687298441,223675314
0,199689592839,223715899
0,199691887237,223626411
0,199694181635,223673109
0,199696476033,223713970
0,199698770431,223624723
0,199846111102,223796632
0,199846154302,223947053
0,199846197502,224078671
0,199846240702,224193837
0,199846283902,224294607
0,199846327102,224382781
0,199846370302,224459933
0,199846413502,224527441
0,199846456702,224586510
0,199846499902,224638196
0,199846543102,224683421
0,199846586302,224722993
0,199846629502,224757618
0,199846672702,224787915
0,199846715902,224814425
0,199846759102,224712621
0,199846802302,224623543
0,199846845502,224545600
0,199846888702,224477400
0,199846931902,224417725
0,199846975102,224365509
0,199847018302,224444820
0,199847061502,224389217
0,199848954144,224215564
0,199851248542,224188618
0,199853542940,224165040
0,199855837338,224019410
0,199858131736,224016983
0,199860426134,224014860
0,199862720532,223888002
0,199865014930,223902001
0,199867309328,223914250
0,199869603726,223924968
0,199871898124,223809347
0,199874192522,223833178
0,199876486920,223854030
0,199878781318,223747276
0,199881075716,223778866
0,199883370114,223806507
0,199885664512,223705693
0,199887958910,223617481
0,199890253308,223665295
0,199892547706,223707133
0,199894842104,223618741
0,199897136502,223666398
0,199899430900,223708098
0,199901725298,223619585
0,199904019696,223667136
0,199906314094,223708744
0,199908608492,223620151
0,199910902890,223542632
0,199913197288,223599803
0,199915491686,223649827
0,199917786084,223568598
0,199920080482,223622523
0,199922374880,223919707
0,200000000000,223919707
