25,76504768,13800
25,166797135,15180
25,166840335,16560
25,169807941,17940
25,174396737,19320
25,179444844,20700
25,254277913,22080
25,256572311,23460
25,260013908,24840
25,269796860,26220
25,274472056,27600
25,279190452,28980
25,283908848,30360
25,359647494,31740
25,359690694,33120
25,359733894,34500
25,359777094,35880
25,359820294,37260
25,359863494,38640
25,363512345,40020
25,367602429,41400
25,379369839,42780
25,388757595,44160
25,393389591,45540
25,451823229,46920
25,451866429,48300
25,453901627,49680
25,456239225,51060
25,458576823,52440
25,460914421,53820
25,463252019,55200
25,465589617,56580
25,467927215,57960
25,470264813,59340
25,477470828,60720
25,481973224,62100
25,484310822,63480
25,486648420,64860
25,491280416,66240
25,495912412,67620
25,597859524,69000
25,597902724,70380
25,597945924,71760
25,597989124,73140
25,598032324,74520
25,598118724,75900
25,598161924,77280
25,598205124,78660
25,598248324,80040
25,598334724,81420
25,598377924,82800
25,607484352,84180
25,610925949,85560
25,616705144,86940
25,620189941,88320
25,622527539,89700
25,622837482,91080
25,634085929,92460
25,638066509,93840
25,646010502,95220
25,650642498,96600
25,654127295,97980
25,658759291,99360
25,664538486,100740
25,835965538,102120
25,836008738,103500
25,836051938,104880
25,836095138,106260
25,836138338,107640
25,836181538,109020
25,836224738,110400
25,837587937,111780
25,841072734,113160
25,843453532,114540
25,846938329,115920
25,849319127,117300
25,851656725,118680
25,852847124,120060
25,856331921,121440
25,858669519,122820
25,859859918,124200
25,866656712,125580
25,871288708,126960
25,875920704,128340
25,879405501,129720
25,884037497,131100
25,888669493,132480
25,893301489,133860
25,895639087,135240
25,897976685,136620
25,900443883,138000
25,908387876,139380
25,911872673,140760
25,916591069,142140
25,920119066,143520
25,924837462,144900
25,928408659,146280
25,933170255,147660
25,935637453,149040
25,936871052,150420
25,1123600491,151800
25,1123643691,153180
25,1123686891,154560
25,1123730091,155940
25,1123773291,157320
25,1123816491,158700
25,1126154089,160080
25,1128491687,161460
25,1130829285,162840
25,1133166883,164220
25,1136651680,165600
25,1138989278,166980
25,1141326876,168360
25,1145958872,169740
25,1148296470,171120
25,1155222864,172500
25,1159854860,173880
25,1162322058,175260
25,1170266051,176640
25,1172603649,178020
25,1180806842,179400
25,1191045233,180780
25,1193512431,182160
25,1198144427,183540
25,1200482025,184920
25,1205114021,186300
25,1210763616,187680
25,1215395612,189060
25,1219528409,190440
25,1223056406,191820
25,1231173199,193200
25,1240437191,194580
25,1250848382,195960
25,1267038768,197340
25,1267125168,198720
25,1267168368,200100
25,1267254768,201480
25,1267341168,202860
25,1267427568,204240
25,1267513968,205620
25,1267600368,207000
25,1267749168,208380
25,1267917166,209760
25,1268085164,211140
25,1268128364,212520
25,1268171564,213900
25,1268277163,215280
25,1268320363,216660
25,1457311935,218040
25,1457355135,219420
25,1457398335,220800
25,1457441535,222180
25,1457484735,223560
25,1457527935,224940
25,1457571135,226320
25,1457614335,227700
25,1457657535,229080
25,1457700735,230460
25,1457743935,231840
25,1457787135,233220
25,1457830335,234600
25,1457873535,235980
25,1457916735,237360
25,1457959935,238740
25,1458003135,240120
25,1459193534,241500
25,1461531132,242880
25,1463868730,244260
25,1463911930,245640
25,1464084730,247020
25,1465275129,248400
25,1472071923,249780
25,1474409521,251160
25,1474452721,252540
25,1476790319,253920
25,1480275116,255300
25,1484907112,256680
25,1485079912,258060
25,1504495895,259440
25,1505686294,260820
25,1511465489,262200
25,1513932687,263580
25,1517417484,264960
25,1520902281,266340
25,1531270272,267720
25,1547244658,269100
25,1575974233,270480
25,1576073433,131100
25,2107834352,131114
25,2107963952,131128
25,2108050352,131142
25,2108136752,131156
25,2108223152,131170
25,2108309552,131184
25,2109261497,131198
25,2114997492,131212
25,2120733487,131226
25,2127616681,131240
25,2258051516,131254
25,2258094716,131268
25,2258137916,131282
25,2258181116,131296
25,2258224316,131310
25,2258267516,131324
25,2258310716,131338
25,2258353916,131352
25,2258397116,131366
25,2258440316,131380
25,2258483516,131394
25,2258526716,131408
25,2260864314,131422
25,2265496310,131436
25,2270128306,131450
25,2274760302,131464
25,2279392298,131478
25,2284024294,131492
25,2288656290,131506
25,2293288286,131520
25,2297920282,131534
25,2302552278,131548
25,2307227474,131562
25,2314197068,131576
25,2321166662,131590
25,2328136256,131604
25,2335192250,131618
25,2342205044,131632
25,2347009840,131646
25,2347096240,131660
25,2347139440,131674
25,2347225840,131688
25,2347312240,131702
25,2347355440,131716
25,2347441840,131730
25,2347485040,131744
25,2347528240,131758
25,2347571440,131772
25,2347614640,131786
25,2347701040,131800
25,2348069399,131814
25,2352832486,131828
25,2355126884,131842
25,2359715680,131856
25,2363192844,131870
25,2366598874,131884
25,2373482068,131898
25,2376959232,131912
25,2379218063,131926
25,2389165620,131940
25,2392650417,131954
25,2397325613,131968
25,2404252007,131982
25,2407780004,131996
25,2413645599,132010
25,2418320795,132024
25,2418363995,132038
25,2421664426,132052
25,2425106023,132066
25,2428547620,132080
25,2434283615,132094
25,2438872411,132108
25,2445755605,132122
25,2455703310,132136
25,2460421706,132150
25,2462802504,132164
25,2606448781,132178
25,2606491981,132192
25,2606535181,132206
25,2606578381,132220
25,2606621581,132234
25,2606664781,132248
25,2606707981,132262
25,2606751181,132276
25,2606794381,132290
25,2606837581,132304
25,2606880781,132318
25,2606923981,132332
25,2606967181,132346
25,2607010381,132360
25,2607053581,132374
25,2607096781,132388
25,2607139981,132402
25,2607183181,132416
25,2607269581,132430
25,2607312781,132444
25,2607355981,132458
25,2607399181,132472
25,2607442381,132486
25,2607485581,132500
25,2607528781,132514
25,2607571981,132528
25,2608288264,132542
25,2610637613,132556
25,2614079210,132570
25,2616361857,132584
25,2618699455,132598
25,2620993853,132612
25,2629213009,132626
25,2629256209,132640
25,2629342609,132654
25,2630973117,132668
25,2633310715,132682
25,2635648313,132696
25,2638374638,132710
25,2641513908,132724
25,2643006634,132738
25,2646203504,132752
25,2648541102,62790
25,2970986293,62820
25,2971029493,62850
25,2971072693,62880
25,2971115893,62910
25,2971159093,62940
25,2971202293,62970
25,2971245493,63000
25,2971331893,63030
25,2971375093,63060
25,2971461493,63090
25,2971504693,63120
25,2971547893,63150
25,2971634293,63180
25,2971677493,63210
25,2971720693,63240
25,2971763893,63270
25,2971807093,63300
25,2971850293,63330
25,2971893493,63360
25,2971936693,63390
25,2971979893,63420
25,3108275478,63450
25,3109465877,63480
25,3109509077,63510
25,3111889875,63539
25,3112062675,63568
25,3112105875,63597
25,3112149075,63626
25,3112192275,63655
25,3112235475,63684
25,3116110022,63713
25,3120698818,63742
25,3125287614,63771
25,3129876410,63800
25,3136759604,63829
25,3143642798,63858
25,3148231594,63887
25,3155114788,63916
25,3158599585,63945
25,3160893983,63974
25,3163231581,64003
25,3165525979,64032
25,3167863577,64061
25,3170157975,64090
25,3318060246,64119
25,3318103446,64148
25,3318146646,64177
25,3318189846,64206
25,3318233046,64235
25,3318276246,64264
25,3318319446,64293
25,3318362646,64322
25,3318405846,64351
25,3318449046,64380
25,3318492246,64409
25,3318535446,64438
25,3318578646,64467
25,3318621846,64496
25,3318665046,64525
25,3318708246,64554
25,3318751446,64583
25,3318794646,64612
25,3318837846,64641
25,3318881046,64670
25,3318924246,64699
25,3318967446,64728
25,3319010646,64757
25,3453170322,64786
25,3453975602,64815
25,3456313200,64844
25,3457503599,64873
25,3458693998,64902
25,3458737198,64931
25,3458780398,64960
25,3458823598,64989
25,3458866798,65018
25,3460057197,65047
25,3460100397,65076
25,3463628394,65105
25,3468260390,65134
25,3472660570,65163
25,3479586964,65192
25,3484305360,65221
25,3495530381,65250
25,3496763980,65279
25,3500801741,65308
25,3508116935,65337
25,3510454533,65366
25,3512748931,65395
25,3515086529,65424
25,3676807024,65453
25,3676850224,65482
25,3676893424,65511
25,3676936624,65540
25,3676979824,65569
25,3677023024,65598
25,3677066224,65627
25,3677109424,65656
25,3677152624,65685
25,3677195824,65713
25,3677239024,65741
25,3677282224,65769
25,3677325424,65797
25,3677368624,65825
25,3677411824,65853
25,3677455024,65881
25,3677498224,65909
25,3677541424,65937
25,3677584624,65965
25,3677627824,65993
25,3677671024,66021
25,3677714224,66049
25,3677757424,66077
25,3833666089,66105
25,3833709289,66133
25,3833752489,66161
25,3833795689,66189
25,3833882089,66217
25,3833925289,66245
25,3833968489,66273
25,3834011689,66301
25,3834054889,66329
25,3834141289,66357
25,3834184489,66385
25,3834227689,66413
25,3834270889,66441
25,3834314089,66469
25,3837040487,66497
25,3837083687,66525
25,3837126887,66553
25,3837170087,66581
25,3838589126,66609
25,3847692168,66637
25,3848882567,66665
25,3854618562,66693
25,3859164158,66721
25,4009953777,66749
25,4009996977,66777
25,4010040177,66805
25,4010126577,66833
25,4010169777,66861
25,4010212977,66889
25,4010256177,66917
25,4010342577,66945
25,4010385777,66973
25,4010472177,67001
25,4010515377,67029
25,4010601777,67057
25,4010644977,67085
25,4010731377,67113
25,4010774577,67141
25,4010817777,67169
25,4010904177,67197
25,4010947377,67225
25,4010990577,67253
25,4012915807,67281
25,4020859800,67309
25,4023326998,67337
25,4028002194,67365
25,4028068263,67393
25,4178933263,67421
25,4178976463,67449
25,4179062863,67477
25,4179106063,67505
25,4179149263,67533
25,4179192463,67561
25,4179278863,67589
25,4179322063,67617
25,4179581263,67645
25,4181918861,67673
25,4184299659,67701
25,4184342859,67729
25,4186680457,67757
25,4187870856,67785
25,4190251654,67813
25,4193779651,67841
25,4196117249,67869
25,4198498047,67897
25,4198541247,67925
25,4199731646,67953
25,4204406842,67981
25,4206787640,68009
25,4209168438,68037
25,4209211638,68064
25,4337025927,68091
25,4338216326,68118
25,4338259526,68145
25,4343107522,68172
25,4345574720,68199
25,4351353915,68226
25,4353734713,68253
25,4356115511,68280
25,4359600308,68307
25,4360833907,68334
25,4360877107,68361
25,4362067506,68388
25,4362110706,68415
25,4362153906,68442
25,4362197106,68469
25,4363387505,68496
25,4366915502,68523
25,4370400299,68550
25,4372737897,68577
25,4376265894,68604
25,4379793891,68631
25,4381027490,68658
25,4382217889,68685
25,4383451488,68712
25,4494014592,68739
25,4494057792,68766
25,4494100992,68793
25,4495291391,68820
25,4497672189,68847
25,4501200186,68874
25,4503580984,68901
25,4503624184,68928
25,4503667384,68955
25,4503753784,68982
25,4503840184,69009
25,4503883384,69036
25,4503926584,69063
25,4503969784,69090
25,4504012984,69117
25,4504056184,69144
25,4504099384,69171
25,4504142584,69198
25,4504185784,69225
25,4504228984,69252
25,4511457951,69279
25,4516089947,69306
25,4520765143,69333
25,4523102741,69360
25,4671998612,69387
25,4672041812,69414
25,4672085012,69441
25,4672128212,69468
25,4672171412,69495
25,4676846608,69522
25,4676889808,69549
25,4677149008,69576
25,4679486606,69603
25,4680677005,69630
25,4681910604,69657
25,4684248202,69684
25,4687732999,69711
25,4693555394,69738
25,4695892992,69765
25,4695936192,69792
25,4695979392,69819
25,4696022592,69846
25,4696065792,69873
25,4696108992,69900
25,4696152192,69927
25,4696195392,69954
25,4702017787,69981
25,4707796982,70008
25,4712428978,70035
25,4840804867,70062
25,4843142465,70089
25,4846627262,70116
25,4848964860,70143
25,4851302458,70170
25,4855934454,70197
25,4855977654,70224
25,4858315252,70251
25,4865241646,70278
25,4865284846,70305
25,4865328046,70332
25,4867665644,70359
25,4867708844,70386
25,4867752044,70413
25,4867795244,70440
25,4873574439,70467
25,4874894438,70494
25,4879569634,70521
25,4884201630,70548
25,4888920026,70574
25,4893552022,70600
25,4894785621,70626
25,4894872021,70652
25,4895001621,70678
25,4895088021,70704
25,5071320719,70730
25,5071363919,70756
25,5071407119,70782
25,5072597518,70808
25,5072640718,70834
25,5073874317,70860
25,5073917517,70886
25,5073960717,70912
25,5074003917,70938
25,5074047117,70964
25,5074090317,70990
25,5074133517,71016
25,5074176717,71042
25,5074219917,71068
25,5074263117,71094
25,5074306317,71120
25,5074349517,71146
25,5074392717,71172
25,5074435917,71198
25,5074522317,71224
25,5074608717,71250
25,5074651917,71276
25,5074695117,71302
25,5074781517,71328
25,5074824717,71354
25,5267813462,71380
25,5267856662,71406
25,5267899862,71432
25,5267986262,71458
25,5268029462,71484
25,5268072662,71510
25,5268115862,71536
25,5268159062,71562
25,5268202262,71588
25,5268245462,71614
25,5268288662,71640
25,5268375062,71666
25,5268418262,71692
25,5268504662,71718
25,5268547862,71744
25,5268591062,71770
25,5268677462,71796
25,5270256661,71822
25,5274888657,71848
25,5278416654,71874
25,5279607053,71900
25,5280797452,71926
25,5282031051,71952
25,5282074251,71978
25,5284411849,72004
25,5433134920,72030
25,5433178120,72056
25,5433221320,72082
25,5433264520,72108
25,5433307720,72134
25,5433350920,72160
25,5435688518,72186
25,5435731718,72212
25,5438155716,72238
25,5440536514,72264
25,5440579714,72290
25,5440666114,72316
25,5440709314,72342
25,5440752514,72368
25,5440795714,72394
25,5443435712,72420
25,5446963709,72446
25,5448154108,72472
25,5450534906,72498
25,5452872504,72524
25,5456400501,72550
25,5459885298,72576
25,5463413295,72602
25,5468045291,72628
25,5471573288,72654
25,5475058085,72680
25,5614862764,72706
25,5614905964,72732
25,5614949164,72758
25,5614992364,72784
25,5615035564,72810
25,5615078764,72836
25,5615121964,72862
25,5615165164,72888
25,5615208364,72914
25,5615251564,72940
25,5615294764,72966
25,5615337964,72992
25,5615381164,73018
25,5618865961,73044
25,5621203559,73070
25,5623541157,73096
25,5625878755,73122
25,5625921955,73148
25,5631701150,73174
25,5636333146,73200
25,5636505946,73226
25,5638843544,73252
25,5642371541,73277
25,5645899538,73302
25,5649384335,73327
25,5654059531,73352
25,5780270622,73377
25,5780313822,73402
25,5780357022,73427
25,5782694620,73452
25,5782737820,73477
25,5786352217,73502
25,5793149011,73527
25,5795616209,73552
25,5800248205,73577
25,5800291405,73602
25,5803776202,73627
25,5812867394,73652
25,5817499390,73677
25,5820984187,73702
25,5823321785,73727
25,5829100980,73752
25,5831438578,73777
25,5837217773,73802
25,5839555371,73827
25,5840875370,73852
25,5843212968,73877
25,5845723366,73902
25,5845809766,73927
25,5845896166,73952
25,5845939366,73977
25,5846025766,74002
25,5950267276,74027
25,5950310476,74052
25,5950353676,74077
25,5950396876,74102
25,5950440076,74127
25,5950483276,74152
25,5950526476,74177
25,5950569676,74202
25,5951760075,74227
25,5954140873,74252
25,5956478471,74277
25,5960092868,74302
25,5962430466,74327
25,5964768064,74352
25,5967105662,74377
25,5972755257,74402
25,5977516853,74427
25,5990179242,74452
25,5997105636,74477
25,6007344027,74502
25,6015417620,74527
25,6023491213,74552
25,6028382409,74577
25,6028425609,74602
25,6028468809,74627
25,6028512009,74652
25,6112319937,74677
25,6112363137,74702
25,6112406337,74727
25,6112449537,74752
25,6112492737,74777
25,6112535937,74802
25,6112579137,74827
25,6112622337,74852
25,6112665537,74877
25,6112708737,74902
25,6112751937,74927
25,6113942336,74952
25,6113985536,74977
25,6116323134,75002
25,6120955130,75027
25,6123292728,75052
25,6127924724,75077
25,6132556720,75102
25,6139483114,75127
25,6141820712,75152
25,6148747106,75177
25,6154655901,75202
25,6175348683,75227
25,6186734273,75252
25,6190348670,75277
25,6200846261,75302
25,6203270259,75327
25,6322554956,75352
25,6322598156,75377
25,6322641356,75402
25,6322684556,75427
25,6322727756,75452
25,6322770956,75477
25,6322814156,75502
25,6322857356,75527
25,6322900556,75552
25,6322943756,75577
25,6322986956,75602
25,6323030156,75627
25,6323073356,75652
25,6323116556,75677
25,6323159756,75702
25,6323202956,75727
25,6323246156,75752
25,6323289356,75777
25,6323332556,75802
25,6323505356,75827
25,6328007752,75852
25,6328050952,75877
25,6328094152,75902
25,6335020546,75927
25,6346535736,75952
25,6362639722,75977
25,6373007713,76002
25,6503006001,76027
25,6505473199,76052
25,6507810797,76077
25,6510148395,76102
25,6510191595,76127
25,6514693991,76152
25,6514737191,76177
25,6517074789,76201
25,6517117989,76225
25,6517290789,76249
25,6519628387,76273
25,6519671587,76297
25,6519714787,76321
25,6522052385,76345
25,6522095585,76369
25,6524433183,76393
25,6524476383,76417
25,6525666782,76441
25,6533610775,76465
25,6537225172,76489
25,6546316364,76513
25,6548697162,76537
25,6551164360,76561
25,6551207560,76585
25,6553674758,76609
25,6553717958,76633
25,6553761158,76657
25,6724885810,76681
25,6724929010,76705
25,6724972210,76729
25,6725015410,76753
25,6725058610,76777
25,6725101810,76801
25,6725145010,76825
25,6725188210,76849
25,6725231410,76873
25,6725274610,76897
25,6725317810,76921
25,6725361010,76945
25,6725404210,76969
25,6725447410,76993
25,6728001008,77017
25,6728044208,77041
25,6728087408,77065
25,6728130608,77089
25,6728173808,77113
25,6728217008,77137
25,6728260208,77161
25,6728303408,77185
25,6728346608,77209
25,6728389808,77233
25,6728433008,77257
25,6728476208,77281
25,6728519408,77305
25,6913972048,77329
25,6914015248,77353
25,6914058448,77377
25,6914101648,77401
25,6915292047,77425
25,6915335247,77449
25,6915378447,77473
25,6915421647,77497
25,6915464847,77521
25,6915508047,77545
25,6915551247,77569
25,6915594447,77593
25,6917932045,77617
25,6917975245,77641
25,6920399243,77665
25,6920442443,77689
25,6921719242,77713
25,6922909641,77737
25,6922952841,77761
25,6925333639,77785
25,6925376839,77809
25,6934061333,77833
25,6936602700,77857
25,6940087497,77881
25,6944719493,77905
25,6951571718,77929
25,6951614918,77953
25,6951658118,77977
25,7150531546,78001
25,7151721945,78025
25,7151765145,78049
25,7151808345,78073
25,7151851545,78097
25,7151894745,78121
25,7151937945,78145
25,7151981145,78169
25,7152024345,78193
25,7152067545,78217
25,7152110745,78241
25,7152153945,78265
25,7152197145,78289
25,7152240345,78313
25,7152283545,78337
25,7152326745,78361
25,7152369945,78385
25,7152413145,78409
25,7152456345,78433
25,7152499545,78457
25,7152542745,78481
25,7152585945,78505
25,7152629145,78529
25,7152672345,78553
25,7152715545,78577
25,7157347541,78601
25,7160961938,78625
25,7168905931,78649
25,7358688167,78673
25,7358860967,78697
25,7358904167,78721
25,7358947367,78745
25,7358990567,78769
25,7359033767,78793
25,7359076967,78817
25,7359120167,78841
25,7359163367,78865
25,7359206567,78889
25,7359249767,78913
25,7359292967,78937
25,7359336167,78961
25,7359379367,78985
25,7363881763,79009
25,7365072162,79033
25,7365115362,79057
25,7372041756,79081
25,7372084956,79105
25,7373404955,79129
25,7375742553,79153
25,7381392148,79177
25,7381435348,79201
25,7382755347,79225
25,7383945746,79249
25,7389595341,79273
25,7390785740,79297
25,7390828940,79321
25,7535870415,79345
25,7535913615,79369
25,7535956815,79392
25,7536000015,79415
25,7536043215,79438
25,7536086415,79461
25,7537406414,79484
25,7540891211,79507
25,7540934411,79530
25,7544419208,79553
25,7546756806,79576
25,7549094404,79599
25,7553596800,79622
25,7555934398,79645
25,7555977598,79668
25,7557297597,79691
25,7565241590,79714
25,7566561589,79737
25,7575782381,79760
25,7583942374,79783
25,7583985574,79806
25,7586452772,79829
25,7586495972,79852
25,7588919970,79875
25,7589006370,79898
25,7589049570,79921
25,7589092770,79944
25,7589135970,79967
25,7688961484,79990
25,7689004684,80013
25,7689047884,80036
25,7689091084,80059
25,7689134284,80082
25,7689177484,80105
25,7689220684,80128
25,7689263884,80151
25,7689307084,80174
25,7689350284,80197
25,7689393484,80220
25,7692878281,80243
25,7695215879,80266
25,7699847875,80289
25,7702185473,80312
25,7709111867,80335
25,7713743863,80358
25,7716081461,80381
25,7718419059,80404
25,7723051055,80427
25,7727683051,80450
25,7730020649,80473
25,7746124635,80496
25,7756622226,80519
25,7777747008,80542
25,7781361405,80565
25,7781404605,80588
25,7781491005,80611
25,7953544111,80634
25,7953587311,80657
25,7953630511,80680
25,7953673711,80703
25,7953716911,80726
25,7953760111,80749
25,7953803311,80772
25,7953846511,80795
25,7953889711,80818
25,7953932911,80841
25,7953976111,80864
25,7954019311,80887
25,7954062511,80910
25,7954105711,80933
25,7954148911,80956
25,7954192111,80979
25,7954235311,81002
25,7954278511,81025
25,7954321711,81048
25,7956659309,81071
25,7956702509,81094
25,7956745709,81117
25,7956918509,81140
25,7956961709,81163
25,7961464105,81186
25,7963801703,81209
25,7968433699,81232
25,7980035289,81255
25,7981225688,81278
25,8160639933,81301
25,8160683133,81324
25,8160726333,81347
25,8160769533,81370
25,8160812733,81393
25,8160855933,81416
25,8160899133,81439
25,8160942333,81462
25,8160985533,81485
25,8161028733,81508
25,8161071933,81531
25,8161115133,81554
25,8163625531,81577
25,8163668731,81600
25,8163711931,81623
25,8166179129,81646
25,8166222329,81669
25,8168689527,81692
25,8173407923,81715
25,8178126319,81738
25,8178169519,81761
25,8180593517,81784
25,8183017515,81807
25,8185441513,81830
25,8187822311,81853
25,8187908711,81876
25,8196694758,81899
25,8201369954,81922
25,8207149149,81945
25,8394377787,81968
25,8394420987,81991
25,8394464187,82014
25,8394507387,82037
25,8394550587,82060
25,8394593787,82083
25,8394636987,82106
25,8397017785,82129
25,8397104185,82152
25,8397147385,82175
25,8397190585,82198
25,8397233785,82221
25,8397276985,82244
25,8397320185,82267
25,8397363385,82290
25,8397406585,82313
25,8397449785,82336
25,8397492985,82359
25,8397536185,82382
25,8397579385,82405
25,8397622585,82428
25,8397665785,82451
25,8397708985,82474
25,8399115384,82497
25,8403747380,82520
25,8407232177,82543
25,8411907373,82566
25,8417686568,82589
25,8421171365,82612
25,8621321592,82635
25,8624849589,82658
25,8627187187,82681
25,8627230387,82704
25,8627273587,82727
25,8627316787,82750
25,8627359987,82773
25,8627403187,82796
25,8628593586,82819
25,8628636786,82841
25,8628679986,82863
25,8628723186,82885
25,8628766386,82907
25,8628809586,82929
25,8628852786,82951
25,8628895986,82973
25,8628939186,82995
25,8628982386,83017
25,8629025586,83039
25,8629068786,83061
25,8629111986,83083
25,8629155186,83105
25,8633787182,83127
25,8637315179,83149
25,8641947175,83171
25,8646579171,83193
25,8653505565,83215
25,8659327960,83237
25,8659543960,83259
25,8863135784,83281
25,8863178984,83303
25,8863222184,83325
25,8863265384,83347
25,8863308584,83369
25,8863351784,83391
25,8863394984,83413
25,8863438184,83435
25,8863481384,83457
25,8863524584,83479
25,8863567784,83501
25,8863610984,83523
25,8863654184,83545
25,8863697384,83567
25,8863740584,83589
25,8863783784,83611
25,8863826984,83633
25,8863870184,83655
25,8863913384,83677
25,8863956584,83699
25,8863999784,83721
25,8864042984,83743
25,8864129384,83765
25,8864172584,83787
25,8864258984,83809
25,8864345384,83831
25,8867856914,83853
25,8875930507,83875
25,8881709702,83897
25,8887488897,83919
25,9077923931,83941
25,9079114330,83963
25,9079157530,83985
25,9081495128,84007
25,9086127124,84029
25,9088464722,84051
25,9097771914,84073
25,9101515911,84095
25,9101559111,84117
25,9101602311,84139
25,9101688711,84161
25,9101731911,84183
25,9101775111,84205
25,9101861511,84227
25,9101904711,84249
25,9101947911,84271
25,9101991111,84293
25,9102034311,84315
25,9102120711,84337
25,9102163911,84359
25,9102207111,84381
25,9102250311,84403
25,9102293511,84425
25,9102336711,84447
25,9102379911,84469
25,9102423111,84491
25,9102466311,84513
25,9102552711,84535
25,9102595911,84557
25,9102639111,84579
25,9284045354,84601
25,9284088554,84623
25,9284131754,84645
25,9284174954,84667
25,9284218154,84689
25,9288850150,84711
25,9291187748,84733
25,9291230948,84755
25,9293741346,84777
25,9298546142,84799
25,9302160539,84821
25,9308069334,84843
25,9308155734,84865
25,9308242134,84887
25,9308328534,84909
25,9308414934,84931
25,9308458134,84953
25,9312844001,84975
25,9317519197,84997
25,9321003994,85019
25,9325679190,85041
25,9329163987,85063
25,9332691984,85085
25,9336219981,85107
25,9339747978,85129
25,9344379974,85151
25,9347864771,85173
25,9352539967,85195
25,9356024764,85217
25,9358362362,85239
25,9540305130,85261
25,9540348330,85283
25,9540391530,85305
25,9540434730,85327
25,9540477930,85349
25,9540521130,85371
25,9540564330,85393
25,9540607530,85415
25,9540650730,85437
25,9540693930,85459
25,9540737130,85481
25,9540780330,85503
25,9543290728,85525
25,9553701919,85547
25,9560671513,85569
25,9560714713,85591
25,9560757913,85613
25,9560801113,85635
25,9561991512,85657
25,9562077912,85679
25,9562121112,85701
25,9562164312,85723
25,9562207512,85745
25,9562250712,85767
25,9562293912,85789
25,9562337112,85811
25,9562380312,85833
25,9562423512,85855
25,9564761110,85877
25,9568245907,85899
25,9800776906,85921
25,9800820106,85943
25,9800863306,85965
25,9800906506,85987
25,9800949706,86009
25,9800992906,86031
25,9801036106,86053
25,9801079306,86075
25,9801122506,86097
25,9801165706,86119
25,9801208906,86141
25,9801252106,86163
25,9801295306,86185
25,9801338506,86207
25,9801381706,86229
25,9801424906,86251
25,9801468106,86273
25,9801511306,86295
25,9801554506,86317
25,9801597706,86339
25,9801640906,86361
25,9801684106,86383
25,9801727306,86405
25,9801770506,86427
25,9801813706,86449
25,9801856906,86471
25,9801943306,86493
25,9801986506,86515
25,9802029706,86537
25,9802072906,86559
25,9802159306,86581
25,10018749404,86602
25,10018792604,86623
25,10018835804,86644
25,10018879004,86665
25,10018922204,86686
25,10018965404,86707
25,10019008604,86728
25,10019051804,86749
25,10019095004,86770
25,10019181404,86791
25,10019224604,86812
25,10019267804,86833
25,10019311004,86854
25,10019354204,86875
25,10019397404,86896
25,10019440604,86917
25,10019483804,86938
25,10019527004,86959
25,10019570204,86980
25,10019613404,87001
25,10022296602,87022
25,10023530201,87043
25,10027014998,87064
25,10028205397,87085
25,10030542995,87106
25,10030586195,87127
25,10037382989,87148
25,10040867786,87169
25,10046646981,87190
25,10047837380,87211
25,10052469376,87232
25,10232901220,87253
25,10232944420,87274
25,10233030820,87295
25,10233074020,87316
25,10233117220,87337
25,10233203620,87358
25,10233246820,87379
25,10233333220,87400
25,10233376420,87421
25,10233419620,87442
25,10233462820,87463
25,10237250017,87484
25,10244176411,87505
25,10248808407,87526
25,10251275605,87547
25,10258072399,87568
25,10263851594,87589
25,10266189192,87610
25,10266232392,87631
25,10266405192,87652
25,10266448392,87673
25,10272097987,87694
25,10274565185,87715
25,10276902783,87736
25,10276945983,87757
25,10276989183,87778
25,10277032383,87799
25,10278222782,87820
25,10280560380,87841
25,10286209975,87862
25,10288547573,87883
25,10448502635,87904
25,10448545835,87925
25,10448589035,87946
25,10448632235,87967
25,10448675435,87988
25,10448761835,88009
25,10448848235,88030
25,10448934635,88051
25,10449021035,88072
25,10452635432,88093
25,10457267428,88114
25,10461899424,88135
25,10467678619,88156
25,10470016217,88177
25,10473630614,88198
25,10480427408,88219
25,10488501001,88240
25,10490968199,88261
25,10494452996,88282
25,10497937793,88303
25,10501422590,88324
25,10507072185,88345
25,10509409783,88366
25,10509452983,88387
25,10509496183,88408
25,10509539383,88429
25,10509582583,88450
25,10509625783,88471
25,10509798583,88492
25,10509841783,88513
25,10509884983,88534
25,10664992049,88555
25,10665035249,88576
25,10665078449,88597
25,10665121649,88618
25,10665164849,88639
25,10665208049,88660
25,10665337649,88681
25,10665424049,88702
25,10665510449,88723
25,10665596849,88744
25,10665640049,88765
25,10666028849,88786
25,10675120041,88807
25,10677457639,88828
25,10682089635,88849
25,10684427233,88870
25,10689059229,88891
25,10693691225,88912
25,10696158423,88933
25,10699643220,88954
25,10707587213,88975
25,10710054411,88996
25,10713539208,89017
25,10720336002,89038
25,10722673600,89059
25,10722716800,89080
25,10722760000,89101
25,10722803200,89122
25,10722976000,89143
25,10723019200,89164
25,10723062400,89185
25,10724252799,89206
25,10882844662,89227
25,10892151854,89248
25,10906220642,89269
25,10916675033,89290
25,10924835026,89311
25,10931631820,89332
25,10933969418,89353
25,10938601414,89374
25,10940939012,89395
25,10945571008,89416
25,10945614208,89437
25,10945657408,89458
25,10945700608,89479
25,10945743808,89500
25,10946934207,89521
25,10946977407,89542
25,10947020607,89563
25,10947063807,89584
25,10947107007,89605
25,10947150207,89626
25,10952929402,89647
25,10955267000,89668
25,10955310200,89689
25,10956630199,89710
25,10962279794,89731
25,10962452594,89752
25,10967127790,89773
25,11123295655,89794
25,11125849253,89815
25,11142212439,89836
25,11149311633,89857
25,11149354833,89878
25,11153857229,89899
25,11153900429,89920
25,11153943629,89941
25,11156281227,89962
25,11156324427,89983
25,11156367627,90004
25,11158705225,90025
25,11158748425,90046
25,11161129223,90067
25,11161172423,90088
25,11163510021,90109
25,11163553221,90130
25,11164743620,90151
25,11164786820,90172
25,11164830020,90193
25,11164873220,90214
25,11164916420,90235
25,11167297218,90256
25,11167340418,90277
25,11167383618,90298
25,11168660417,90319
25,11169850816,90340
25,11169894016,90361
25,11169937216,90382
25,11169980416,90403
25,11170023616,90424
25,11170066816,90445
25,11281407520,90466
25,11281450720,90487
25,11281493920,90508
25,11281537120,90529
25,11286385116,90550
25,11286644316,90571
25,11286817116,90592
25,11286989916,90613
25,11288170275,90634
25,11292907050,90655
25,11299080778,90676
25,11302948529,90697
25,11311829527,90717
25,11321050319,90737
25,11330271111,90757
25,11332608709,90777
25,11342674300,90797
25,11342717500,90817
25,11346245497,90837
25,11348583095,90857
25,11353328320,90877
25,11359107515,90897
25,11363782711,90917
25,11363825911,90937
25,11373003503,90957
25,11373046703,90977
25,11376048672,90997
25,11381827867,91017
25,11393653085,91037
25,11393696285,91057
25,11402873877,91077
25,11407505873,91097
25,11513626152,91117
25,11513669352,91137
25,11513712552,91157
25,11513755752,91177
25,11513798952,91197
25,11513842152,91217
25,11520182947,91237
25,11520269347,91257
25,11520312547,91277
25,11520398947,91297
25,11520485347,91317
25,11520571747,91337
25,11520658147,91357
25,11520787747,91377
25,11520830947,91397
25,11520917347,91417
25,11525482144,91437
25,11530157340,91457
25,11532494938,91477
25,11534832536,91497
25,11537170134,91517
25,11541802130,91537
25,11541845330,91557
25,11544182928,91577
25,11547278965,91597
25,11550763762,91617
25,11553101360,91637
25,11556586157,91657
25,11567892935,91677
25,11569083334,91697
25,11572611331,91717
25,11572654531,91737
25,11577200127,91757
25,11709941224,91777
25,11709984424,91797
25,11710027624,91817
25,11710070824,91837
25,11710114024,91857
25,11710200424,91877
25,11710243624,91897
25,11710286824,91917
25,11710330024,91937
25,11710373224,91957
25,11710459624,91977
25,11710502824,91997
25,11710589224,92017
25,11710675624,92037
25,11710718824,92057
25,11711513050,92077
25,11716145046,92097
25,11720820242,92117
25,11726169899,92137
25,11731274633,92157
25,11734716230,92177
25,11739305026,92197
25,11742746623,92217
25,11746015493,92237
25,11747335419,92257
25,11749673017,92277
25,11757680614,92297
25,11761208611,92317
25,11764224429,92337
25,11767752426,92357
25,11772254822,92377
25,11773531621,92397
25,11773574821,92417
25,11906040307,92437
25,11906083507,92457
25,11906169907,92477
25,11906213107,92497
25,11906256307,92517
25,11906299507,92537
25,11906342707,92557
25,11906385907,92577
25,11906429107,92597
25,11906472307,92617
25,11906515507,92637
25,11906558707,92657
25,11906601907,92677
25,11906688307,92697
25,11906731507,92717
25,11906774707,92737
25,11906817907,92757
25,11906904307,92777
25,11906947507,92797
25,11907033907,92817
25,11907679354,92837
25,11911207351,92857
25,11915882547,92877
25,11919367344,92897
25,11928225888,92917
25,11932857884,92937
25,11937533080,92957
25,11943312275,92977
25,11947987471,92997
25,11953809866,93017
25,11953853066,93037
25,11954431314,93057
25,11957071239,93077
25,12056823787,93097
25,12059204585,93117
25,12059247785,93137
25,12061585383,93157
25,12066303779,93177
25,12069831776,93197
25,12073359773,93217
25,12078034969,93237
25,12080415767,93257
25,12083943764,93277
25,12089766159,93297
25,12092146957,93317
25,12095761354,93337
25,12095804554,93357
25,12095890954,93377
25,12095977354,93397
25,12096063754,93417
25,12102897738,93437
25,12106425735,93457
25,12111057731,93477
25,12116836926,93497
25,12119174524,93517
25,12121555322,93537
25,12125040119,93557
25,12126230518,93577
25,12128568116,93597
25,12132052913,93617
25,12135580910,93637
25,12139195307,93657
25,12142440054,93677
25,12149366448,93697
25,12156379242,93717
25,12158716840,93737
25,12269742004,93757
25,12276711598,93777
25,12279092396,93797
25,12279135596,93817
25,12280325995,93837
25,12280369195,93857
25,12280412395,93877
25,12280455595,93897
25,12280498795,93917
25,12280541995,93937
25,12280585195,93957
25,12281818794,93977
25,12286493990,93997
25,12292359585,94017
25,12298138780,94037
25,12303917975,94057
25,12311991568,94077
25,12318917962,94097
25,12327207555,94117
25,12334177149,94137
25,12336557947,94157
25,12338895545,94177
25,12340388344,94197
25,12340431544,94217
25,12340517944,94237
25,12340561144,94257
25,12340604344,94277
25,12340690744,94297
25,12342374241,94317
25,12347006237,94337
25,12351638233,94357
25,12356270229,94377
25,12358607827,94397
25,12498326370,94417
25,12505252764,94437
25,12509884760,94457
25,12514516756,94477
25,12514559956,94497
25,12514603156,94517
25,12514646356,94537
25,12514689556,94557
25,12514732756,94577
25,12514775956,94597
25,12514819156,94617
25,12514862356,94637
25,12514905556,94657
25,12514948756,94677
25,12514991956,94697
25,12515035156,94717
25,12515078356,94737
25,12515121556,94757
25,12515164756,94777
25,12526679946,94797
25,12542783932,94817
25,12549710326,94837
25,12552047924,94857
25,12557913519,94877
25,12561743916,94897
25,12561830316,94917
25,12561873516,94937
25,12561916716,94957
25,12562003116,94977
25,12562046316,94997
25,12562089516,95017
25,12562434892,95037
25,12565962889,95057
25,12570594885,95077
25,12729105370,95097
25,12729148570,95117
25,12729191770,95137
25,12731529368,95157
25,12738628562,95177
25,12742156559,95197
25,12744494157,95217
25,12744537357,95237
25,12744580557,95256
25,12744623757,95275
25,12744666957,95294
25,12744710157,95313
25,12744753357,95332
25,12744796557,95351
25,12744839757,95370
25,12746030156,95389
25,12746073356,95408
25,12746116556,95427
25,12746159756,95446
25,12746202956,95465
25,12746246156,95484
25,12746289356,95503
25,12748670154,95522
25,12753345350,95541
25,12760444544,95560
25,12765162940,95579
25,12767543738,95598
25,12768777337,95617
25,12768863737,95636
25,12768993337,95655
25,12769036537,95674
25,12769122937,95693
25,12769166137,95712
25,12772300312,95731
25,12925892857,95750
25,12928316855,95769
25,12928360055,95788
25,12929550454,95807
25,12931931252,95826
25,12931974452,95845
25,12932017652,95864
25,12933251251,95883
25,12933294451,95902
25,12934484850,95921
25,12934528050,95940
25,12934571250,95959
25,12934614450,95978
25,12934657650,95997
25,12934700850,96016
25,12934744050,96035
25,12937124848,96054
25,12944267242,96073
25,12947838439,96092
25,12953704034,96111
25,12956084832,96130
25,12958508830,96149
25,12961141508,96168
25,12965816704,96187
25,12970491900,96206
25,12975167096,96225
25,12979842292,96244
25,12987617420,96263
25,12995431813,96282
25,13001254208,96301
25,13005929404,96320
25,13012670100,96339
25,13017345296,96358
25,13022422190,96377
25,13119906171,96396
25,13119949371,96415
25,13119992571,96434
25,13120035771,96453
25,13120078971,96472
25,13120122171,96491
25,13122459769,96510
25,13122502969,96529
25,13124883767,96548
25,13127264565,96567
25,13129645363,96586
25,13132026161,96605
25,13134406959,96624
25,13136787757,96643
25,13139125355,96662
25,13143168717,96681
25,13147843913,96700
25,13152432709,96719
25,13159359103,96738
25,13159402303,96757
25,13165224698,96776
25,13165311098,96795
25,13169730129,96814
25,13173214926,96833
25,13176699723,96852
25,13185916350,96871
25,13189401147,96890
25,13197474740,96909
25,13200959537,96928
25,13205634733,96947
25,13210309929,96966
25,13214985125,96985
25,13220807520,97004
25,13224292317,97023
25,13313667532,97042
25,13313710732,97061
25,13313753932,97080
25,13317238729,97099
25,13320766726,97118
25,13323147524,97137
25,13325485122,97156
25,13327865920,97175
25,13330203518,97194
25,13332584316,97213
25,13337259512,97232
25,13341934708,97251
25,13345462705,97270
25,13347843503,97289
25,13347886703,97308
25,13354810135,97327
25,13362883728,97346
25,13366368525,97365
25,13368878923,97384
25,13370112522,97403
25,13370198922,97422
25,13373816281,97441
25,13380785875,97460
25,13391601681,97479
25,13396276877,97498
25,13400908873,97517
25,13407878467,97536
25,13409068866,97555
25,13409112066,97574
25,13409155266,97593
25,13409198466,97612
25,13415020861,97631
25,13427726450,97650
25,13429348849,97669
25,13433360230,97688
25,13506195367,97707
25,13506238567,97726
25,13506281767,97745
25,13513294561,97764
25,13519116956,97783
25,13521454554,97802
25,13523835352,97821
25,13526216150,97840
25,13527406549,97859
25,13529744147,97878
25,13532124945,97897
25,13537990540,97916
25,13547297732,97935
25,13554417006,97954
25,13570391392,97973
25,13577447386,97992
25,13580975383,98011
25,13584503380,98030
25,13592620173,98049
25,13599589767,98068
25,13605671362,98087
25,13606433793,98106
25,13613360187,98125
25,13619139382,98144
25,13623228979,98163
25,13623272179,98182
25,13623401779,98201
25,13623488179,98220
25,13623617779,98239
25,13623704179,98258
25,13623833779,98277
25,13625844865,98296
25,13636169656,98315
25,13644200049,98334
25,13653377641,98353
25,13793030557,98372
25,13793073757,98391
25,13793116957,98410
25,13793160157,98429
25,13793203357,98448
25,13793246557,98467
25,13793289757,98486
25,13795627355,98505
25,13800259351,98524
25,13804891347,98543
25,13809523343,98562
25,13814155339,98581
25,13818787335,98600
25,13823419331,98619
25,13828051327,98638
25,13832683323,98657
25,13835020921,98676
25,13837617719,98695
25,13837704119,98714
25,13838700681,98733
25,13840063880,98752
25,13841467317,98771
25,13841615867,98790
25,13841729479,98809
25,13841902279,98828
25,13842031879,98847
25,13842118279,98866
25,13842291079,98885
25,13842377479,98904
25,13844801477,98923
25,13844887877,98942
25,13851684671,98961
25,13857895866,98980
25,13860190264,98999
25,13862527862,99018
25,13985494155,99037
25,13985537355,99056
25,13985580555,99075
25,13985623755,99094
25,13985666955,99113
25,13985710155,99132
25,13985753355,99151
25,13988090953,99170
25,13990428551,99189
25,13995060547,99208
25,13995103747,99227
25,13995146947,99246
25,13997484545,99265
25,13997527745,99284
25,13999865343,99303
25,14002202941,99322
25,14006834937,99341
25,14011466933,99360
25,14018393327,99379
25,14041682907,99398
25,14054647696,99417
25,14054734096,99436
25,14054777296,99455
25,14054820496,99474
25,14054863696,99493
25,14054906896,99512
25,14054950096,99531
25,14055036496,99550
25,14055079696,99569
25,14055166096,99588
25,14055252496,99607
25,14057892494,99626
25,14064818888,99645
25,14067804486,99664
25,14070468596,99683
25,14195772487,99702
25,14195815687,99721
25,14195858887,99740
25,14195902087,99759
25,14195945287,99778
25,14195988487,99797
25,14196031687,99816
25,14196074887,99835
25,14196118087,99854
25,14196161287,99873
25,14196204487,99892
25,14200836483,99911
25,14205468479,99930
25,14210100475,99949
25,14214732471,99968
25,14217070069,99987
25,14219407667,100006
25,14226334061,100025
25,14233390055,100044
25,14234666854,100063
25,14235857253,100082
25,14245380445,100101
25,14250142041,100120
25,14259535633,100139
25,14264297229,100158
25,14264383629,100177
25,14264470029,100196
25,14264556429,100215
25,14267858399,100234
25,14270282397,100252
25,14272903307,100270
25,14275240905,100288
25,14277621703,100306
25,14281149700,100324
25,14283487298,100342
25,14287015295,100360
25,14435267260,100378
25,14435310460,100396
25,14435353660,100414
25,14435396860,100432
25,14435440060,100450
25,14435483260,100468
25,14435526460,100486
25,14435569660,100504
25,14440244856,100522
25,14442625654,100540
25,14446196851,100558
25,14449724848,100576
25,14449768048,100594
25,14450958447,100612
25,14451001647,100630
25,14451044847,100648
25,14451088047,100666
25,14451131247,100684
25,14451174447,100702
25,14451217647,100720
25,14451260847,100738
25,14453641645,100756
25,14458316841,100774
25,14468857632,100792
25,14468944032,100810
25,14469933425,100828
25,14475712620,100846
25,14479610329,100864
25,14488576015,100882
25,14493251211,100900
25,14496692808,100918
25,14500220805,100936
25,14500307205,100954
25,14507819371,100972
25,14512969594,100990
25,14517601590,101008
25,14656038976,101026
25,14657229375,101044
25,14659610173,101062
25,14661990971,101080
25,14664371769,101098
25,14664414969,101116
25,14664458169,101134
25,14664501369,101152
25,14664544569,101170
25,14664587769,101188
25,14664630969,101206
25,14664674169,101224
25,14664717369,101242
25,14664760569,101260
25,14664803769,101278
25,14664846969,101296
25,14664890169,101314
25,14664933369,101332
25,14664976569,101350
25,14665019769,101368
25,14665062969,101386
25,14665149369,101404
25,14665192569,101422
25,14665235769,101440
25,14665278969,101458
25,14665322169,101476
25,14669560454,101494
25,14673803723,101512
25,14677634047,101530
25,14685448513,101548
25,14689149237,101566
25,14698297605,101584
25,14704120000,101602
25,14709942395,101620
25,14719206387,101638
25,14723838383,101656
25,14895747895,101674
25,14895791095,101692
25,14895834295,101710
25,14895877495,101728
25,14895920695,101746
25,14895963895,101764
25,14896007095,101782
25,14896050295,101800
25,14896093495,101818
25,14896136695,101836
25,14896179895,101854
25,14896223095,101872
25,14896266295,101890
25,14896309495,101908
25,14896352695,101926
25,14896395895,101944
25,14896439095,101962
25,14896482295,101980
25,14896525495,101998
25,14896568695,102016
25,14896611895,102034
25,14896655095,102052
25,14896698295,102070
25,14899165493,102088
25,14908429485,102106
25,14915399079,102124
25,14925810270,102142
25,14933883863,102160
25,14940095058,102178
25,14940224658,102196
25,14943744092,102214
25,14949609687,102232
25,14953094484,102250
25,14956622481,102268
25,14961297677,102286
25,14964791037,102304
25,15158788705,102322
25,15158831905,102340
25,15158875105,102358
25,15158918305,102376
25,15158961505,102394
25,15160151904,102412
25,15160195104,102430
25,15160238304,102448
25,15160281504,102466
25,15160324704,102484
25,15160367904,102502
25,15160411104,102520
25,15162835102,102538
25,15163007902,102556
25,15163051102,102574
25,15163094302,102592
25,15163137502,102610
25,15163180702,102628
25,15163223902,102646
25,15163439902,102664
25,15167529499,102682
25,15167572699,102700
25,15167659099,102718
25,15167745499,102736
25,15167788699,102754
25,15167875099,102772
25,15167918299,102790
25,15168004699,102808
25,15168134299,102826
25,15168220699,102844
25,15168307099,102862
25,15173692760,102880
25,15176030358,102898
25,15180705554,102916
25,15184233551,102934
25,15187718348,102952
25,15190055946,102970
25,15344738651,102988
25,15344781851,103006
25,15347119449,103024
25,15351751445,103042
25,15354089043,103060
25,15356426641,103078
25,15358764239,103096
25,15365690633,103114
25,15368028231,103132
25,15377249023,103150
25,15389066613,103168
25,15400668203,103186
25,15407983397,103204
25,15408069797,103222
25,15408112997,103240
25,15408199397,103258
25,15408242597,103276
25,15408328997,103294
25,15408415397,103312
25,15408501797,103330
25,15408544997,103348
25,15411320977,103366
25,15415909773,103384
25,15420498569,103402
25,15427381763,103420
25,15434264957,103438
25,15441148151,103456
25,15445736947,103474
25,15450325743,103492
25,15462532151,103510
25,15469501745,103528
25,15476471339,103546
25,15477704938,103564
25,15484356697,103582
25,15484399897,103600
25,15492603090,103618
25,15497451086,103636
25,15619572580,103654
25,15619615780,103672
25,15619658980,103690
25,15619702180,103708
25,15619745380,103726
25,15620935779,103744
25,15620978979,103762
25,15621022179,103780
25,15621065379,103798
25,15621108579,103816
25,15621151779,103834
25,15627017374,103852
25,15644484559,103870
25,15644614159,103888
25,15644700559,103906
25,15644786959,103924
25,15644916559,103942
25,15649717571,103960
25,15664237578,103978
25,15671207172,103996
25,15676986367,104014
25,15677029567,104032
25,15678219966,104050
25,15678263166,104068
25,15678306366,104086
25,15678349566,104104
25,15683024762,104122
25,15687699958,104140
25,15694669552,104158
25,15701682346,104176
25,15708204505,104194
25,15715189534,104212
25,15716533514,104230
25,15719975111,104248
25,15723416708,104266
25,15735619912,104284
25,15736810311,104302
25,15889752579,104320
25,15889795779,104338
25,15889838979,104356
25,15889882179,104374
25,15889925379,104392
25,15889968579,104410
25,15890054979,104428
25,15890098179,104446
25,15890141379,104464
25,15890184579,104482
25,15890227779,104500
25,15890270979,104518
25,15890314179,104536
25,15904555767,104554
25,15904642167,104572
25,15904814967,104590
25,15910299746,104608
25,15917269340,104626
25,15925386133,104644
25,15926835732,104662
25,15926965332,104680
25,15927008532,104698
25,15927181332,104716
25,15927310932,104734
25,15927397332,104752
25,15927613332,104770
25,15927699732,104788
25,15927829332,104806
25,15927958932,104824
25,15928088532,104842
25,15928218132,104860
25,15932307729,104878
25,15938043724,104896
25,15943822919,104914
25,15948498115,104932
25,15951939712,104950
25,15955381309,104968
25,16148561942,104986
25,16148605142,105004
25,16148648342,105022
25,16148734742,105040
25,16148777942,105058
25,16148821142,105076
25,16148907542,105094
25,16148993942,105112
25,16149037142,105130
25,16150294740,105148
25,16150424340,105166
25,16150510740,105184
25,16150597140,105202
25,16150769940,105220
25,16150856340,105238
25,16150942740,105256
25,16151072340,105274
25,16151158740,105292
25,16151245140,105310
25,16151374740,105328
25,16151504340,105346
25,16151547540,105364
25,16151633940,105382
25,16151806740,105400
25,16151893140,105418
25,16152065940,105436
25,16155158388,105454
25,16163447981,105472
25,16171564774,105490
25,16178491168,105508
25,16185960034,105526
25,16191825629,105544
25,16198838423,105562
25,16204660818,105580
25,16212105539,105598
25,16217496007,105616
25,16220980804,105634
25,16408834573,105652
25,16408877773,105670
25,16408920973,105688
25,16408964173,105706
25,16409007373,105724
25,16409093773,105742
25,16409136973,105760
25,16409180173,105778
25,16409223373,105796
25,16409266573,105814
25,16409352973,105831
25,16409396173,105848
25,16409439373,105865
25,16409525773,105882
25,16409568973,105899
25,16409612173,105916
25,16409655373,105933
25,16409741773,105950
25,16412102240,105967
25,16415587037,105984
25,16419115034,106001
25,16422599831,106018
25,16426127828,106035
25,16429612625,106052
25,16433140622,106069
25,16440779561,106086
25,16440822761,106103
25,16440865961,106120
25,16443203559,106137
25,16446688356,106154
25,16447878755,106171
25,16451363552,106188
25,16455453149,106205
25,16457790747,106222
25,16461275544,106239
25,16464760341,106256
25,16468245138,106273
25,16470582736,106290
25,16624456203,106307
25,16624499403,106324
25,16624585803,106341
25,16624629003,106358
25,16624672203,106375
25,16624715403,106392
25,16624758603,106409
25,16624801803,106426
25,16624845003,106443
25,16624888203,106460
25,16624931403,106477
25,16625017803,106494
25,16625104203,106511
25,16625147403,106528
25,16625190603,106545
25,16625493003,106562
25,16630168199,106579
25,16633696196,106596
25,16637180993,106613
25,16641856189,106630
25,16646531385,106647
25,16652396980,106664
25,16658219375,106681
25,16662894571,106698
25,16667569767,106715
25,16673392162,106732
25,16673564962,106749
25,16673651362,106766
25,16673737762,106783
25,16673780962,106800
25,16673867362,106817
25,16680142045,106834
25,16686007640,106851
25,16692305162,106868
25,16698886029,106885
25,16708106821,106902
25,16714231543,106919
25,16723452335,106936
25,16838514649,106953
25,16838557849,106970
25,16840895447,106987
25,16843233045,107004
25,16843276245,107021
25,16845613843,107038
25,16850245839,107055
25,16852583437,107072
25,16854921035,107089
25,16859553031,107106
25,16861890629,107123
25,16866522625,107140
25,16875743417,107157
25,16887258607,107174
25,16894185001,107191
25,16903405793,107208
25,16910764187,107225
25,16916845782,107242
25,16919874580,107259
25,16920047380,107276
25,16920133780,107293
25,16920263380,107310
25,16920392980,107327
25,16923036277,107344
25,16923165877,107361
25,16923295477,107378
25,16926564161,107395
25,16933447355,107412
25,16938036151,107429
25,16943772146,107446
25,16949508141,107463
25,16955244136,107480
25,16960980131,107497
25,16967863325,107514
25,16974746519,107531
25,16981629713,107548
25,16988512907,107565
25,16995396101,107582
25,17146567169,107599
25,17146610369,107616
25,17147800768,107633
25,17147843968,107650
25,17147887168,107667
25,17147930368,107684
25,17147973568,107701
25,17148016768,107718
25,17148059968,107735
25,17148103168,107752
25,17148146368,107769
25,17148189568,107786
25,17155221562,52440
25,17442093587,52476
25,17442136787,52512
25,17442179987,52548
25,17442223187,52584
25,17638303018,52620
25,17638346218,52656
25,17639709417,52692
25,17639752617,52728
25,17642133415,52764
25,17642176615,52800
25,17642219815,52836
25,17644600613,52872
25,17644643813,52908
25,17644687013,52943
25,17644730213,52978
25,17644773413,53013
25,17644816613,53048
25,17644859813,53083
25,17647240611,53118
25,17650768608,53153
25,17653149406,53188
25,17655573404,53223
25,17655616604,53258
25,17794619684,53293
25,17795810083,53328
25,17798234081,53363
25,17804099676,53398
25,17806653274,53433
25,17806739674,53468
25,17809466072,53503
25,17814141268,53538
25,17820006863,53573
25,17826976457,53608
25,17832798852,53643
25,17838664447,53678
25,17842149244,53713
25,17846824440,53748
25,17850352437,53783
25,17856174832,53818
25,17857581231,53853
25,17857710831,53888
25,17857754031,53923
25,17978142727,53958
25,17982817923,53993
25,17987493119,54028
25,17992254715,54063
25,17992297915,54098
25,17992341115,54133
25,17992384315,54168
25,17992427515,54203
25,17992470715,54238
25,17992557115,54273
25,17992816315,54308
25,17998017248,54343
25,18006177241,54378
25,18015441233,54413
25,18024705225,54447
25,18033969217,54481
25,18038644413,54515
25,18043276409,54549
25,18046761206,54583
25,18183636685,54617
25,18183679885,54651
25,18183723085,54685
25,18183766285,54719
25,18183809485,54753
25,18188441481,54787
25,18194263876,54821
25,18201190270,54855
25,18203787068,54889
25,18203830268,54923
25,18203873468,54957
25,18203916668,54991
25,18203959868,55025
25,18204003068,55059
25,18221556653,55093
25,18233115043,55127
25,18244716633,55161
25,18251014228,55195
25,18251230228,55229
25,18366728855,55263
25,18366772055,55297
25,18366815255,55331
25,18366858455,55365
25,18366901655,55399
25,18366944855,55433
25,18366988055,55467
25,18367031255,55501
25,18369368853,55535
25,18376295247,55569
25,18385516039,55603
25,18392442433,55637
25,18394780031,55671
25,18394823231,55705
25,18397160829,55739
25,18399498427,55773
25,18413308015,55807
25,18424996005,55841
25,18430991200,55875
25,18437960794,55909
25,18511117532,55943
25,18511160732,55977
25,18511203932,56011
25,18511247132,56045
25,18511290332,56078
25,18511333532,56111
25,18511376732,56144
25,18511419932,56177
25,18511463132,56210
25,18513800730,56243
25,18516224728,56276
25,18519795925,56309
25,18524514321,56342
25,18529189517,56375
25,18531527115,56408
25,18536159111,56441
25,18540791107,56474
25,18554600695,56507
25,18568410283,56540
25,18589103065,56573
25,18704662966,56606
25,18704749366,56639
25,18704792566,56672
25,18704878966,56705
25,18704922166,56738
25,18704965366,56771
25,18705051766,56804
25,18705094966,56837
25,18705138166,56870
25,18706131489,56903
25,18706174689,56936
25,18708635989,56969
25,18713224785,57002
25,18724340610,57035
25,18728972606,57068
25,18733604602,57101
25,18739513397,57134
25,18745378992,57167
25,18748018990,57200
25,18753841385,57233
25,18925095637,57266
25,18925138837,57299
25,18925225237,57332
25,18925398037,57365
25,18925484437,57398
25,18925570837,57431
25,18925657237,57464
25,18925700437,57497
25,18925786837,57530
25,18925830037,57563
25,18925873237,57596
25,18925916437,57629
25,18926002837,57662
25,18926089237,57695
25,18929804239,57728
25,18934393035,57760
25,18939002235,57792
25,18943591031,57824
25,18948159423,57856
25,18958115818,57888
25,19116386080,57920
25,19121018076,57952
25,19123355674,57984
25,19125693272,58016
25,19128030870,58048
25,19133810065,58080
25,19145627655,58112
25,19156427646,58144
25,19156600446,58176
25,19156686846,58208
25,19156773246,58240
25,19156816446,58272
25,19156859646,58304
25,19156902846,58336
25,19156989246,58368
25,19157075646,58400
25,19159202247,58432
25,19166085441,58464
25,19172968635,58496
25,19179851829,58528
25,19298461985,58560
25,19298505185,58592
25,19298548385,58624
25,19298591585,58656
25,19302076382,58688
25,19306708378,58720
25,19311340374,58752
25,19320561166,58784
25,19336665152,58816
25,19344997945,58848
25,19360127532,58880
25,19367269926,58912
25,19378914716,58944
25,19387204309,58976
25,19387290709,59008
25,19387420309,59040
25,19387506709,59072
25,19387593109,59104
25,19390043648,59136
25,19396926842,59168
25,19403810036,59200
25,19590044454,59232
25,19590087654,59264
25,19590130854,59296
25,19590174054,59328
25,19590217254,59360
25,19590260454,59392
25,19590303654,59424
25,19590346854,59456
25,19590390054,59488
25,19592770852,59520
25,19592814052,59551
25,19592857252,59582
25,19599956446,59613
25,19616362832,59644
25,19618786830,59675
25,19618916430,59706
25,19619002830,59737
25,19624110026,59768
25,19632226819,59799
25,19634607617,59830
25,19640473212,59861
25,19793717880,59892
25,19793761080,59923
25,19793804280,59954
25,19793847480,59985
25,19793890680,60016
25,19798565876,60047
25,19800946674,60078
25,19804517871,60109
25,19808089068,60140
25,19811746665,60171
25,19815317862,60202
25,19819949858,60233
25,19824581854,60264
25,19829386650,60295
25,19836356244,60326
25,19839884241,60357
25,19842221839,60388
25,19844602637,60419
25,19846940235,60450
25,19851615431,60481
25,19853996229,60512
25,19998279305,60543
25,19998322505,60574
25,19998365705,60605
25,19998408905,60636
25,20000746503,60667
25,20003127301,60698
25,20003170501,60729
25,20005551299,60760
25,20009122496,60791
25,20012607293,60822
25,20017282489,60853
25,20019663287,60884
25,20020896886,60915
25,20024381683,60946
25,20024468083,60977
25,20024554483,61008
25,20024640883,61039
25,20024684083,61070
25,20024770483,61101
25,20024813683,61132
25,20024856883,61163
25,20170589558,61194
25,20170632758,61225
25,20171823157,61256
25,20178835951,61287
25,20183511147,61318
25,20187039144,61349
25,20190567141,61380
25,20194095138,61411
25,20197623135,61442
25,20200003933,61472
25,20202341531,61502
25,20205869528,61532
25,20209354325,61562
25,20214029521,61592
25,20217557518,61622
25,20222232714,61652
25,20225760711,61682
25,20230392707,61712
25,20235154303,61742
25,20239959099,61772
25,20244634295,61802
25,20249309491,61832
25,20381910678,61862
25,20381953878,61892
25,20381997078,61922
25,20382040278,61952
25,20384377876,61982
25,20387905873,62012
25,20390286671,62042
25,20396065866,62072
25,20400741062,62102
25,20403078660,62132
25,20407753856,62162
25,20412429052,62192
25,20415913849,62222
25,20420589045,62252
25,20424073842,62282
25,20424117042,62312
25,20426454640,62342
25,20431086636,62372
25,20440307428,62402
25,20449528220,62432
25,20458792212,62462
25,20462493009,62492
25,20640048971,62522
25,20640092171,62552
25,20640135371,62582
25,20640178571,62612
25,20641368970,62642
25,20646000966,62672
25,20652927360,62702
25,20657559356,62732
25,20662191352,62762
25,20666823348,62792
25,20671455344,62822
25,20676087340,62852
25,20678424938,62882
25,20678468138,62912
25,20678511338,62942
25,20678554538,62972
25,20678597738,63002
25,20678640938,63032
25,20678684138,63062
25,20678727338,63092
25,20678770538,63122
25,20685696932,63152
25,20855045659,63182
25,20855088859,63212
25,20855132059,63242
25,20855175259,63272
25,20855218459,63302
25,20856408858,63332
25,20863335252,63362
25,20867967248,63392
25,20872599244,63422
25,20877231240,63452
25,20881863236,63482
25,20886495232,63511
25,20886538432,63540
25,20886581632,63569
25,20886624832,63598
25,20888962430,63627
25,20889005630,63656
25,20889048830,63685
25,20889092030,63714
25,20889135230,63743
25,20889178430,63772
25,20889221630,63801
25,21046062724,63830
25,21046105924,63859
25,21050781120,63888
25,21055413116,63917
25,21055456316,63946
25,21055499516,63975
25,21057837114,64004
25,21057880314,64033
25,21057923514,64062
25,21057966714,64091
25,21058009914,64120
25,21060347512,64149
25,21060390712,64178
25,21060433912,64207
25,21062771510,64236
25,21067403506,64265
25,21072035502,64294
25,21076667498,64323
25,21079005096,64352
25,21083637092,64381
25,21088269088,64410
25,21092901084,64439
25,21097533080,64468
25,21235642060,64497
25,21240317256,64526
25,21243845253,64555
25,21248520449,64584
25,21252048446,64613
25,21256766842,64642
25,21260294839,64671
25,21262632437,64700
25,21265013235,64729
25,21267394033,64758
25,21270878830,64787
25,21273216428,64816
25,21275554026,64845
25,21280186022,64874
25,21284818018,64903
25,21289450014,64932
25,21294082010,64961
25,21296419608,64990
25,21301051604,65019
25,21305683600,65048
25,21310315596,65077
25,21314947592,65106
25,21319579588,65135
25,21458280268,65164
25,21458323468,65193
25,21458366668,65222
25,21458409868,65251
25,21458496268,65280
25,21467923731,65309
25,21472598927,65338
25,21480542920,65367
25,21485174916,65396
25,21489806912,65425
25,21494438908,65454
25,21499070904,65483
25,21503702900,65512
25,21508334896,65541
25,21511819693,65570
25,21518746087,65599
25,21523378083,65628
25,21528010079,65657
25,21532642075,65686
25,21537274071,65714
25,21541906067,65742
25,21546538063,65770
25,21551170059,65798
25,21689472180,65826
25,21692976178,65854
25,21693148978,65882
25,21693408178,65910
25,21693624178,65938
25,21693840178,65966
25,21694056178,65994
25,21697214463,66022
25,21701803259,66050
25,21706392055,66078
25,21710980851,66106
25,21715569647,66134
25,21728827066,66162
25,21733459062,66190
25,21738091058,66218
25,21742723054,66246
25,21747355050,66274
25,21751987046,66302
25,21756619042,66330
25,21761251038,66358
25,21765883034,66386
25,21770515030,66414
25,21775147026,66442
25,21962913265,66470
25,21962956465,66498
25,21962999665,66526
25,21963042865,66554
25,21963086065,66582
25,21963129265,66610
25,21963172465,66638
25,21963215665,66666
25,21963258865,66694
25,21963302065,66722
25,21963345265,66750
25,21963388465,66778
25,21963431665,66806
25,21963474865,66834
25,21963518065,66862
25,21963561265,66890
25,21963604465,66918
25,21963647665,66946
25,21963820465,66974
25,21971764458,67002
25,21974102056,67030
25,21978734052,67058
25,21983366048,67086
25,22163212293,67114
25,22163255493,67142
25,22163341893,67170
25,22163428293,67198
25,22163514693,67226
25,22163601093,67254
25,22163687493,67282
25,22163773893,67310
25,22163860293,67338
25,22163903493,67366
25,22166845891,67394
25,22170417088,67422
25,22175092284,67450
25,22179767480,67478
25,22184442676,67506
25,22189117872,67534
25,22193793068,67562
25,22198425064,67590
25,22205221858,67618
25,22212148252,67646
25,22216780248,67674
25,22221412244,67702
25,22224897041,67730
25,22226217040,67758
25,22385370503,67786
25,22385456903,67814
25,22385500103,67842
25,22385543303,67870
25,22385586503,67898
25,22385672903,67926
25,22385716103,67954
25,22385759303,67982
25,22385802503,68010
25,22385845703,68038
25,22385888903,68065
25,22386018503,68092
25,22386104903,68119
25,22390302364,68146
25,22396340759,68173
25,22411556336,68200
25,22422010727,68227
25,22426685923,68254
25,22432465118,68281
25,22439434712,68308
25,22441815510,68335
25,22447637905,68362
25,22452313101,68389
25,22456945097,68416
25,22624239352,68443
25,22630104947,68470
25,22631684146,68497
25,22631770546,68524
25,22631943346,68551
25,22632072946,68578
25,22632159346,68605
25,22632245746,68632
25,22632375346,68659
25,22633239346,68686
25,22639061741,68713
25,22646031335,68740
25,22650706531,68767
25,22657676125,68794
25,22662308121,68821
25,22669277715,68848
25,22673952911,68875
25,22680922505,68902
25,22685597701,68929
25,22692610495,68956
25,22696095292,68983
25,22705532084,69010
25,22712588078,69037
25,22717306474,69064
25,22851288758,69091
25,22851331958,69118
25,22853712756,69145
25,22857283953,69172
25,22857413553,69199
25,22857499953,69226
25,22857586353,69253
25,22857715953,69280
25,22857759153,69307
25,22864013548,69334
25,22871026342,69361
25,22880333534,69388
25,22890744725,69415
25,22900008717,69442
25,22918536701,69469
25,22923859897,69496
25,22923989497,69523
25,22924205497,69550
25,22928583501,69577
25,22942349889,69604
25,22949233083,69631
25,22953821879,69658
25,22958410675,69685
25,22970166757,69712
25,22974841953,69739
25,23136141013,69766
25,23136184213,69793
25,23136227413,69820
25,23136270613,69847
25,23136313813,69874
25,23140945809,69901
25,23145837005,69928
25,23149537802,69955
25,23156507396,69982
25,23164667389,70009
25,23171680183,70036
25,23184385772,70063
25,23188561769,70090
25,23188604969,70117
25,23188734569,70144
25,23188777769,70171
25,23188820969,70198
25,23188950569,70225
25,23189080169,70252
25,23189468969,70279
25,23189900969,70306
25,23198948068,70333
25,23213147349,70360
25,23220116943,70387
25,23224835339,70414
25,23428667162,70441
25,23428710362,70468
25,23428753562,70495
25,23428796762,70522
25,23428839962,70549
25,23428883162,70575
25,23428926362,70601
25,23429012762,70627
25,23431479960,70653
25,23432084760,70679
25,23432214360,70705
25,23432300760,70731
25,23432387160,70757
25,23432516760,70783
25,23432775960,70809
25,23433121560,70835
25,23433423960,70861
25,23433553560,70887
25,23433683160,70913
25,23433812760,70939
25,23438338335,70965
25,23445351129,70991
25,23456952719,71017
25,23470891907,71043
25,23481475898,71069
25,23634269292,71095
25,23634312492,71121
25,23643533284,71147
25,23655048474,71173
25,23666563664,71199
25,23678078854,71225
25,23687299646,71251
25,23694226040,71277
25,23701411634,71303
25,23713013224,71329
25,23724115615,71355
25,23724202015,71381
25,23724288415,71407
25,23724374815,71433
25,23724461215,71459
25,23724547615,71485
25,23724590815,71511
25,23724634015,71537
25,23724720415,71563
25,23724806815,71589
25,23724893215,71615
25,23728094813,71641
25,23732688276,71667
25,23739571470,71693
25,23744155599,71719
25,23886451475,71745
25,23886494675,71771
25,23886537875,71797
25,23886581075,71823
25,23887771474,71849
25,23887814674,71875
25,23897035466,71901
25,23903961860,71927
25,23906299458,71953
25,23910931454,71979
25,23915563450,72005
25,23930520237,72031
25,23951213019,72057
25,23967317005,72083
25,23982964992,72109
25,23989219387,72135
25,23989305787,72161
25,23989392187,72187
25,23989435387,72213
25,23989478587,72239
25,23989521787,72265
25,23989608187,72291
25,23989694587,72317
25,23989824187,72343
25,23989910587,72369
25,24157204842,72395
25,24157248042,72421
25,24157291242,72447
25,24157334442,72473
25,24157377642,72499
25,24157420842,72525
25,24157464042,72551
25,24157507242,72577
25,24157550442,72603
25,24157593642,72629
25,24158784041,72655
25,24158827241,72681
25,24158870441,72707
25,24163502437,72733
25,24168134433,72759
25,24193416011,72785
25,24224822384,72811
25,24235492775,72837
25,24235535975,72863
25,24235579175,72889
25,24235665575,72915
25,24235708775,72941
25,24235751975,72967
25,24235881575,72993
25,24235967975,73019
25,24236054375,73045
25,24396959836,73071
25,24397003036,73097
25,24397046236,73123
25,24397089436,73149
25,24397132636,73175
25,24397175836,73201
25,24397219036,73227
25,24397262236,73253
25,24397305436,73278
25,24397348636,73303
25,24397391836,73328
25,24397435036,73353
25,24397478236,73378
25,24397521436,73403
25,24397564636,73428
25,24401049433,73453
25,24417153419,73478
25,24421785415,73503
25,24424123013,73528
25,24426460611,73553
25,24431092607,73578
25,24433430205,73603
25,24435767803,73628
25,24442694197,73653
25,24449620591,73678
25,24456546985,73703
25,24589463672,73728
25,24589506872,73753
25,24589550072,73778
25,24589593272,73803
25,24591930870,73828
25,24595415667,73853
25,24597753265,73878
25,24597796465,73903
25,24597839665,73928
25,24597882865,73953
25,24597926065,73978
25,24597969265,74003
25,24598012465,74028
25,24598055665,74053
25,24600393263,74078
25,24600436463,74103
25,24602774061,74128
25,24607406057,74153
25,24612038053,74178
25,24616670049,74203
25,24621302045,74228
25,24625934041,74253
25,24630566037,74278
25,24635198033,74303
25,24639830029,74328
25,24644462025,74353
25,24808050685,74378
25,24808180285,74403
25,24808223485,74428
25,24808266685,74453
25,24808309885,74478
25,24808353085,74503
25,24808396285,74528
25,24808439485,74553
25,24808482685,74578
25,24808525885,74603
25,24808569085,74628
25,24808612285,74653
25,24810105084,74678
25,24816901878,74703
25,24819239476,74728
25,24823871472,74753
25,24826209070,74778
25,24830841066,74803
25,24833178664,74828
25,24837810660,74853
25,24842442656,74878
25,24847074652,74903
25,24849412250,74928
25,24854044246,74953
25,24856381844,74978
25,24861013840,75003
25,25022332101,75028
25,25022418501,75053
25,25022461701,75078
25,25022504901,75103
25,25022548101,75128
25,25022591301,75153
25,25022677701,75178
25,25022720901,75203
25,25022764101,75228
25,25022807301,75253
25,25022850501,75278
25,25022893701,75303
25,25022980101,75328
25,25023066501,75353
25,25023152901,75378
25,25023239301,75403
25,25023282501,75428
25,25030415315,75453
25,25035090511,75478
25,25039765707,75503
25,25043250504,75528
25,25046778501,75553
25,25050306498,75578
25,25053834495,75603
25,25058509691,75628
25,25061994488,75653
25,25066669684,75678
25,25206215163,75703
25,25219050352,75728
25,25228400744,75753
25,25229850343,75778
25,25229936743,75803
25,25229979943,75828
25,25230023143,75853
25,25230066343,75878
25,25230109543,75903
25,25230152743,75928
25,25230239143,75953
25,25230282343,75978
25,25230368743,76003
25,25230411943,76028
25,25234238186,76053
25,25238826982,76078
25,25243415778,76103
25,25248008728,76128
25,25253740569,76153
25,25259476564,76178
25,25269503109,76202
25,25274178305,76226
25,25281147899,76250
25,25287013494,76274
25,25295130287,76298
25,25300995882,76322
25,25303333480,76346
25,25417401339,76370
25,25439414120,76394
25,25448721312,76418
25,25451058910,76442
25,25453439708,76466
25,25453482908,76490
25,25454673307,76514
25,25454716507,76538
25,25454759707,76562
25,25454802907,76586
25,25458330904,76610
25,25463006100,76634
25,25468828495,76658
25,25473676491,76682
25,25473762891,76706
25,25473806091,76730
25,25473892491,76754
25,25474269030,76778
25,25478857826,76802
25,25484593821,76826
25,25490329816,76850
25,25497213010,76874
25,25504225804,76898
25,25512342597,76922
25,25522149101,76946
25,25538563927,76970
25,25550208717,76994
25,25691371772,77018
25,25691414972,77042
25,25693752570,77066
25,25696214966,77090
25,25697467764,77114
25,25697510964,77138
25,25698763762,77162
25,25699954161,77186
25,25702354158,77210
25,25702397358,77234
25,25702440558,77258
25,25702483758,77282
25,25702526958,77306
25,25704926955,77330
25,25709683749,77354
25,25710936547,77378
25,25718050138,77402
25,25727458127,77426
25,25737014916,77450
25,25737206916,77474
25,25737349316,77498
25,25737541316,77522
25,25737683716,77546
25,25737826116,77570
25,25738512219,77594
25,25743144215,77618
25,25756990939,77642
25,25876726836,77666
25,25876770036,77690
25,25879107634,77714
25,25879150834,77738
25,25879194034,77762
25,25879237234,77786
25,25879280434,77810
25,25883014827,77834
25,25883058027,77858
25,25883101227,77882
25,25883144427,77906
25,25883187627,77930
25,25885587624,77954
25,25886778023,77978
25,25894976414,78002
25,25902027606,78026
25,25907869200,78050
25,25914976392,78074
25,25922045186,78098
25,25932499577,78122
25,25939512371,78146
25,25946481965,78170
25,25953494759,78194
25,25960464353,78218
25,25961654752,78242
25,25961697952,78266
25,25961741152,78290
25,25963233951,78314
25,26095224237,78338
25,26097605035,78362
25,26098795434,78386
25,26101133032,78410
25,26102366631,78434
25,26103557030,78458
25,26103600230,78482
25,26103643430,78506
25,26104833829,78530
25,26104877029,78554
25,26104920229,78578
25,26104963429,78602
25,26105006629,78626
25,26106197028,78650
25,26107387427,78674
25,26107430627,78698
25,26110958624,78722
25,26114443421,78746
25,26117971418,78770
25,26123793813,78794
25,26131953806,78818
25,26145849794,78842
25,26150524990,78866
25,26155200186,78890
25,26159875382,78914
25,26164550578,78938
25,26168035375,78962
25,26170545773,78986
25,26297731263,79010
25,26302406459,79034
25,26304787257,79058
25,26309462453,79082
25,26310652852,79106
25,26314180849,79130
25,26318812845,79154
25,26318856045,79178
25,26318899245,79202
25,26318942445,79226
25,26318985645,79250
25,26319028845,79274
25,26319072045,79298
25,26319115245,79322
25,26319158445,79346
25,26323833641,79370
25,26326171239,79393
25,26331993634,79416
25,26335478431,79439
25,26337859229,79462
25,26342534425,79485
25,26347209621,79508
25,26349590419,79531
25,26353118416,79554
25,26357750412,79577
25,26362382408,79600
25,26367014404,79623
25,26373940798,79646
25,26502662287,79669
25,26507337483,79692
25,26511969479,79715
25,26516644675,79738
25,26521319871,79761
25,26527142266,79784
25,26530670263,79807
25,26535345459,79830
25,26542271853,79853
25,26542315053,79876
25,26542358253,79899
25,26542401453,79922
25,26542444653,79945
25,26542487853,79968
25,26542531053,79991
25,26544868651,80014
25,26548353448,80037
25,26552985444,80060
25,26558764639,80083
25,26562249436,80106
25,26566881432,80129
25,26572660627,80152
25,26576145424,80175
25,26581924619,80198
25,26584262217,80221
25,26591188611,80244
25,26594673408,80267
25,26600452603,80290
25,26708265310,80313
25,26711793307,80336
25,26723438097,80359
25,26728156493,80382
25,26734022088,80405
25,26738740484,80428
25,26743458880,80451
25,26748090876,80474
25,26752722872,80497
25,26757354868,80520
25,26761986864,80543
25,26764324462,80566
25,26764367662,80589
25,26764410862,80612
25,26764454062,80635
25,26764497262,80658
25,26764540462,80681
25,26764583662,80704
25,26764626862,80727
25,26764670062,80750
25,26764713262,80773
25,26764756462,80796
25,26769388458,80819
25,26774020454,80842
25,26783241246,80865
25,26787873242,80888
25,26795946835,80911
25,26802873229,80934
25,26810946822,80957
25,26930706719,80980
25,26930749919,81003
25,26930793119,81026
25,26930836319,81049
25,26930879519,81072
25,26937849113,81095
25,26951658701,81118
25,26965468289,81141
25,26976983479,81164
25,26983909873,81187
25,26990836267,81210
25,26996615462,81233
25,27001247458,81256
25,27003585056,81279
25,27003628256,81302
25,27003671456,81325
25,27003714656,81348
25,27003757856,81371
25,27003801056,81394
25,27003844256,81417
25,27003887456,81440
25,27007372253,81463
25,27007415453,81486
25,27007458653,81509
25,27007501853,81532
25,27007545053,81555
25,27007588253,81578
25,27008778652,81601
25,27017999444,81624
25,27124621752,81647
25,27124751352,81670
25,27124880952,81693
25,27125010552,81716
25,27126416951,81739
25,27132239346,81762
25,27136914542,81785
25,27142736937,81808
25,27149706531,81831
25,27156632925,81854
25,27168148115,81877
25,27179663305,81900
25,27182000903,81923
25,27184338501,81946
25,27184381701,81969
25,27184424901,81992
25,27184468101,82015
25,27186805699,82038
25,27186848899,82061
25,27189186497,82084
25,27189229697,82107
25,27189272897,82130
25,27189316097,82153
25,27193948093,82176
25,27198580089,82199
25,27203212085,82222
25,27207844081,82245
25,27212476077,82268
25,27217108073,82291
25,27334338371,82314
25,27334381571,82337
25,27335571970,82360
25,27339488767,82383
25,27339575167,82406
25,27339661567,82429
25,27339704767,82452
25,27339791167,82475
25,27339877567,82498
25,27339963967,82521
25,27340050367,82544
25,27340136767,82567
25,27340179967,82590
25,27341043967,82613
25,27345762363,82636
25,27350394359,82659
25,27359485551,82682
25,27364117547,82705
25,27368749543,82728
25,27375675937,82751
25,27380307933,82774
25,27384939929,82797
25,27389571925,82820
25,27391909523,82842
25,27394247121,82864
25,27394290321,82886
25,27394333521,82908
25,27396671119,82930
25,27396714319,82952
25,27504594225,82974
25,27504637425,82996
25,27510416620,83018
25,27520784611,83040
25,27530005403,83062
25,27539226195,83084
25,27546411789,83106
25,27552493384,83128
25,27556064581,83150
25,27556150981,83172
25,27556237381,83194
25,27556280581,83216
25,27556366981,83238
25,27559179779,83260
25,27568486971,83282
25,27578984562,83304
25,27585954156,83326
25,27595304548,83348
25,27595390948,83370
25,27601256543,83392
25,27603637341,83414
25,27603680541,83436
25,27603723741,83458
25,27603766941,83480
25,27606104539,83502
25,27614048532,83524
25,27616386130,83546
25,27621018126,83568
25,27623355724,83590
25,27627987720,83612
25,27717512442,83634
25,27717555642,83656
25,27717598842,83678
25,27718789241,83700
25,27725715635,83722
25,27734936427,83744
25,27741906021,83766
25,27748962015,83788
25,27755974809,83810
25,27763117203,83832
25,27771320396,83854
25,27776125192,83876
25,27776211592,83898
25,27776297992,83920
25,27776384392,83942
25,27776470792,83964
25,27782725187,83986
25,27799001973,84008
25,27811793962,84030
25,27818806756,84052
25,27831339545,84074
25,27838265939,84096
25,27838309139,84118
25,27838352339,84140
25,27840689937,84162
25,27840733137,84184
25,27844217934,84206
25,27848849930,84228
25,27853481926,84250
25,27858113922,84272
25,27949088243,84294
25,27949131443,84316
25,27950321842,84338
25,27951555441,84360
25,27956230637,84382
25,27960905833,84404
25,27966771428,84426
25,27971446624,84448
25,27976121820,84470
25,27981987415,84492
25,27987809810,84514
25,27992485006,84536
25,27994909004,84558
25,27995038604,84580
25,27995125004,84602
25,27995168204,84624
25,28001336199,84646
25,28013067389,84668
25,28024755379,84690
25,28032915372,84712
25,28038737767,84734
25,28045534561,84756
25,28050166557,84778
25,28054798553,84800
25,28059430549,84822
25,28064062545,84844
25,28068694541,84866
25,28073326537,84888
25,28077958533,84910
25,28082590529,84932
25,28182070443,84954
25,28182113643,84976
25,28182156843,84998
25,28184494441,85020
25,28188065638,85042
25,28192740834,85064
25,28196268831,85086
25,28202091226,85108
25,28204558424,85130
25,28213649616,85152
25,28215987214,85174
25,28220619210,85196
25,28225251206,85218
25,28229883202,85240
25,28234515198,85262
25,28239147194,85284
25,28241527992,85306
25,28250964784,85328
25,28256830379,85350
25,28266180771,85372
25,28275574363,85394
25,28283734356,85416
25,28287391953,85438
25,28295335946,85460
25,28301115141,85482
25,28305747137,85504
25,28309231934,85526
25,28315011129,85548
25,28319643125,85570
25,28405276651,85592
25,28408817448,40710
25,28662802831,40756
25,28674318021,40802
25,28678950017,40848
25,28692759605,40894
25,28700031599,40940
25,28701524398,40986
25,28701610798,41032
25,28701826798,41078
25,28701913198,41124
25,28702042798,41170
25,28702172398,41216
25,28702215598,41262
25,28769357940,41308
25,28774033136,41354
25,28785634726,41400
25,28790309922,41446
25,28799530714,41491
25,28800850713,41536
25,28815677900,41581
25,28827193090,41626
25,28835266683,41671
25,28843340276,41716
25,28852561068,41761
25,28859487462,41806
25,28863101859,41851
25,28864378658,41896
25,28864465058,41941
25,28901680111,41986
25,28901766511,42031
25,28901809711,42076
25,28903235310,42121
25,28906726507,42166
25,28910217704,42211
25,28913659301,42256
25,28921838494,42301
25,28932361685,42346
25,28943672076,42390
25,28965514273,42434
25,28974735065,42478
25,28986250255,42522
25,28997765445,42566
25,29004691839,42610
25,29055211795,42654
25,29064432587,42698
25,29072808580,42742
25,29079778174,42786
25,29083306171,42830
25,29086834168,42874
25,29091509364,42918
25,29097331759,42962
25,29104301353,43006
25,29106682151,43050
25,29109019749,43094
25,29111400547,43138
25,29113109346,43182
25,29113195746,43226
25,29113282146,43270
25,29181614887,43314
25,29189688480,43357
25,29197762073,43400
25,29206982865,43443
25,29211614861,43486
25,29217394056,43529
25,29221094853,43572
25,29223518851,43615
25,29227133248,43658
25,29228323647,43701
25,29230704445,43744
25,29234232442,43787
25,29238907638,43830
25,29242435635,43873
25,29247110831,43916
25,29308603578,43959
25,29308689978,44002
25,29308733178,44045
25,29313710774,44088
25,29318558770,44131
25,29329967611,44174
25,29336939256,44217
25,29339276854,44260
25,29341614452,44303
25,29343952050,44345
25,29346289648,44387
25,29350921644,44429
25,29355553640,44471
25,29360185636,44513
25,29366008031,44555
25,29435444771,44597
25,29436635170,44639
25,29442587165,44681
25,29448409560,44723
25,29454231955,44765
25,29467023944,44807
25,29471915140,44849
25,29480247933,44891
25,29483775930,44933
25,29487303927,44975
25,29491979123,45017
25,29495507120,45059
25,29497931118,45101
25,29500398316,45143
25,29501588715,45185
25,29503926313,45227
25,29575484651,45269
25,29579012648,45311
25,29584878243,45353
25,29589553439,45394
25,29595375834,45435
25,29598860631,45476
25,29598903831,45517
25,29602518228,45558
25,29608340623,45599
25,29614206218,45640
25,29623513410,45681
25,29631673403,45722
25,29636348599,45763
25,29637798198,45804
25,29642473394,45845
25,29647191790,45886
25,29702689342,45927
25,29702775742,45968
25,29702991742,46009
25,29708446999,46050
25,29717754191,46091
25,29725914184,46132
25,29728251782,46173
25,29729485381,46214
25,29731822979,46255
25,29736498175,46296
25,29742363770,46337
25,29745891767,46378
25,29749376564,46419
25,29754051760,46460
25,29758726956,46500
25,29763358952,46540
25,29834614890,46580
25,29843835682,46620
25,29853056474,46660
25,29863683665,46700
25,29872534858,46740
25,29872664458,46780
25,29872794058,46820
25,29873242068,46860
25,29877874064,46900
25,29883610059,46940
25,29889346054,46980
25,29893934850,47020
25,29898523646,47060
25,29905406840,47100
25,29909995636,47140
25,29922732055,47180
25,29999853588,47220
25,29999896788,47260
25,29999939988,47300
25,30012602377,47340
25,30033295159,47380
25,30033338359,47420
25,30035675957,47460
25,30044896749,47500
25,30056411939,47540
25,30067927129,47580
25,30077191121,47620
25,30089983110,47659
25,30090415110,47698
25,30090501510,47737
25,30090587910,47776
25,30090631110,47815
25,30090674310,47854
25,30144066675,47893
25,30144109875,47932
25,30144153075,47971
25,30144196275,48010
25,30158005863,48049
25,30160343461,48088
25,30164975457,48127
25,30171901851,48166
25,30178828245,48205
25,30178871445,48244
25,30188092237,48283
25,30208785019,48322
25,30220300209,48361
25,30232962598,48400
25,30243460189,48439
25,30255104979,48478
25,30258676176,48517
25,30317288926,48556
25,30317418526,48595
25,30318824925,48634
25,30320015324,48673
25,30321292123,48712
25,30321335323,48751
25,30321378523,48790
25,30321421723,48829
25,30321464923,48868
25,30321508123,48906
25,30322698522,48944
25,30322741722,48982
25,30326356119,49020
25,30332480505,49058
25,30345013294,49096
25,30361117280,49134
25,30365749276,49172
25,30462589192,49210
25,30468411587,49248
25,30474277182,49286
25,30477891579,49324
25,30477934779,49362
25,30477977979,49400
25,30481505976,49438
25,30486310772,49476
25,30486526772,49514
25,30490486769,49552
25,30496352364,49590
25,30503321958,49628
25,30509144353,49666
25,30513819549,49704
25,30518494745,49742
25,30522022742,49780
25,30524446740,49818
25,30583299489,49856
25,30598385876,49894
25,30612281864,49932
25,30619294658,49970
25,30622822655,50008
25,30626350652,50046
25,30626393852,50084
25,30626437052,50122
25,30628774650,50159
25,30634640245,50196
25,30640505840,50233
25,30649813032,50270
25,30659120224,50307
25,30663838620,50344
25,30663925020,50381
25,30664011420,50418
25,30667755417,50455
25,30672430613,50492
25,30737192157,50529
25,30737278557,50566
25,30737451357,50603
25,30737624157,50640
25,30740264155,50677
25,30748424148,50714
25,30753142544,50751
25,30757817740,50788
25,30757860940,50825
25,30761388937,50862
25,30770696129,50899
25,30779960121,50936
25,30785825716,50973
25,30790500912,51010
25,30795176108,51047
25,30799851304,51084
25,30804526500,51121
25,30808011297,51158
25,30888358427,51195
25,30888401627,51232
25,30897622419,51269
25,30906886411,51306
25,30912555207,51343
25,30912771207,51380
25,30912900807,51417
25,30912987207,51454
25,30913116807,51491
25,30917620369,51527
25,30923855676,51563
25,30930325958,51599
25,30934914754,51635
25,30939503550,51671
25,30944092346,51707
25,30957234870,51743
25,30963057265,51779
25,30967689261,51815
25,31041455597,51851
25,31041498797,51887
25,31041541997,51923
25,31046173993,51959
25,31062277979,51995
25,31071498771,52031
25,31080719563,52067
25,31085351559,52103
25,31089983555,52139
25,31096909949,52175
25,31106130741,52211
25,31117732331,52247
25,31127039523,52283
25,31136605915,52319
25,31136692315,52355
25,31136951515,52391
25,31139437890,52427
25,31142965887,52463
25,31216972246,52499
25,31217015446,52535
25,31217058646,52571
25,31217101846,52607
25,31217145046,52643
25,31218335445,52679
25,31218378645,52715
25,31220716243,52751
25,31225348239,52787
25,31232274633,52823
25,31239201027,52859
25,31250716217,52895
25,31255348213,52931
25,31257685811,52966
25,31262317807,53001
25,31269244201,53036
25,31280759391,53071
25,31292274581,53106
25,31303962571,53141
25,31389479298,53176
25,31389522498,53211
25,31389565698,53246
25,31389608898,53281
25,31389652098,53316
25,31393396095,53351
25,31396924092,53386
25,31406015284,53421
25,31408352882,53456
25,31410690480,53491
25,31410733680,53526
25,31410776880,53561
25,31413114478,53596
25,31413157678,53631
25,31413200878,53666
25,31415538476,53701
25,31417876074,53736
25,31422508070,53771
25,31431728862,53806
25,31560992750,53841
25,31561122350,53876
25,31561165550,53911
25,31561208750,53946
25,31561251950,53981
25,31561381550,54016
25,31561511150,54051
25,31561640750,54086
25,31561770350,54121
25,31561856750,54156
25,31564885548,54191
25,31568413545,54226
25,31573088741,54261
25,31577720737,54296
25,31583586332,54331
25,31587071129,54366
25,31590599126,54401
25,31594127123,54436
25,31598802319,54470
25,31722027812,54504
25,31732482203,54538
25,31733715802,54572
25,31733759002,54606
25,31737286999,54640
25,31741962195,54674
25,31747827790,54708
25,31747914190,54742
25,31748000590,54776
25,31748130190,54810
25,31748216590,54844
25,31748302990,54878
25,31748346190,54912
25,31755877384,54946
25,31761699779,54980
25,31765184576,55014
25,31769859772,55048
25,31774534968,55082
25,31781547762,55116
25,31830464520,55150
25,31855968199,55184
25,31865275391,55218
25,31874582583,55252
25,31882785776,55286
25,31888608171,55320
25,31890945769,55354
25,31890988969,55388
25,31891032169,55422
25,31894560166,55456
25,31900425761,55490
25,31907395355,55524
25,31914408149,55558
25,31917892946,55592
25,31922524942,55626
25,31927156938,55660
25,31936377730,55694
25,31941009726,55728
25,31947936120,55762
25,32024860854,55796
25,32024904054,55830
25,32025033654,55864
25,32025120054,55898
25,32025249654,55932
25,32031806449,55966
25,32034187247,56000
25,32036568045,56034
25,32036611245,56067
25,32040139242,56100
25,32044857638,56133
25,32049576034,56166
25,32054251230,56199
25,32058926426,56232
25,32063601622,56265
25,32067086419,56298
25,32071718415,56331
25,32076350411,56364
25,32080982407,56397
25,32085614403,56430
25,32182022319,56463
25,32192390310,56496
25,32200463903,56529
25,32209684695,56562
25,32215507090,56595
25,32216697489,56628
25,32219639887,56661
25,32219726287,56694
25,32219812687,56727
25,32219899087,56760
25,32219942287,56793
25,32220028687,56826
25,32221624552,56859
25,32226213348,56892
25,32230802144,56925
25,32235390940,56958
25,32239979736,56991
25,32244568532,57024
25,32249157328,57057
25,32253746124,57090
25,32337275651,57123
25,32345349244,57156
25,32354570036,57189
25,32361496430,57222
25,32370717222,57255
25,32377643616,57288
25,32386864408,57321
25,32396085200,57354
25,32405305992,57387
25,32405349192,57420
25,32405392392,57453
25,32413509185,57486
25,32422773177,57519
25,32432080369,57552
25,32440240362,57585
25,32449504354,57618
25,32453291551,57651
25,32453377951,57684
25,32453464351,57717
25,32453550751,57749
25,32528275574,57781
25,32528318774,57813
25,32528361974,57845
25,32528405174,57877
25,32528448374,57909
25,32528491574,57941
25,32528534774,57973
25,32528577974,58005
25,32537798766,58037
25,32542430762,58069
25,32547062758,58101
25,32553989152,58133
25,32565504342,58165
25,32570136338,58197
25,32577062732,58229
25,32580677129,58261
25,32581867528,58293
25,32586499524,58325
25,32588837122,58357
25,32598144314,58389
25,32707363420,58421
25,32707406620,58453
25,32707449820,58485
25,32707709020,58517
25,32710089818,58549
25,32713661015,58581
25,32716085013,58613
25,32717318612,58645
25,32718595411,58677
25,32722123408,58709
25,32725694605,58741
25,32726885004,58773
25,32726928204,58805
25,32729309002,58837
25,32736321796,58869
25,32744265789,58901
25,32750044984,58933
25,32753529781,58965
25,32757014578,58997
25,32761646574,59029
25,32767512169,59061
25,32884156868,59093
25,32890022463,59125
25,32890195263,59157
25,32890324863,59189
25,32890411263,59221
25,32890497663,59253
25,32890584063,59285
25,32890627263,59317
25,32892379262,59349
25,32898201657,59381
25,32904024052,59413
25,32907552049,59445
25,32913374444,59477
25,32918049640,59509
25,32923828835,59541
25,32931945628,59572
25,32934326426,59603
25,32937854423,59634
25,32939304022,59665
25,32939390422,59696
25,32939476822,59727
25,33014303957,59758
25,33030537543,59789
25,33043329532,59820
25,33052636724,59851
25,33061943916,59882
25,33068956710,59913
25,33078307102,59944
25,33085319896,59975
25,33087873494,60006
25,33087916694,60037
25,33093911889,60068
25,33100881483,60099
25,33107851077,60130
25,33113673472,60161
25,33120599866,60192
25,33126422261,60223
25,33132244656,60254
25,33137265452,60285
25,33137395052,60316
25,33137524652,60347
25,33137611052,60378
25,33184017412,60409
25,33184060612,60440
25,33184103812,60471
25,33184147012,60502
25,33184190212,60533
25,33186571010,60564
25,33188908608,60595
25,33199406199,60626
25,33207566192,60657
25,33219210982,60688
25,33227370975,60719
25,33240162964,60750
25,33247089358,60781
25,33249426956,60812
25,33249470156,60843
25,33258690948,60874
25,33267911740,60905
25,33277132532,60936
25,33286353324,60967
25,33290985320,60998
25,33293322918,61029
25,33377476446,61060
25,33377519646,61091
25,33377606046,61122
25,33377649246,61153
25,33377692446,61184
25,33377735646,61215
25,33377822046,61246
25,33377865246,61277
25,33377951646,61308
25,33378038046,61339
25,33378124446,61370
25,33378167646,61401
25,33380591644,61432
25,33385266840,61463
25,33389898836,61493
25,33393426833,61523
25,33396911630,61553
25,33399335628,61583
25,33401673226,61613
25,33406305222,61643
25,33413361216,61673
25,33419226811,61703
25,33551327496,61733
25,33560548288,61763
25,33569769080,61793
25,33579249072,61823
25,33579594672,61853
25,33579681072,61883
25,33579724272,61913
25,33579810672,61943
25,33579897072,61973
25,33579983472,62003
25,33580069872,62033
25,33584200475,62063
25,33591083669,62093
25,33597966863,62123
25,33604850057,62153
25,33611733251,62183
25,33616322047,62213
25,33620910843,62243
25,33625499639,62273
25,33630088435,62303
25,33639096300,62333
25,33643771496,62363
25,33720633829,62393
25,33727560223,62423
25,33732192219,62453
25,33734529817,62483
25,33743750609,62513
25,33752971401,62543
25,33759897795,62573
25,33778468979,62603
25,33793512166,62633
25,33802819358,62663
25,33812126550,62693
25,33814507348,62723
25,33814550548,62753
25,33814593748,62783
25,33815784147,62813
25,33826281738,62843
25,33835588930,62873
25,33844051323,62903
25,33844180923,62933
25,33844267323,62963
25,33844353723,62993
25,33849720119,63023
25,33921235257,63053
25,33921278457,63083
25,33921321657,63113
25,33921364857,63143
25,33921408057,63173
25,33921451257,63203
25,33921494457,63233
25,33922684856,63263
25,33929611250,63293
25,33938832042,63323
25,33958593625,63353
25,33966796818,63383
25,33972619213,63413
25,33978441608,63443
25,33984264003,63473
25,33990129598,63503
25,34006363184,63532
25,34009847981,63561
25,34009891181,63590
25,34016860775,63619
25,34023873569,63648
25,34032076762,63677
25,34141295868,63706
25,34141339068,63735
25,34141382268,63764
25,34141511868,63793
25,34141555068,63822
25,34141598268,63851
25,34141641468,63880
25,34141684668,63909
25,34141727868,63938
25,34141771068,63967
25,34141814268,63996
25,34141857468,64025
25,34146532664,64054
25,34148913462,64083
25,34151294260,64112
25,34151337460,64141
25,34153718258,64170
25,34156142256,64199
25,34158479854,64228
25,34165492648,64257
25,34172505442,64286
25,34178284637,64315
25,34181812634,64344
25,34317546917,64373
25,34324559711,64402
25,34329234907,64431
25,34332806104,64460
25,34337481300,64489
25,34341009297,64518
25,34344494094,64547
25,34348022091,64576
25,34349428490,64605
25,34349558090,64634
25,34349644490,64663
25,34349774090,64692
25,34349860490,64721
25,34349946890,64750
25,34350033290,64779
25,34350119690,64808
25,34350162890,64837
25,34354665286,64866
25,34357002884,64895
25,34360530881,64924
25,34362868479,64953
25,34367543675,64982
25,34374513269,65011
25,34509642752,65040
25,34512282750,65069
25,34514749948,65098
25,34517130746,65127
25,34518321145,65156
25,34520658743,65185
25,34525333939,65214
25,34534597931,65243
25,34541610725,65272
25,34550917917,65301
25,34553255515,65330
25,34559553110,65359
25,34559682710,65388
25,34559769110,65417
25,34559855510,65446
25,34559941910,65475
25,34559985110,65504
25,34560071510,65533
25,34560201110,65562
25,34560287510,65591
25,34560417110,65620
25,34560503510,65649
25,34560589910,65678
25,34675020436,65706
25,34679695632,65734
25,34686622026,65762
25,34693548420,65790
25,34698180416,65818
25,34702812412,65846
25,34707444408,65874
25,34718959598,65902
25,34719002798,65930
25,34719045998,65958
25,34723677994,65986
25,34736340383,66014
25,34747855573,66042
25,34757421965,66070
25,34769066755,66098
25,34771250754,66126
25,34771380354,66154
25,34771423554,66182
25,34771553154,66210
25,34771596354,66238
25,34771769154,66266
25,34778061573,66294
25,34784987967,66322
25,34897266304,66350
25,34897309504,66378
25,34897352704,66406
25,34897395904,66434
25,34897439104,66462
25,34897482304,66490
25,34897525504,66518
25,34899863102,66546
25,34899906302,66574
25,34899949502,66602
25,34899992702,66630
25,34900035902,66658
25,34902373500,66686
25,34904711098,66714
25,34927698278,66742
25,34936919070,66770
25,34943845464,66798
25,34946183062,66826
25,34957698252,66854
25,34969213442,66882
25,34973845438,66910
25,34978477434,66938
25,34985403828,66966
25,34992330222,66994
25,35069058157,67022
25,35069101357,67050
25,35069144557,67078
25,35069187757,67106
25,35069230957,67134
25,35069274157,67162
25,35069317357,67190
25,35069360557,67218
25,35069403757,67246
25,35069446957,67274
25,35069533357,67302
25,35069576557,67330
25,35069662957,67358
25,35069749357,67386
25,35069835757,67414
25,35069878957,67442
25,35069922157,67470
25,35071285356,67498
25,35078211750,67526
25,35092021338,67554
25,35098947732,67582
25,35108168524,67610
25,35117389316,67638
25,35124315710,67666
25,35264792388,67694
25,35269467584,67722
25,35275333179,67750
25,35281155574,67778
25,35282864373,67806
25,35282993973,67834
25,35283123573,67862
25,35283209973,67890
25,35283339573,67918
25,35283425973,67946
25,35283469173,67974
25,35284419573,68002
25,35289094769,68030
25,35289137969,68057
25,35291518767,68084
25,35291561967,68111
25,35291605167,68138
25,35292795566,68165
25,35297470762,68192
25,35302145958,68219
25,35306821154,68246
25,35314765147,68273
25,35319397143,68300
25,35324029139,68327
25,35444830634,68354
25,35448358631,68381
25,35450739429,68408
25,35460046621,68435
25,35465869016,68462
25,35475176208,68489
25,35491452994,68516
25,35499612987,68543
25,35499656187,68570
25,35500846586,68597
25,35500932986,68624
25,35501019386,68651
25,35501062586,68678
25,35501148986,68705
25,35501192186,68732
25,35501235386,68759
25,35501278586,68786
25,35501321786,68813
25,35502056186,68840
25,35504393784,68867
25,35509068980,68894
25,35513744176,68921
25,35518419372,68948
25,35525432166,68975
25,35617140887,69002
25,35617184087,69029
25,35617227287,69056
25,35617270487,69083
25,35617313687,69110
25,35617356887,69137
25,35623179282,69164
25,35633676873,69191
25,35642984065,69218
25,35648806460,69245
25,35654628855,69272
25,35660451250,69299
25,35666273645,69326
25,35672139240,69353
25,35676814436,69380
25,35680342433,69407
25,35685060829,69434
25,35688632026,69461
25,35693350422,69488
25,35696878419,69515
25,35702700814,69542
25,35707332810,69569
25,35711964806,69596
25,35721185598,69623
25,35834321501,69650
25,35834364701,69677
25,35834407901,69704
25,35834451101,69731
25,35835641500,69758
25,35835684700,69785
25,35835727900,69812
25,35835771100,69839
25,35835814300,69866
25,35835857500,69893
25,35835900700,69920
25,35838238298,69947
25,35842870294,69974
25,35850987087,70001
25,35855662283,70028
25,35857999881,70055
25,35861527878,70082
25,35865012675,70109
25,35867350273,70136
25,35870878270,70163
25,35872068669,70190
25,35876743865,70217
25,35880228662,70244
25,35886051057,70271
25,35889622254,70298
25,36043193321,70325
25,36045593320,70352
25,36045722920,70379
25,36045809320,70406
25,36045982120,70433
25,36046025320,70460
25,36046068520,70487
25,36046111720,70514
25,36050614116,70541
25,36050657316,70567
25,36050700516,70593
25,36053038114,70619
25,36054228513,70645
25,36057713310,70671
25,36057756510,70697
25,36062431706,70723
25,36063622105,70749
25,36065959703,70775
25,36068340501,70801
25,36074162896,70827
25,36079985291,70853
25,36084703687,70879
25,36087041285,70905
25,36243449149,70931
25,36256111538,70957
25,36262020333,70983
25,36266239530,71009
25,36266369130,71035
25,36266455530,71061
25,36266541930,71087
25,36266585130,71113
25,36266757930,71139
25,36267060330,71165
25,36267405930,71191
25,36267621930,71217
25,36268220555,71243
25,36276879820,71269
25,36285083013,71295
25,36292095807,71321
25,36299108601,71347
25,36302593398,71373
25,36306121395,71399
25,36309606192,71425
25,36314281388,71451
25,36323456962,71477
25,36328088958,71503
25,36331815355,71529
25,36336853701,33810
25,36657942493,33866
25,36666102486,33922
25,36681275273,33978
25,36688460867,34034
25,36688590467,34089
25,36688676867,34144
25,36689824066,34199
25,36690169666,34254
25,36690299266,34309
25,36692028512,34364
25,36698998106,34419
25,36703586902,34474
25,36817209246,34529
25,36820694043,34584
25,36829914835,34639
25,36845303622,34693
25,36853506815,34747
25,36865108405,34801
25,36879047593,34855
25,36883852389,34909
25,36883895589,34963
25,36883981989,35017
25,36884025189,35071
25,36884068389,35125
25,36987767500,35179
25,36989001099,35233
25,36991511497,35287
25,36991684297,35340
25,36991727497,35393
25,36997420292,35446
25,37003372287,35499
25,37012679479,35552
25,37020839472,35605
25,37027852266,35658
25,37031380263,35711
25,37034908260,35764
25,37141074569,35817
25,37150381761,35870
25,37159645753,35923
25,37161397752,35976
25,37161527352,36028
25,37162841424,36080
25,37162927824,36132
25,37163014224,36184
25,37163100624,36236
25,37163187024,36288
25,37163273424,36340
25,37163359824,36392
25,37278394152,36444
25,37289107743,36496
25,37315037321,36548
25,37329062909,36600
25,37346400494,36652
25,37350446891,36703
25,37350576491,36754
25,37350619691,36805
25,37350662891,36856
25,37350749291,36907
25,37350835691,36958
25,37350878891,37009
25,37350922091,37060
25,37423757228,37111
25,37423800428,37162
25,37430813222,37213
25,37450574805,37264
25,37469491589,37315
25,37482369978,37366
25,37495248367,37416
25,37507997156,37466
25,37511481953,37516
25,37516157149,37566
25,37524835542,37616
25,37524965142,37666
25,37525094742,37716
25,37641655502,37766
25,37642845901,37816
25,37642889101,37866
25,37642932301,37916
25,37642975501,37966
25,37654490691,38016
25,37661417085,38066
25,37672932275,38116
25,37677564271,38165
25,37682196267,38214
25,37682239467,38263
25,37686871463,38312
25,37694402657,38361
25,37781066583,38410
25,37781109783,38459
25,37781152983,38508
25,37781196183,38557
25,37781239383,38606
25,37781325783,38655
25,37790114575,38704
25,37805200962,38753
25,37809876158,38802
25,37815698553,38851
25,37819226550,38900
25,37823858546,38948
25,37833079338,38996
25,37961196027,39044
25,37961498427,39092
25,37961584827,39140
25,37961671227,39188
25,37961757627,39236
25,37961800827,39284
25,37961844027,39332
25,37961930427,39380
25,37962016827,39428
25,37976280077,39476
25,37980912073,39524
25,37985587269,39572
25,37990219265,39620
25,37995955260,39668
25,38136172738,39716
25,38145609530,39763
25,38155780722,39810
25,38155953522,39857
25,38156126322,39904
25,38156299122,39951
25,38156471922,39998
25,38156601522,40045
25,38156687922,40092
25,38156817522,40139
25,38163015991,40186
25,38167148675,40233
25,38171780671,40280
25,38176369467,40327
25,38278121856,40374
25,38298814638,40421
25,38333273808,40468
25,38341477001,40515
25,38353078591,40562
25,38360091385,40608
25,38360134585,40654
25,38367104179,40700
25,38370521777,40746
25,38370651377,40792
25,38370780977,40838
25,38372554899,40884
25,38381386964,40930
25,38386407687,40976
25,38515825174,41022
25,38515868374,41068
25,38515911574,41114
25,38515954774,41160
25,38515997974,41206
25,38526365965,41252
25,38540175553,41298
25,38553985141,41344
25,38567794729,41390
25,38579309919,41436
25,38583941915,41481
25,38583985115,41526
25,38584028315,41571
25,38584071515,41616
25,38668071444,41661
25,38668114644,41706
25,38668157844,41751
25,38668201044,41796
25,38668244244,41841
25,38668287444,41886
25,38668330644,41931
25,38668546644,41976
25,38687979862,42021
25,38704083848,42066
25,38711010242,42111
25,38717936636,42156
25,38717979836,42201
25,38718023036,42246
25,38720360634,42291
25,38858691715,42336
25,38858734915,42380
25,38858821315,42424
25,38858907715,42468
25,38858950915,42512
25,38859037315,42556
25,38859123715,42600
25,38859857546,42644
25,38864446342,42688
25,38867887939,42732
25,38872476735,42776
25,38875918332,42820
25,38880507128,42864
25,38883948725,42908
25,38889684720,42952
25,39071330962,42996
25,39080681354,43040
25,39084641351,43084
25,39084727751,43128
25,39084814151,43172
25,39084900551,43216
25,39084943751,43260
25,39084986951,43304
25,39085030151,43347
25,39085073351,43390
25,39085116551,43433
25,39085159751,43476
25,39085202951,43519
25,39085289351,43562
25,39085375751,43605
25,39224136866,43648
25,39249461644,43691
25,39265911230,43734
25,39274157623,43777
25,39274244023,43820
25,39274287223,43863
25,39274373623,43906
25,39274416823,43949
25,39274460023,43992
25,39274503223,44035
25,39274546423,44078
25,39274632823,44121
25,39274719223,44164
25,39278046850,44207
25,39282678846,44250
25,39384150758,44293
25,39391422752,44335
25,39423587524,44377
25,39439691510,44419
25,39448912302,44461
25,39453544298,44503
25,39455881896,44545
25,39458219494,44587
25,39460557092,44629
25,39463629090,44671
25,39466009888,44713
25,39469494685,44755
25,39474213081,44797
25,39476550679,44839
25,39481269075,44881
25,39484753872,44923
25,39585883299,44965
25,39585926499,45007
25,39586012899,45049
25,39586228899,45091
25,39589756896,45133
25,39595579291,45175
25,39600297687,45217
25,39610579278,45259
25,39615211274,45301
25,39622137668,45343
25,39626769664,45384
25,39629107262,45425
25,39638328054,45466
25,39645254448,45507
25,39656054439,45548
25,39664257632,45589
25,39776678336,45630
25,39780163133,45671
25,39781396732,45712
25,39782587131,45753
25,39794188721,45794
25,39800011116,45835
25,39808127909,45876
25,39817219101,45917
25,39821851097,45958
25,39826483093,45999
25,39831115089,46040
25,39833711887,46081
25,39833755087,46122
25,39833798287,46163
25,39833841487,46204
25,39837455884,46245
25,39976175765,46286
25,39977409364,46327
25,39980937361,46368
25,39982170960,46409
25,39986889356,46450
25,39986932556,46490
25,39990460553,46530
25,39998620546,46570
25,40006737339,46610
25,40012905334,46650
25,40019745328,46690
25,40023316525,46730
25,40023359725,46770
25,40025783723,46810
25,40025826923,46850
25,40025870123,46890
25,40138444426,46930
25,40138487626,46970
25,40138574026,47010
25,40138703626,47050
25,40138790026,47090
25,40138876426,47130
25,40147382019,47170
25,40159070009,47210
25,40170671599,47250
25,40182316389,47290
25,40195021978,47330
25,40200844373,47370
25,40204329170,47410
25,40208245967,47450
25,40208461967,47490
25,40208591567,47530
25,40314109876,47570
25,40314153076,47610
25,40314196276,47650
25,40314239476,47689
25,40314282676,47728
25,40318914672,47767
25,40325841066,47806
25,40330473062,47845
25,40337399456,47884
25,40353503442,47923
25,40369953028,47962
25,40378113021,48001
25,40386273014,48040
25,40390948210,48079
25,40400341802,48118
25,40405664998,48157
25,40405837798,48196
25,40494956092,48235
25,40494999292,48274
25,40497380090,48313
25,40504349684,48352
25,40511276078,48391
25,40518202472,48430
25,40525128866,48469
25,40532055260,48508
25,40538981654,48547
25,40545908048,48586
25,40566600830,48625
25,40571232826,48664
25,40580453618,48703
25,40584370415,48742
25,40584413615,48781
25,40584456815,48820
25,40584500015,48859
25,40673717539,48897
25,40673760739,48935
25,40673803939,48973
25,40673890339,49011
25,40673976739,49049
25,40674063139,49087
25,40674149539,49125
25,40674192739,49163
25,40674235939,49201
25,40674279139,49239
25,40683161301,49277
25,40688810896,49315
25,40691148494,49353
25,40696927689,49391
25,40699265287,49429
25,40703897283,49467
25,40710823677,49505
25,40884847527,49543
25,40884890727,49581
25,40885020327,49619
25,40885149927,49657
25,40885193127,49695
25,40885279527,49733
25,40885322727,49771
25,40885365927,49809
25,40885452327,49847
25,40885538727,49885
25,40885581927,49923
25,40885668327,49961
25,40887438793,49999
25,40892027589,50037
25,40896616385,50075
25,40901248381,50113
25,40914606633,50151
25,41093891413,50188
25,41093934613,50225
25,41097419410,50262
25,41104475404,50299
25,41118760192,50336
25,41118889792,50373
25,41118976192,50410
25,41119019392,50447
25,41119062592,50484
25,41119148992,50521
25,41119235392,50558
25,41119321792,50595
25,41122067391,50632
25,41131331383,50669
25,41136049779,50706
25,41136179379,50743
25,41140115377,50780
25,41146998571,50817
25,41264079470,50854
25,41264122670,50891
25,41264165870,50928
25,41267650667,50965
25,41279165857,51002
25,41286092251,51039
25,41297607441,51076
25,41306828233,51113
25,41313754627,51150
25,41322975419,51187
25,41332455411,51224
25,41342909802,51261
25,41359445788,51298
25,41359575388,51335
25,41359661788,51372
25,41359748188,51409
25,41359791388,51446
25,41359877788,51483
25,41480869347,51519
25,41480912547,51555
25,41480955747,51591
25,41480998947,51627
25,41481042147,51663
25,41481085347,51699
25,41481128547,51735
25,41481171747,51771
25,41486950942,51807
25,41489288540,51843
25,41491626138,51879
25,41496258134,51915
25,41516950916,51951
25,41523877310,51987
25,41530803704,52023
25,41535435700,52059
25,41548486889,52095
25,41567058073,52131
25,41660993993,52167
25,41661037193,52203
25,41661253193,52239
25,41664824390,52275
25,41668352387,52311
25,41671923584,52347
25,41675451581,52383
25,41679022778,52419
25,41682507575,52455
25,41689304369,52491
25,41691641967,52527
25,41696273963,52563
25,41698611561,52599
25,41705537955,52635
25,41710169951,52671
25,41710342751,52707
25,41714845147,52743
25,41721771541,52779
25,41851097830,52815
25,41851270630,52851
25,41851400230,52887
25,41851486630,52923
25,41855360227,52958
25,41857741025,52993
25,41863649820,53028
25,41869515415,53063
25,41876528209,53098
25,41880013006,53133
25,41883541003,53168
25,41887069000,53203
25,41891744196,53238
25,41895272193,53273
25,41898756990,53308
25,41902284987,53343
25,41906960183,53378
25,41910488180,53413
25,41919579372,53448
25,42055985654,53483
25,42061808049,53518
25,42063171248,53553
25,42063257648,53588
25,42063344048,53623
25,42063430448,53658
25,42063516848,53693
25,42063560048,53728
25,42063732848,53763
25,42063862448,53798
25,42064035248,53833
25,42064164848,53868
25,42072110044,53903
25,42098798021,53938
25,42113841208,53973
25,42121958001,54008
25,42130074794,54043
25,42135897189,54078
25,42140529185,54113
25,42279445865,54148
25,42280636264,54183
25,42281913063,54218
25,42281956263,54253
25,42281999463,54288
25,42282042663,54323
25,42282085863,54358
25,42282172263,54393
25,42282215463,54428
25,42282258663,54462
25,42282301863,54496
25,42282345063,54530
25,42282388263,54564
25,42282474663,54598
25,42298122650,54632
25,42330633022,54666
25,42356778600,54700
25,42357124200,54734
25,42357210600,54768
25,42472573295,54802
25,42472616495,54836
25,42472659695,54870
25,42472702895,54904
25,42476187692,54938
25,42480906088,54972
25,42485581284,55006
25,42490256480,55040
25,42493741277,55074
25,42498373273,55108
25,42503005269,55142
25,42507723665,55176
25,42507766865,55210
25,42507810065,55244
25,42507896465,55278
25,42517333257,55312
25,42556640423,55346
25,42568285213,55380
25,42574842008,55414
25,42677369881,55448
25,42677413081,55482
25,42677456281,55516
25,42677499481,55550
25,42677542681,55584
25,42677585881,55618
25,42677629081,55652
25,42678819480,55686
25,42682347477,55720
25,42687022673,55754
25,42691697869,55788
25,42698624263,55822
25,42705550657,55856
25,42711329852,55890
25,42715961848,55924
25,42720593844,55958
25,42725225840,55992
25,42745918622,56026
25,42750853018,56059
25,42755528214,56092
25,42868121718,56125
25,42868208118,56158
25,42868251318,56191
25,42868294518,56224
25,42868337718,56257
25,42868380918,56290
25,42868424118,56323
25,42868467318,56356
25,42869916917,56389
25,42872340915,56422
25,42875868912,56455
25,42878206510,56488
25,42885132904,56521
25,42889764900,56554
25,42893249697,56587
25,42897881693,56620
25,42900219291,56653
25,42902556889,56686
25,42909483283,56719
25,42920998473,56752
25,43086862330,56785
25,43086948730,56818
25,43087035130,56851
25,43087121530,56884
25,43087251130,56917
25,43087337530,56950
25,43087467130,56983
25,43087553530,57016
25,43087596730,57049
25,43092919926,57082
25,43095343924,57115
25,43095387124,57148
25,43096663923,57181
25,43097854322,57214
25,43097897522,57247
25,43097940722,57280
25,43104422016,57313
25,43104465216,57346
25,43113642808,57379
25,43120569202,57412
25,43319529030,57445
25,43319572230,57478
25,43319615430,57511
25,43319658630,57544
25,43319745030,57577
25,43319831430,57610
25,43319917830,57643
25,43320004230,57676
25,43320090630,57709
25,43320133830,57742
25,43320220230,57774
25,43320263430,57806
25,43320349830,57838
25,43322244569,57870
25,43326876565,57902
25,43333802959,57934
25,43341876552,57966
25,43346508548,57998
25,43348846146,58030
25,43350036545,58062
25,43525662221,58094
25,43525705421,58126
25,43528043019,58158
25,43532675015,58190
25,43539601409,58222
25,43548822201,58254
25,43555748595,58286
25,43564124588,58318
25,43573431780,58350
25,43581591773,58382
25,43583343772,58414
25,43583473372,58446
25,43583559772,58478
25,43583646172,58510
25,43583689372,58542
25,43583775772,58574
25,43583818972,58606
25,43583905372,58638
25,43583991772,58670
25,43584818628,58702
25,43590554623,58734
25,43746789687,58766
25,43746832887,58798
25,43746876087,58830
25,43746919287,58862
25,43746962487,58894
25,43747005687,58926
25,43747048887,58958
25,43748239286,58990
25,43755165680,59022
25,43757503278,59054
25,43762135274,59086
25,43771442466,59118
25,43788866451,59150
25,43803909638,59182
25,43813216830,59214
25,43821506423,59246
25,43821592823,59278
25,43821679223,59310
25,43821765623,59342
25,43821852023,59374
25,43821938423,59406
25,43914554344,59438
25,43914597544,59470
25,43914640744,59502
25,43914683944,59534
25,43914727144,59565
25,43914813544,59596
25,43917323942,59627
25,43920895139,59658
25,43925613535,59689
25,43929141532,59720
25,43933859928,59751
25,43938578324,59782
25,43949963914,59813
25,43956890308,59844
25,43968405498,59875
25,43984639084,59906
25,44001088670,59937
25,44020936653,59968
25,44043035834,59999
25,44049031029,60030
25,44049160629,60061
25,44188423023,60092
25,44188466223,60123
25,44188509423,60154
25,44188552623,60185
25,44188595823,60216
25,44188768623,60247
25,44188811823,60278
25,44191192621,60309
25,44191235821,60340
25,44193573419,60371
25,44193616619,60402
25,44195997417,60433
25,44196040617,60464
25,44196083817,60495
25,44198421415,60526
25,44200802213,60557
25,44202165412,60588
25,44222901394,60619
25,44254350967,60650
25,44264848558,60681
25,44275302949,60712
25,44407017705,60743
25,44407060905,60774
25,44407104105,60805
25,44407147305,60836
25,44407320105,60867
25,44409657703,60898
25,44411995301,60929
25,44413228900,60960
25,44414419299,60991
25,44415609698,61022
25,44417947296,61053
25,44419137695,61084
25,44420328094,61115
25,44420371294,61146
25,44422708892,61177
25,44422752092,61208
25,44427427288,61239
25,44432059284,61270
25,44433768083,61301
25,44439460878,61332
25,44451105668,61363
25,44645236701,61394
25,44645279901,61425
25,44645323101,61456
25,44645366301,61486
25,44645452701,61516
25,44645625501,61546
25,44646815900,61576
25,44648006299,61606
25,44649196698,61636
25,44649239898,61666
25,44650430297,61696
25,44652811095,61726
25,44654001494,61756
25,44662204687,61786
25,44662420687,61816
25,44662507087,61846
25,44662593487,61876
25,44662723087,61906
25,44662852687,61936
25,44662939087,61966
25,44663068687,61996
25,44663155087,62026
25,44867394911,62056
25,44867438111,62086
25,44867524511,62116
25,44868887710,62146
25,44872415707,62176
25,44872458907,62206
25,44872502107,62236
25,44872545307,62266
25,44876073304,62296
25,44882999698,62326
25,44893367689,62356
25,44894990088,62386
25,44895076488,62416
25,44895162888,62446
25,44895249288,62476
25,44895378888,62506
25,44895465288,62536
25,44895594888,62566
25,44895681288,62596
25,44895854088,62626
25,44895897288,62656
25,44896026888,62686
25,45045441159,62716
25,45045484359,62746
25,45045527559,62776
25,45045829959,62806
25,45056413950,62836
25,45058794748,62866
25,45061175546,62896
25,45067041141,62926
25,45070612338,62956
25,45075287534,62986
25,45080005930,63016
25,45086975524,63046
25,45096239516,63076
25,45105503508,63106
25,45115871499,63136
25,45121650694,63166
25,45126282690,63196
25,45127991489,63226
25,45128077889,63256
25,45128207489,63286
25,45128337089,63316
25,45128466689,63346
25,45269461767,63376
25,45269504967,63406
25,45269548167,63436
25,45270738566,63466
25,45270781766,63496
25,45272015365,63525
25,45278984959,63554
25,45281797757,63583
25,45284178555,63612
25,45291191349,63641
25,45294719346,63670
25,45300541741,63699
25,45301775340,63728
25,45313420130,63757
25,45337727309,63786
25,45344740103,63815
25,45349372099,63844
25,45356341693,63873
25,45361794489,63902
25,45362010489,63931
25,45362226489,63960
25,45362356089,63989
25,45501606975,64018
25,45501650175,64047
25,45501693375,64076
25,45501736575,64105
25,45501779775,64134
25,45501822975,64163
25,45501866175,64192
25,45501909375,64221
25,45501952575,64250
25,45501995775,64279
25,45503186174,64308
25,45503229374,64337
25,45503272574,64366
25,45505610172,64395
25,45510242168,64424
25,45535523746,64453
25,45556216528,64482
25,45558554126,64511
25,45563574922,64540
25,45574072513,64569
25,45583379705,64598
25,45593920496,64627
25,45604418087,64656
25,45708549198,64685
25,45708592398,64714
25,45708635598,64743
25,45708678798,64772
25,45708721998,64801
25,45708765198,64830
25,45708808398,64859
25,45709998797,64888
25,45711189196,64917
25,45712422795,64946
25,45713613194,64975
25,45718288390,65004
25,45720725188,65033
25,45721915587,65062
25,45721958787,65091
25,45724395585,65120
25,45725585984,65149
25,45729182781,65178
25,45730429180,65207
25,45737579574,65236
25,45752984361,65265
25,45759910755,65294
25,45773720343,65323
25,45927112213,65352
25,45927198613,65381
25,45927241813,65410
25,45927285013,65439
25,45927328213,65468
25,45931142610,65497
25,45935774606,65526
25,45939259403,65555
25,45943891399,65584
25,45946228997,65613
25,45949713794,65642
25,45953198591,65671
25,45954388990,65699
25,45959020986,65727
25,45961358584,65755
25,45964843381,65783
25,45968328178,65811
25,46132137636,65839
25,46134148835,65867
25,46134321635,65895
25,46134451235,65923
25,46134580835,65951
25,46134710435,65979
25,46134796835,66007
25,46134840035,66035
25,46137264033,66063
25,46138454432,66091
25,46142025629,66119
25,46143259228,66147
25,46144492827,66175
25,46145683226,66203
25,46153627219,66231
25,46158259215,66259
25,46162891211,66287
25,46167523207,66315
25,46171008004,66343
25,46174492801,66371
25,46176830399,66399
25,46179167997,66427
25,46180358396,66455
25,46328563067,66483
25,46329796666,66511
25,46329839866,66539
25,46336483061,66567
25,46336742261,66595
25,46336958261,66623
25,46337131061,66651
25,46337303861,66679
25,46337476661,66707
25,46337519861,66735
25,46337649461,66763
25,46337735861,66791
25,46338601530,66819
25,46342345454,66847
25,46353453700,66875
25,46356981697,66903
25,46361656893,66931
25,46365141690,66959
25,46369816886,66987
25,46373388083,67015
25,46373431283,67043
25,46380444077,67071
25,46380487277,67099
25,46381609420,67127
25,46459730408,67155
25,46464362404,67183
25,46473583196,67211
25,46482803988,67239
25,46492024780,67267
25,46501245572,67295
25,46510466364,67323
25,46526786350,67351
25,46536093542,67379
25,46543063136,67407
25,46550075930,67435
25,46557088724,67463
25,46559771922,67491
25,46563775119,67519
25,46564965518,67547
25,46571935112,67575
25,46578904706,67603
25,46585917500,67631
25,46592887094,67659
25,46601047087,67687
25,46606869482,67715
25,46612778277,67743
25,46613968676,67771
25,46615245475,67799
25,46678816620,67827
25,46678859820,67855
25,46678903020,67883
25,46678946220,67911
25,46678989420,67939
25,46679032620,67967
25,46679075820,67995
25,46681759018,68023
25,46689746211,68050
25,46693274208,68077
25,46699139803,68104
25,46706109397,68131
25,46714269390,68158
25,46723619782,68185
25,46725957380,68212
25,46730632576,68239
25,46749246960,68266
25,46765523746,68293
25,46769224543,68320
25,46769267743,68347
25,46773942939,68374
25,46782102932,68401
25,46789115726,68428
25,46796128520,68455
25,46889915639,68482
25,46890045239,68509
25,46890131639,68536
25,46890174839,68563
25,46890261239,68590
25,46890347639,68617
25,46890390839,68644
25,46890434039,68671
25,46890477239,68698
25,46890520439,68725
25,46890606839,68752
25,46890693239,68779
25,46890736439,68806
25,46890822839,68833
25,46890866039,68860
25,46893635637,68887
25,46902942829,68914
25,46905280427,68941
25,46909955623,68968
25,46914630819,68995
25,46920453214,69022
25,46925128410,69049
25,46929803606,69076
25,46933288403,69103
25,47061707492,69130
25,47073309082,69157
25,47081425875,69184
25,47083763473,69211
25,47083806673,69238
25,47083849873,69265
25,47089672268,69292
25,47094021065,69319
25,47094150665,69346
25,47094280265,69373
25,47094366665,69400
25,47094496265,69427
25,47094539465,69454
25,47094669065,69481
25,47094755465,69508
25,47094798665,69535
25,47094928265,69562
25,47097479328,69589
25,47100920925,69616
25,47104362522,69643
25,47107804119,69670
25,47116114116,69697
25,47118494914,69724
25,47118581314,69751
25,47126328508,69778
25,47214234426,69805
25,47218866422,69832
25,47228087214,69859
25,47235013608,69886
25,47241940002,69913
25,47246571998,69940
25,47262675984,69967
25,47281074368,69994
25,47288000762,70021
25,47292632758,70048
25,47301853550,70075
25,47313368740,70102
25,47323237532,70129
25,47326981529,70156
25,47330615127,70183
25,47330744727,70210
25,47330787927,70237
25,47333125525,70264
25,47336653522,70291
25,47340138319,70318
25,47342562317,70345
25,47342605517,70372
25,47344986315,70399
25,47345029515,70426
25,47347453513,70453
25,47425549445,70480
25,47425592645,70507
25,47425635845,70534
25,47425679045,70560
25,47425722245,70586
25,47425765445,70612
25,47425808645,70638
25,47429293442,70664
25,47436219836,70690
25,47440851832,70716
25,47450072624,70742
25,47463882212,70768
25,47477691800,70794
25,47486912592,70820
25,47494986185,70846
25,47499618181,70872
25,47508838973,70898
25,47518059765,70924
25,47536501349,70950
25,47543946143,70976
25,47544075743,71002
25,47544118943,71028
25,47544205343,71054
25,47544248543,71080
25,47544291743,71106
25,47623406825,71132
25,47623450025,71158
25,47623536425,71184
25,47626090023,71210
25,47629618020,71236
25,47632042018,71262
25,47634466016,71288
25,47636890014,71314
25,47636933214,71340
25,47639357212,71366
25,47641781210,71392
25,47643014809,71418
25,47646586006,71444
25,47647776405,71470
25,47650200403,71496
25,47651477202,71522
25,47653814800,71548
25,47662905992,71574
25,47674421182,71600
25,47683641974,71626
25,47690568368,71652
25,47697494762,71678
25,47707949153,71704
25,47719593943,71730
25,47723121940,71756
25,47830046648,71782
25,47830089848,71808
25,47830133048,71834
25,47830349048,71860
25,47832729846,71886
25,47832773046,71912
25,47836344243,71938
25,47837534642,71964
25,47838725041,71990
25,47845737835,72016
25,47852707429,72042
25,47859677023,72068
25,47863205020,72094
25,47870217814,72120
25,47876040209,72146
25,47880715405,72172
25,47885520201,72198
25,47885649801,72224
25,47885822601,72250
25,47885909001,72276
25,47885995401,72302
25,47886081801,72328
25,47886168201,72354
25,47886254601,72380
25,47886341001,72406
25,47959046538,72432
25,47964955333,72458
25,47970820928,72484
25,47976686523,72510
25,47981318519,72536
25,47985950515,72562
25,47990582511,72588
25,47992920109,72614
25,47997552105,72640
25,47999889703,72666
25,48002227301,72692
25,48004564899,72718
25,48018374487,72744
25,48025300881,72770
25,48048936061,72796
25,48066446446,72822
25,48080342434,72848
25,48088459227,72874
25,48089649626,72900
25,48089692826,72926
25,48089736026,72952
25,48089779226,72978
25,48093264023,73004
25,48100579217,73030
25,48101140817,73056
25,48101270417,73082
25,48145468779,73108
25,48145511979,73134
25,48145555179,73160
25,48145598379,73186
25,48145641579,73212
25,48145684779,73238
25,48145727979,73264
25,48145771179,73289
25,48145814379,73314
25,48145857579,73339
25,48145900779,73364
25,48145943979,73389
25,48145987179,73414
25,48149515176,73439
25,48158735968,73464
25,48174839954,73489
25,48193238338,73514
25,48213931120,73539
25,48225446310,73564
25,48232372704,73589
25,48241593496,73614
25,48257697482,73639
25,48269212672,73664
25,48273844668,73689
25,48285359858,73714
25,48296875048,73739
25,48380874977,73764
25,48380961377,73789
25,48381004577,73814
25,48381047777,73839
25,48381090977,73864
25,48381177377,73889
25,48383687775,73914
25,48386111773,73939
25,48387302172,73964
25,48392951767,73989
25,48397583763,74014
25,48401068560,74039
25,48402258959,74064
25,48405743756,74089
25,48405786956,74114
25,48405830156,74139
25,48405873356,74164
25,48405916556,74189
25,48405959756,74214
25,48407150155,74239
25,48407193355,74264
25,48407236555,74289
25,48411868551,74314
25,48417647746,74339
25,48424574140,74364
25,48438383728,74389
25,48579767606,74414
25,48579854006,74439
25,48579940406,74464
25,48580070006,74489
25,48588705199,74514
25,48600349989,74539
25,48603877986,74564
25,48605068385,74589
25,48607449183,74614
25,48607492383,74639
25,48607535583,74664
25,48608725982,74689
25,48613401178,74714
25,48618076374,74739
25,48623898769,74764
25,48628573965,74789
25,48632101962,74814
25,48636777158,74839
25,48639157956,74864
25,48641538754,74889
25,48641581954,74914
25,48645109951,74939
25,48646343550,74964
25,48648724348,74989
25,48651105146,75014
25,48651148346,75039
25,48760348251,75064
25,48763876248,75089
25,48773269840,75114
25,48777988236,75139
25,48780369034,75164
25,48785044230,75189
25,48785087430,75214
25,48788615427,75239
25,48793290623,75264
25,48797965819,75289
25,48801666616,75314
25,48804349814,75339
25,48807834611,75364
25,48815951404,75389
25,48818332202,75414
25,48823007398,75439
25,48831253791,75464
25,48839370584,75489
25,48848677776,75514
25,48857984968,75539
25,48863807363,75564
25,48871967356,75589
25,48877832951,75614
25,48883741746,75639
25,48886122544,75664
25,48889780141,75689
25,48890970540,75714
25,48979453664,75739
25,48979496864,75764
25,48979540064,75789
25,48979583264,75814
25,48983068061,75839
25,48986596058,75864
25,48986639258,75889
25,48986682458,75914
25,48986725658,75939
25,48986768858,75964
25,48986812058,75989
25,48986855258,76014
25,48988045657,76039
25,48990383255,76064
25,48995015251,76089
25,49001941645,76114
25,49008868039,76139
25,49015794433,76164
25,49022720827,76189
25,49027352823,76213
25,49034279217,76237
25,49041205611,76261
25,49050426403,76285
25,49059647195,76309
25,49062330393,76333
25,49069343187,76357
25,49080987977,76381
25,49184197056,76405
25,49184240256,76429
25,49184283456,76453
25,49184326656,76477
25,49184369856,76501
25,49184413056,76525
25,49184456256,76549
25,49184499456,76573
25,49184542656,76597
25,49184585856,76621
25,49184629056,76645
25,49185819455,76669
25,49185862655,76693
25,49185905855,76717
25,49185949055,76741
25,49185992255,76765
25,49186035455,76789
25,49190667451,76813
25,49193005049,76837
25,49197637045,76861
25,49199974643,76885
25,49204606639,76909
25,49209238635,76933
25,49213870631,76957
25,49216208229,76981
25,49223134623,77005
25,49231208216,77029
25,49395209675,77053
25,49395296075,77077
25,49395339275,77101
25,49395382475,77125
25,49395425675,77149
25,49395468875,77173
25,49395555275,77197
25,49395641675,77221
25,49395728075,77245
25,49395814475,77269
25,49395944075,77293
25,49396030475,77317
25,49396073675,77341
25,49400964871,77365
25,49405596867,77389
25,49410228863,77413
25,49414860859,77437
25,49417198457,77461
25,49419536055,77485
25,49421873653,77509
25,49424211251,77533
25,49426548849,77557
25,49428886447,77581
25,49431224045,77605
25,49433561643,77629
25,49438193639,77653
25,49441678436,77677
25,49578238317,77701
25,49588606308,77725
25,49594515103,77749
25,49605900693,77773
25,49616268684,77797
25,49620315081,77821
25,49620401481,77845
25,49620487881,77869
25,49620531081,77893
25,49620617481,77917
25,49620660681,77941
25,49620747081,77965
25,49620790281,77989
25,49620876681,78013
25,49620919881,78037
25,49622172681,78061
25,49630289474,78085
25,49644228662,78109
25,49652388655,78133
25,49653579054,78157
25,49653622254,78181
25,49653665454,78205
25,49658340650,78229
25,49661868647,78253
25,49663102246,78277
25,49663145446,78301
25,49666673443,78325
25,49671103668,78349
25,49751881704,78373
25,49751924904,78397
25,49751968104,78421
25,49752011304,78445
25,49752054504,78469
25,49752097704,78493
25,49763612894,78517
25,49772833686,78541
25,49779760080,78565
25,49790344071,78589
25,49798504064,78613
25,49807811256,78637
25,49817118448,78661
25,49824131242,78685
25,49828806438,78709
25,49833481634,78733
25,49839304029,78757
25,49843979225,78781
25,49850948819,78805
25,49854433616,78829
25,49857073614,78853
25,49857116814,78877
25,49857203214,78901
25,49857289614,78925
25,49857419214,78949
25,49860951945,78973
25,49867964739,78997
25,49876124732,79021
25,50008244618,79045
25,50008287818,79069
25,50008331018,79093
25,50008374218,79117
25,50008417418,79141
25,50013049414,79165
25,50016577411,79189
25,50021209407,79213
25,50024737404,79237
25,50030602999,79261
25,50036425394,79285
25,50036468594,79309
25,50036511794,79333
25,50036554994,79357
25,50036598194,79380
25,50036641394,79403
25,50036684594,79426
25,50037874993,79449
25,50037918193,79472
25,50037961393,79495
25,50038004593,79518
25,50041532590,79541
25,50047398185,79564
25,50053220580,79587
25,50059042975,79610
25,50064865370,79633
25,50069540566,79656
25,50077700559,79679
25,50236225223,79702
25,50236268423,79725
25,50237458822,79748
25,50238649221,79771
25,50238692421,79794
25,50239882820,79817
25,50241073219,79840
25,50243454017,79863
25,50244644416,79886
25,50244687616,79909
25,50244730816,79932
25,50244774016,79955
25,50244817216,79978
25,50244860416,80001
25,50244903616,80024
25,50244946816,80047
25,50246180415,80070
25,50247370814,80093
25,50250898811,80116
25,50252089210,80139
25,50254470008,80162
25,50256807606,80185
25,50258041205,80208
25,50261526002,80231
25,50263906800,80254
25,50267391597,80277
25,50272066793,80300
25,50273257192,80323
25,50445615443,80346
25,50449143440,80369
25,50449186640,80392
25,50453905036,80415
25,50458623432,80438
25,50462108229,80461
25,50466111426,80484
25,50466759426,80507
25,50466845826,80530
25,50467018626,80553
25,50467105026,80576
25,50467148226,80599
25,50472797821,80622
25,50475178619,80645
25,50475221819,80668
25,50477602617,80691
25,50479983415,80714
25,50486909809,80737
25,50486953009,80760
25,50489333807,80783
25,50491671405,80806
25,50491714605,80829
25,50491757805,80852
25,50491801005,80875
25,50493034604,80898
25,50493077804,80921
25,50493121004,80944
25,50496605801,80967
25,50498943399,80990
25,50601173710,81013
25,50612688900,81036
25,50621909692,81059
25,50631130484,81082
25,50644940072,81105
25,50651866466,81128
25,50658120861,81151
25,50668661652,81174
25,50676908045,81197
25,50686301637,81220
25,50696799228,81243
25,50700087226,81266
25,50700260026,81289
25,50700389626,81312
25,50700519226,81335
25,50700648826,81358
25,50700778426,81381
25,50700821626,81404
25,50700908026,81427
25,50700994426,81450
25,50701080826,81473
25,50701124026,81496
25,50701210426,81519
25,50701296826,81542
25,50701340026,81565
25,50705122251,81588
25,50706355850,81611
25,50706843076,81634
25,50715533442,81657
25,50853269839,81680
25,50853313039,81703
25,50853356239,81726
25,50853399439,81749
25,50853442639,81772
25,50853485839,81795
25,50853529039,81818
25,50855866637,81841
25,50855909837,81864
25,50858247435,81887
25,50872057023,81910
25,50883572213,81933
25,50895087403,81956
25,50904308195,81979
25,50911234589,82002
25,50920455381,82025
25,50929676173,82048
25,50938896965,82071
25,50943528961,82094
25,50953095353,82117
25,50953786553,82140
25,50953829753,82163
25,50953916153,82186
25,50959844149,82209
25,50966770543,82232
25,50973783337,82255
25,50977311334,82278
25,50979648932,82301
25,50980882531,82324
25,51075384849,82347
25,51075428049,82370
25,51075471249,82393
25,51075514449,82416
25,51075557649,82439
25,51075600849,82462
25,51075644049,82485
25,51075687249,82508
25,51075730449,82531
25,51075773649,82554
25,51075816849,82577
25,51075860049,82600
25,51075903249,82623
25,51075946449,82646
25,51075989649,82669
25,51076032849,82692
25,51078370447,82715
25,51080708045,82738
25,51083045643,82761
25,51096855231,82784
25,51106076023,82807
25,51115296815,82829
25,51124517607,82851
25,51133738399,82873
25,51149842385,82895
25,51167266370,82917
25,51180058359,82939
25,51185923954,82961
25,51191746349,82983
25,51333106228,83005
25,51333149428,83027
25,51333192628,83049
25,51334383027,83071
25,51336720625,83093
25,51339058223,83115
25,51339101423,83137
25,51339144623,83159
25,51339187823,83181
25,51339231023,83203
25,51339274223,83225
25,51341611821,83247
25,51341655021,83269
25,51341698221,83291
25,51341741421,83313
25,51341784621,83335
25,51341827821,83357
25,51341871021,83379
25,51341914221,83401
25,51341957421,83423
25,51344295019,83445
25,51344338219,83467
25,51348970215,83489
25,51351307813,83511
25,51357087008,83533
25,51365160601,83555
25,51373234194,83577
25,51381480587,83599
25,51386155783,83621
25,51395506175,83643
25,51544507647,83665
25,51544550847,83687
25,51544594047,83709
25,51544637247,83731
25,51544680447,83753
25,51544723647,83775
25,51544766847,83797
25,51544853247,83819
25,51545069247,83841
25,51547450045,83863
25,51549830843,83885
25,51552211641,83907
25,51553402040,83929
25,51558034036,83951
25,51561562033,83973
25,51565133230,83995
25,51568618027,84017
25,51575414821,84039
25,51580046817,84061
25,51584722013,84083
25,51588206810,84105
25,51592882006,84127
25,51599894800,84149
25,51603379597,84171
25,51603422797,84193
25,51604656396,84215
25,51605846795,84237
25,51607080394,84259
25,51610608391,84281
25,51721017896,84303
25,51721061096,84325
25,51721104296,84347
25,51721320296,84369
25,51726038692,84391
25,51733094686,84413
25,51737813082,84435
25,51743721877,84457
25,51748440273,84479
25,51754305868,84501
25,51765907458,84523
25,51774067451,84545
25,51776448249,84567
25,51782227444,84589
25,51788049839,84611
25,51792681835,84633
25,51796425832,84655
25,51796555432,84677
25,51796728232,84699
25,51796814632,84721
25,51796901032,84743
25,51796987432,84765
25,51797073832,84787
25,51797160232,84809
25,51797246632,84831
25,51797289832,84853
25,51797333032,84875
25,51804129826,84897
25,51806467424,84919
25,51809952221,84941
25,51944107305,84963
25,51944150505,84985
25,51944193705,85007
25,51944236905,85029
25,51945600104,85051
25,51946790503,85073
25,51946833703,85095
25,51946876903,85117
25,51946920103,85139
25,51946963303,85161
25,51957460894,85183
25,51977222477,85205
25,51986788869,85227
25,51987004869,85249
25,51987264069,85271
25,51987480069,85293
25,51987609669,85315
25,51987696069,85337
25,51987825669,85359
25,51990195329,85381
25,52003030518,85403
25,52011147311,85425
25,52019220904,85447
25,52023852900,85469
25,52028484896,85491
25,52034264091,85513
25,52040086486,85535
25,52042769684,85557
25,52042942484,85579
25,52046014369,85601
25,52168764662,85623
25,52168807862,85645
25,52168851062,85667
25,52168894262,85689
25,52168937462,85711
25,52168980662,85733
25,52169023862,85755
25,52169067062,85777
25,52169110262,85799
25,52169153462,85821
25,52170343861,85843
25,52186447847,85865
25,52202551833,85887
25,52211772625,85909
25,52220993417,85931
25,52225625413,85953
25,52232551807,85975
25,52240755000,85997
25,52245473396,86019
25,52247484595,86041
25,52247570995,86063
25,52247657395,86085
25,52247786995,86107
25,52247916595,86129
25,52248046195,86151
25,52256398189,86173
25,52263084584,86195
25,52265422182,86217
25,52267716580,86239
25,52272348576,86261
25,52274642974,86283
25,52413281253,86305
25,52413324453,86327
25,52413367653,86349
25,52413410853,86371
25,52413454053,86393
25,52413497253,86415
25,52413540453,86437
25,52413583653,86459
25,52413626853,86481
25,52413670053,86503
25,52413713253,86525
25,52413756453,86547
25,52413799653,86569
25,52413842853,86590
25,52423063645,86611
25,52429990039,86632
25,52432327637,86653
25,52432370837,86674
25,52432414037,86695
25,52432457237,86716
25,52432500437,86737
25,52432543637,86758
25,52439556431,86779
25,52447673224,86800
25,52455833217,86821
25,52461655612,86842
25,52467521207,86863
25,52472239603,86884
25,52478148398,86905
25,52482866794,86926
25,52487541990,86947
25,52610589885,86968
25,52610633085,86989
25,52610676285,87010
25,52610719485,87031
25,52611909884,87052
25,52615437881,87073
25,52615481081,87094
25,52615524281,87115
25,52615567481,87136
25,52615610681,87157
25,52615653881,87178
25,52615697081,87199
25,52616887480,87220
25,52616930680,87241
25,52616973880,87262
25,52617017080,87283
25,52618207479,87304
25,52622882675,87325
25,52625220273,87346
25,52628748270,87367
25,52633423466,87388
25,52635804264,87409
25,52640479460,87430
25,52642817058,87451
25,52645197856,87472
25,52647578654,87493
25,52648812253,87514
25,52651193051,87535
25,52653530649,87556
25,52657101846,87577
25,52661777042,87598
25,52791016931,87619
25,52791103331,87640
25,52791232931,87661
25,52791276131,87682
25,52791362531,87703
25,52791448931,87724
25,52791535331,87745
25,52795103602,87766
25,52800882797,87787
25,52806705192,87808
25,52822390981,87829
25,52829446975,87850
25,52835312570,87871
25,52839987766,87892
25,52843472563,87913
25,52847000560,87934
25,52851682156,87955
25,52854235754,42090
25,53214954552,42135
25,53224175344,42180
25,53231101738,42225
25,53238028132,42270
25,53245053726,42315
25,53254423318,42360
25,53261392912,42404
25,53261436112,42448
25,53263816910,42492
25,53266154508,42536
25,53268492106,42580
25,53270872904,42624
25,53392471200,42668
25,53392514400,42712
25,53392557600,42756
25,53392600800,42800
25,53394938398,42844
25,53397275996,42888
25,53399613594,42932
25,53401951192,42976
25,53404288790,43020
25,53406626388,43064
25,53406669588,43108
25,53409007186,43152
25,53413639182,43196
25,53418314378,43240
25,53422989574,43284
25,53428811969,43327
25,53433487165,43370
25,53585042235,43413
25,53585085435,43456
25,53590864630,43499
25,53592055029,43542
25,53592098229,43585
25,53592141429,43628
25,53592184629,43671
25,53592227829,43714
25,53593418228,43757
25,53593461428,43800
25,53593504628,43843
25,53593547828,43886
25,53593591028,43929
25,53593634228,43972
25,53593677428,44015
25,53789022859,44058
25,53789152459,44101
25,53789238859,44144
25,53789282059,44187
25,53789454859,44230
25,53789584459,44273
25,53789757259,44316
25,53789800459,44358
25,53789843659,44400
25,53789930059,44442
25,53789973259,44484
25,53790016459,44526
25,53790102859,44568
25,53790189259,44610
25,53790232459,44652
25,53938024331,44694
25,53942656327,44736
25,53949582721,44778
25,53955361916,44820
25,53962288310,44862
25,53971509102,44904
25,53974993899,44946
25,53980773094,44988
25,53983283492,45030
25,53990296286,45072
25,53992437085,45114
25,53992523485,45156
25,53992653085,45198
25,53992739485,45240
25,53992869085,45282
25,53992912285,45324
25,54069361819,45366
25,54069448219,45407
25,54069491419,45448
25,54070897818,45489
25,54079101011,45530
25,54093971398,45571
25,54103192190,45612
25,54114707380,45653
25,54123928172,45694
25,54135443362,45735
25,54147001752,45776
25,54158646542,45817
25,54162174539,45858
25,54166849735,45899
25,54173819329,45940
25,54177304126,45981
25,54302843218,46022
25,54302886418,46063
25,54302929618,46104
25,54303102418,46145
25,54303145618,46186
25,54304552017,46227
25,54305785616,46268
25,54308166414,46309
25,54310547212,46350
25,54310590412,46391
25,54310633612,46432
25,54310720012,46473
25,54310806412,46513
25,54310849612,46553
25,54311065612,46593
25,54311152012,46633
25,54495092652,46673
25,54497430250,46713
25,54499767848,46753
25,54505263844,46793
25,54511215839,46833
25,54518228633,46873
25,54519764632,46913
25,54519894232,46953
25,54520023832,46993
25,54520110232,47033
25,54520196632,47073
25,54520369432,47113
25,54520455832,47153
25,54520542232,47193
25,54520671832,47233
25,54520715032,47273
25,54630087737,47313
25,54633572534,47353
25,54635910132,47393
25,54647425322,47433
25,54676148497,47473
25,54703724473,47513
25,54703767673,47553
25,54703810873,47593
25,54703854073,47633
25,54710780467,47672
25,54715412463,47711
25,54720044459,47750
25,54724676455,47789
25,54729308451,47828
25,54734070047,47867
25,54734415647,47906
25,54734458847,47945
25,54818569175,47984
25,54818655575,48023
25,54818785175,48062
25,54818871575,48101
25,54818914775,48140
25,54821597973,48179
25,54822874772,48218
25,54829930766,48257
25,54833458763,48296
25,54841402756,48335
25,54848329150,48374
25,54857549942,48413
25,54867917933,48452
25,54871402730,48491
25,54877225125,48530
25,54881900321,48569
25,54887722716,48608
25,55040492184,48647
25,55040535384,48686
25,55040578584,48725
25,55040794584,48764
25,55044365781,48803
25,55047893778,48842
25,55049127377,48880
25,55050317776,48918
25,55060772167,48956
25,55060988167,48994
25,55061247367,49032
25,55061420167,49070
25,55061506567,49108
25,55061636167,49146
25,55061765767,49184
25,55061895367,49222
25,55225100025,49260
25,55234320817,49298
25,55234364017,49336
25,55234407217,49374
25,55241333611,49412
25,55252004002,49450
25,55259232796,49488
25,55268626388,49526
25,55275226383,49564
25,55275355983,49602
25,55275442383,49640
25,55275528783,49678
25,55275571983,49716
25,55275658383,49754
25,55275744783,49792
25,55275874383,49830
25,55275960783,49868
25,55397064678,49906
25,55399402276,49944
25,55401739874,49982
25,55401783074,50020
25,55406415070,50058
25,55416783061,50096
25,55423709455,50134
25,55426047053,50171
25,55438709442,50208
25,55447930234,50245
25,55456003827,50282
25,55462930221,50319
25,55467605417,50356
25,55473427812,50393
25,55476955809,50430
25,55481631005,50467
25,55486306201,50504
25,55492128596,50541
25,55622990884,50578
25,55623034084,50615
25,55623077284,50652
25,55623120484,50689
25,55623163684,50726
25,55623206884,50763
25,55623250084,50800
25,55623293284,50837
25,55623336484,50874
25,55624526883,50911
25,55624570083,50948
25,55624613283,50985
25,55624656483,51022
25,55624699683,51059
25,55624742883,51096
25,55624786083,51133
25,55631755677,51170
25,55639915670,51207
25,55815672318,51244
25,55815845118,51281
25,55818225916,51318
25,55819416315,51355
25,55819459515,51392
25,55819545915,51429
25,55819589115,51466
25,55819675515,51503
25,55819805115,51539
25,55819848315,51575
25,55819934715,51611
25,55820107515,51647
25,55820193915,51683
25,55820323515,51719
25,55820366715,51755
25,55826016310,51791
25,55829501107,51827
25,55834133103,51863
25,56008483352,51899
25,56008612952,51935
25,56008742552,51971
25,56008828952,52007
25,56008872152,52043
25,56008915352,52079
25,56008958552,52115
25,56009044952,52151
25,56009131352,52187
25,56009260952,52223
25,56009390552,52259
25,56009433752,52295
25,56009520152,52331
25,56009649752,52367
25,56009736152,52403
25,56009865752,52439
25,56009908952,52475
25,56010038552,52511
25,56114052121,52547
25,56120978515,52583
25,56127904909,52619
25,56134831303,52655
25,56139463299,52691
25,56144095295,52727
25,56151021689,52763
25,56162709679,52799
25,56174354469,52835
25,56184808860,52871
25,56195176851,52907
25,56197514449,52942
25,56197557649,52977
25,56197600849,53012
25,56197644049,53047
25,56198834448,53082
25,56203509644,53117
25,56209288839,53152
25,56213920835,53187
25,56287165159,53222
25,56287337959,53257
25,56290498694,53292
25,56298313160,53327
25,56302013884,53362
25,56307533952,53397
25,56312165948,53432
25,56314633073,53467
25,56319221869,53502
25,56324957864,53537
25,56330693859,53572
25,56344773963,53607
25,56350553158,53642
25,56356375553,53677
25,56361050749,53712
25,56365725945,53747
25,56368106743,53782
25,56371591540,53817
25,56375119537,53852
25,56488821838,53887
25,56499122630,53922
25,56499338630,53957
25,56499381830,53992
25,56499425030,54027
25,56499554630,54062
25,56499684230,54097
25,56499813830,54132
25,56511816903,54167
25,56519847296,54202
25,56523288893,54237
25,56529024888,54272
25,56532466485,54307
25,56537055281,54342
25,56540496878,54377
25,56545085674,54412
25,56549674470,54446
25,56553116067,54480
25,56556557664,54514
25,56633536914,54548
25,56638168910,54582
25,56642800906,54616
25,56652021698,54650
25,56662389689,54684
25,56679813674,54718
25,56691458464,54752
25,56699618457,54786
25,56699661657,54820
25,56699704857,54854
25,56699748057,54888
25,56711349647,54922
25,56712540046,54956
25,56719509640,54990
25,56725720835,55024
25,56725850435,55058
25,56725936835,55092
25,56726023235,55126
25,56726152835,55160
25,56776814332,55194
25,56776857532,55228
25,56776900732,55262
25,56777030332,55296
25,56778393531,55330
25,56788927303,55364
25,56794922425,55398
25,56801805619,55432
25,56806394415,55466
25,56819835656,55500
25,56824510852,55534
25,56831566846,55568
25,56835094843,55602
25,56838622840,55636
25,56843298036,55670
25,56850310830,55704
25,56858427623,55738
25,56861955620,55772
25,56864293218,55806
25,56978014720,55840
25,56978101120,55874
25,56978144320,55908
25,56978187520,55942
25,56978230720,55976
25,56978273920,56010
25,56978317120,56044
25,56978360320,56077
25,56978446720,56110
25,56978533120,56143
25,56994472414,56176
25,57002546007,56209
25,57011507672,56242
25,57016398795,56275
25,57020771664,56308
25,57023325189,56341
25,57027957185,56374
25,57033477253,56407
25,57037221177,56440
25,57047847230,56473
25,57135336754,56506
25,57137717552,56539
25,57138907951,56572
25,57141288749,56605
25,57141331949,56638
25,57143669547,56671
25,57144859946,56704
25,57147240744,56737
25,57154210338,56770
25,57161223132,56803
25,57168192726,56836
25,57174015121,56869
25,57180941515,56902
25,57186763910,56935
25,57196027902,56968
25,57201807097,57001
25,57209923890,57034
25,57211675889,57067
25,57211848689,57100
25,57216869485,57133
25,57278674328,57166
25,57278717528,57199
25,57278847128,57232
25,57282763925,57265
25,57287938393,57298
25,57293760788,57331
25,57298435984,57364
25,57301963981,57397
25,57304301579,57430
25,57316305330,57463
25,57319833327,57496
25,57324465323,57529
25,57327993320,57562
25,57331478117,57595
25,57335006114,57628
25,57337343712,57661
25,57339681310,57694
25,57342062108,57727
25,57346737304,57759
25,57350222101,57791
25,57454876410,57823
25,57461802804,57855
25,57469919597,57887
25,57478036390,57919
25,57479073190,57951
25,57479332390,57983
25,57479505190,58015
25,57479591590,58047
25,57482732867,58079
25,57493144058,58111
25,57497819254,58143
25,57502451250,58175
25,57505936047,58207
25,57509420844,58239
25,57512905641,58271
25,57516519965,58303
25,57519961562,58335
25,57524550358,58367
25,57532369714,58399
25,57535854511,58431
25,57594664060,58463
25,57594707260,58495
25,57594750460,58527
25,57601676854,58559
25,57608603248,58591
25,57619100839,58623
25,57632953627,58655
25,57644598417,58687
25,57658580805,58719
25,57671372794,58751
25,57678342388,58783
25,57683017584,58815
25,57687692780,58847
25,57693471975,58879
25,57694662374,58911
25,57698190371,58943
25,57704271966,58975
25,57710396761,59007
25,57715115157,59039
25,57716435156,59071
25,57717711955,59103
25,57770905394,59135
25,57770991794,59167
25,57771078194,59199
25,57771121394,59231
25,57771207794,59263
25,57771489790,59295
25,57775733059,59327
25,57781142582,59359
25,57791017402,59391
25,57795778925,59423
25,57803636591,59455
25,57816762385,59487
25,57823731979,59519
25,57829899974,59550
25,57839163966,59581
25,57844986361,59612
25,57853146354,59643
25,57867042342,59674
25,57870527139,59705
25,57872864737,59736
25,57875202335,59767
25,57961285460,59798
25,57963623058,59829
25,57968255054,59860
25,57974077449,59891
25,57981047043,59922
25,57985568640,59953
25,57985698240,59984
25,57985871040,60015
25,57986000640,60046
25,57986130240,60077
25,57988889323,60108
25,58001486392,60139
25,58007222387,60170
25,58010663984,60201
25,58015252780,60232
25,58018694377,60263
25,58023283173,60294
25,58026724770,60325
25,58031313566,60356
25,58034755163,60387
25,58039343959,60418
25,58126898131,60449
25,58126941331,60480
25,58126984531,60511
25,58140837319,60542
25,58150144511,60573
25,58164083699,60604
25,58175728489,60635
25,58185035681,60666
25,58194342873,60697
25,58195576472,60728
25,58195619672,60759
25,58195662872,60790
25,58196853271,60821
25,58196896471,60852
25,58196939671,60883
25,58196982871,60914
25,58198173270,60945
25,58203995665,60976
25,58210965259,61007
25,58217934853,61038
25,58221851650,61069
25,58287304394,61100
25,58287347594,61131
25,58287520394,61162
25,58287606794,61193
25,58287779594,61224
25,58291869863,61255
25,58299900256,61286
25,58306092363,61317
25,58310268247,61348
25,58321953652,61379
25,58325481649,61410
25,58330156845,61441
25,58334875241,61471
25,58338360038,61501
25,58341888035,61531
25,58344268833,61561
25,58346649631,61591
25,58348987229,61621
25,58351368027,61651
25,58353705625,61681
25,58356086423,61711
25,58358424021,61741
25,58488705508,61771
25,58490111907,61801
25,58491993506,61831
25,58492079906,61861
25,58492252706,61891
25,58492468706,61921
25,58492684706,61951
25,58498989684,61981
25,58510461674,62011
25,58528989658,62041
25,58535613725,62071
25,58540288921,62101
25,58543773718,62131
25,58546111316,62161
25,58549596113,62191
25,58551933711,62221
25,58554271309,62251
25,58558903305,62281
25,58561240903,62311
25,58565872899,62341
25,58572909120,62371
25,58577541116,62401
25,58688905819,62431
25,58688949019,62461
25,58692477016,62491
25,58693667415,62521
25,58694901014,62551
25,58694944214,62581
25,58694987414,62611
25,58695030614,62641
25,58702000208,62671
25,58727540986,62701
25,58739142576,62731
25,58749596967,62761
25,58754747363,62791
25,58757560161,62821
25,58761217758,62851
25,58763641756,62881
25,58763684956,62911
25,58766108954,62941
25,58767299353,62971
25,58770870550,63001
25,58773294548,63031
25,58773337748,63061
25,58832426197,63091
25,58832469397,63121
25,58832512597,63151
25,58832555797,63181
25,58832598997,63211
25,58832642197,63241
25,58832685397,63271
25,58832728597,63301
25,58832771797,63331
25,58838400909,63361
25,58846560902,63391
25,58853530496,63421
25,58861647289,63451
25,58874439278,63481
25,58882599271,63510
25,58888464866,63539
25,58895434460,63568
25,58902404054,63597
25,58909330448,63626
25,58913962444,63655
25,58914005644,63684
25,58920932038,63713
25,59014047158,63742
25,59014219958,63771
25,59014349558,63800
25,59014479158,63829
25,59014651958,63858
25,59017777794,63887
25,59021478518,63916
25,59026110514,63945
25,59029595311,63974
25,59033924980,64003
25,59039704175,64032
25,59044336171,64061
25,59048968167,64090
25,59059658889,64119
25,59068879681,64148
25,59077039674,64177
25,59082862069,64206
25,59091971246,64235
25,59101192038,64264
25,59102468837,64293
25,59110801630,64322
25,59116580825,64351
25,59123377619,64380
25,59194763157,64409
25,59197100755,64438
25,59199481553,64467
25,59203009550,64496
25,59204199949,64525
25,59208875145,64554
25,59214697540,64583
25,59218225537,64612
25,59222900733,64641
25,59227532729,64670
25,59234502323,64699
25,59240324718,64728
25,59248441511,64757
25,59261190300,64786
25,59269393493,64815
25,59274673489,64844
25,59282833482,64873
25,59293460673,64902
25,59300689467,64931
25,59301966266,64960
25,59306900662,64989
25,59307159862,65018
25,59311451069,65047
25,59391927799,65076
25,59391970999,65105
25,59392014199,65134
25,59392057399,65163
25,59392100599,65192
25,59392143799,65221
25,59392186999,65250
25,59392230199,65279
25,59392273399,65308
25,59395758196,65337
25,59400433392,65366
25,59406255787,65395
25,59414415780,65424
25,59417900577,65453
25,59421428574,65482
25,59428441368,65511
25,59435410962,65540
25,59436644561,65569
25,59438982159,65598
25,59444761354,65627
25,59453982146,65656
25,59458614142,65685
25,59465540536,65713
25,59585516546,65741
25,59587052545,65769
25,59592918140,65797
25,59597593336,65825
25,59597679736,65853
25,59600060534,65881
25,59600146934,65909
25,59602527732,65937
25,59603718131,65965
25,59614272243,65993
25,59617757040,66021
25,59617800240,66049
25,59617843440,66077
25,59617886640,66105
25,59617929840,66133
25,59617973040,66161
25,59618016240,66189
25,59618059440,66217
25,59620397038,66245
25,59625029034,66273
25,59628513831,66301
25,59630851429,66329
25,59635483425,66357
25,59758665718,66385
25,59763340914,66413
25,59773881705,66441
25,59783145697,66469
25,59790072091,66497
25,59797041685,66525
25,59799096084,66553
25,59800761683,66581
25,59803142481,66609
25,59805609679,66637
25,59808033677,66665
25,59810457675,66693
25,59810544075,66721
25,59810630475,66749
25,59815724397,66777
25,59822434180,66805
25,59829417659,66833
25,59838625177,66861
25,59846612370,66889
25,59847845969,66917
25,59847889169,66945
25,59853884364,66973
25,59857671561,67001
25,59862303557,67029
25,59994816543,67057
25,59994859743,67085
25,59994902943,67113
25,59994946143,67141
25,59996136542,67169
25,60000854938,67197
25,60006634133,67225
25,60011266129,67253
25,60011309329,67281
25,60011352529,67309
25,60011395729,67337
25,60011438929,67365
25,60011482129,67393
25,60011525329,67421
25,60011568529,67449
25,60011611729,67477
25,60011654929,67505
25,60032347711,67533
25,60050746095,67561
25,60058104489,67589
25,60064186084,67617
25,60068318881,67645
25,60068491681,67673
25,60068578081,67701
25,60144706352,67729
25,60144749552,67757
25,60148742184,67785
25,60156902177,67813
25,60160430174,67841
25,60166209369,67869
25,60170841365,67897
25,60175473361,67925
25,60180105357,67953
25,60184737353,67981
25,60187074951,68009
25,60187118151,68037
25,60187161351,68064
25,60189498949,68091
25,60189542149,68118
25,60189585349,68145
25,60189628549,68172
25,60191966147,68199
25,60194303745,68226
25,60208113333,68253
25,60226511717,68280
25,60238026907,68307
25,60242831703,68334
25,60247506899,68361
25,60337526022,68388
25,60337655622,68415
25,60337742022,68442
25,60337871622,68469
25,60338087622,68496
25,60341702019,68523
25,60346463615,68550
25,60348844413,68577
25,60352502010,68604
25,60353692409,68631
25,60356073207,68658
25,60357306806,68685
25,60365886568,68712
25,60367120167,68739
25,60370954159,68766
25,60376297759,68793
25,60381219914,68820
25,60386955909,68847
25,60398735570,68874
25,60401073168,68901
25,60403453966,68928
25,60406938763,68955
25,60409276361,68982
25,60412804358,69009
25,60541050647,69036
25,60541093847,69063
25,60542284246,69090
25,60546916242,69117
25,60553842636,69144
25,60558474632,69171
25,60558517832,69198
25,60560855430,69225
25,60560898630,69252
25,60560941830,69279
25,60560985030,69306
25,60561028230,69333
25,60561071430,69360
25,60561114630,69387
25,60563452228,69414
25,60572673020,69441
25,60583516211,69468
25,60586415409,69495
25,60586804209,69522
25,60586977009,69549
25,60589540794,69576
25,60600383912,69603
25,60610838303,69630
25,60633436756,69657
25,60649540742,69684
25,60767659750,69711
25,60767702950,69738
25,60767746150,69765
25,60767789350,69792
25,60767832550,69819
25,60767875750,69846
25,60767918950,69873
25,60767962150,69900
25,60768005350,69927
25,60768048550,69954
25,60768091750,69981
25,60768134950,70008
25,60769325349,70035
25,60769368549,70062
25,60769411749,70089
25,60769454949,70116
25,60769498149,70143
25,60774130145,70170
25,60778762141,70197
25,60783394137,70224
25,60785731735,70251
25,60799541323,70278
25,60815947709,70305
25,60849562080,70332
25,60870341262,70359
25,60943670800,70386
25,60943714000,70413
25,60943757200,70440
25,60943800400,70467
25,60943843600,70494
25,60943886800,70521
25,60943930000,70548
25,60943973200,70574
25,60944059600,70600
25,60950097995,70626
25,60957110789,70652
25,60966201981,70678
25,60973128375,70704
25,60980184369,70730
25,60986006764,70756
25,60988344362,70782
25,60990725160,70808
25,60991915559,70834
25,60994296357,70860
25,60994339557,70886
25,60996720355,70912
25,60996763555,70938
25,60996806755,70964
25,60996849955,70990
25,61001611551,71016
25,61106568260,71042
25,61113494654,71068
25,61125009844,71094
25,61133083437,71120
25,61139726632,71146
25,61147929825,71172
25,61160808214,71198
25,61162560213,71224
25,61162689813,71250
25,61162733013,71276
25,61162862613,71302
25,61162949013,71328
25,61162992213,71354
25,61163208213,71380
25,61175893930,71406
25,61181673125,71432
25,61192041116,71458
25,61197820311,71484
25,61203599506,71510
25,61205937104,71536
25,61211716299,71562
25,61211802699,71588
25,61211889099,71614
25,61213295836,71640
25,61217927832,71666
25,61291564568,71692
25,61291607768,71718
25,61291650968,71744
25,61291694168,71770
25,61291737368,71796
25,61300958160,71822
25,61333122932,71848
25,61344638122,71874
25,61353858914,71900
25,61367668502,71926
25,61372300498,71952
25,61378382093,71978
25,61383057289,72004
25,61387732485,72030
25,61392407681,72056
25,61395892478,72082
25,61405199670,72108
25,61412212464,72134
25,61420372457,72160
25,61427298851,72186
25,61430759649,72212
25,61430889249,72238
25,61431018849,72264
25,61431105249,72290
25,61431148449,72316
25,61535583163,72342
25,61536773562,72368
25,61536816762,72394
25,61536859962,72420
25,61536903162,72446
25,61536946362,72472
25,61536989562,72498
25,61537032762,72524
25,61539370360,72550
25,61546296754,72576
25,61567291936,72602
25,61577746327,72628
25,61585906320,72654
25,61587139919,72680
25,61588330318,72706
25,61588373518,72732
25,61591858315,72758
25,61596533511,72784
25,61597723910,72810
25,61600061508,72836
25,61600104708,72862
25,61601338307,72888
25,61601381507,72914
25,61601424707,72940
25,61601467907,72966
25,61601511107,72992
25,61738411790,73018
25,61738454990,73044
25,61738541390,73070
25,61738584590,73096
25,61738627790,73122
25,61738670990,73148
25,61738714190,73174
25,61738757390,73200
25,61738800590,73226
25,61738886990,73252
25,61741962583,73277
25,61746551379,73302
25,61749992976,73327
25,61753477773,73352
25,61758109769,73377
25,61761551366,73402
25,61764992963,73427
25,61769365832,73452
25,61773997828,73477
25,61785210618,73502
25,61788695415,73527
25,61792223412,73552
25,61795708209,73577
25,61800340205,73602
25,61803825002,73627
25,61807309799,73652
25,61982178448,73677
25,61982264848,73702
25,61982351248,73727
25,61982394448,73752
25,61982480848,73777
25,61982524048,73802
25,61982610448,73827
25,61982653648,73852
25,61982740048,73877
25,61982826448,73902
25,61982869648,73927
25,61982956048,73952
25,61982999248,73977
25,61983042448,74002
25,61983085648,74027
25,61983172048,74052
25,61983215248,74077
25,61983301648,74102
25,61989685643,74127
25,61996750754,74152
25,62004997147,74177
25,62011923541,74202
25,62016512337,74227
25,62022291532,74252
25,62029001999,74277
25,62032702723,74302
25,62145849897,74327
25,62155070689,74352
25,62166585879,74377
25,62180395467,74402
25,62189616259,74427
25,62196542653,74452
25,62204365047,74477
25,62205555446,74502
25,62210299442,74527
25,62212693040,74552
25,62215086638,74577
25,62219774634,74602
25,62226813028,74627
25,62228059427,74652
25,62229249826,74677
25,62230440225,74702
25,62232833823,74727
25,62235227421,74752
25,62241118616,74777
25,62248157010,74802
25,62253992205,74827
25,62261592199,74852
25,62261894599,74877
25,62261980999,74902
25,62264072198,74927
25,62266496196,74952
25,62386109716,74977
25,62386152916,75002
25,62386196116,75027
25,62386239316,75052
25,62386282516,75077
25,62386325716,75102
25,62386368916,75127
25,62386412116,75152
25,62386455316,75177
25,62386498516,75202
25,62391173712,75227
25,62393511310,75252
25,62399333705,75277
25,62404008901,75302
25,62409831296,75327
25,62413359293,75352
25,62415740091,75377
25,62415783291,75402
25,62418120889,75427
25,62418164089,75452
25,62420544887,75477
25,62420588087,75502
25,62420631287,75527
25,62422968885,75552
25,62425349683,75577
25,62426540082,75602
25,62428920880,75627
25,62568701560,75652
25,62568787960,75677
25,62568831160,75702
25,62568874360,75727
25,62568960760,75752
25,62569003960,75777
25,62569090360,75802
25,62569133560,75827
25,62569219960,75852
25,62569263160,75877
25,62569349560,75902
25,62569435960,75927
25,62569522360,75952
25,62569608760,75977
25,62569651960,76002
25,62569738360,76027
25,62569781560,76052
25,62569824760,76077
25,62575656040,76102
25,62579140837,76127
25,62580374436,76152
25,62582712034,76177
25,62585049632,76201
25,62587387230,76225
25,62590872027,76249
25,62593209625,76273
25,62596694422,76297
25,62777279865,76321
25,62777323065,76345
25,62777366265,76369
25,62777409465,76393
25,62777452665,76417
25,62777539065,76441
25,62777582265,76465
25,62777625465,76489
25,62779291064,76513
25,62779334264,76537
25,62781715062,76561
25,62783035061,76585
25,62784311860,76609
25,62784355060,76633
25,62786779058,76657
25,62786865458,76681
25,62786951858,76705
25,62788142257,76729
25,62789419056,76753
25,62791843054,76777
25,62793076653,76801
25,62794310252,76825
25,62796691050,76849
25,62802737436,76873
25,62815443025,76897
25,62821265420,76921
25,62828191814,76945
25,62933809747,76969
25,62936147345,76993
25,62938484943,77017
25,62940822541,77041
25,62943160139,77065
25,62945497737,77089
25,62947835335,77113
25,62947878535,77137
25,62947921735,77161
25,62950259333,77185
25,62950302533,77209
25,62952640131,77233
25,62952683331,77257
25,62955020929,77281
25,62955064129,77305
25,62957401727,77329
25,62959739325,77353
25,62964371321,77377
25,62969003317,77401
25,62980518507,77425
25,62989739299,77449
25,63001254489,77473
25,63003592087,77497
25,63013960078,77521
25,63026622467,77545
25,63033548861,77569
25,63035886459,77593
25,63158003155,77617
25,63158046355,77641
25,63158089555,77665
25,63158132755,77689
25,63159323154,77713
25,63161660752,77737
25,63161703952,77761
25,63161747152,77785
25,63164084750,77809
25,63165275149,77833
25,63166465548,77857
25,63166508748,77881
25,63166551948,77905
25,63168889546,77929
25,63168932746,77953
25,63168975946,77977
25,63169019146,78001
25,63169062346,78025
25,63169105546,78049
25,63169148746,78073
25,63169191946,78097
25,63172676743,78121
25,63172719943,78145
25,63172763143,78169
25,63172806343,78193
25,63175143941,78217
25,63178628738,78241
25,63183260734,78265
25,63368281374,78289
25,63375812568,78313
25,63375898968,78337
25,63375985368,78361
25,63378366166,78385
25,63378409366,78409
25,63378452566,78433
25,63378495766,78457
25,63378538966,78481
25,63378582166,78505
25,63378625366,78529
25,63378668566,78553
25,63378711766,78577
25,63379902165,78601
25,63381178964,78625
25,63381222164,78649
25,63383646162,78673
25,63383689362,78697
25,63383818962,78721
25,63383948562,78745
25,63383991762,78769
25,63384078162,78793
25,63384250962,78817
25,63384380562,78841
25,63386003685,78865
25,63392886879,78889
25,63397518875,78913
25,63404402069,78937
25,63545464346,78961
25,63566157128,78985
25,63573083522,79009
25,63581157115,79033
25,63583537913,79057
25,63588169909,79081
25,63589403508,79105
25,63592888305,79129
25,63595225903,79153
25,63598753900,79177
25,63601091498,79201
25,63602281897,79225
25,63604662695,79249
25,63607000293,79273
25,63609337891,79297
25,63610528290,79321
25,63611761889,79345
25,63614099487,79369
25,63616437085,79392
25,63622259480,79415
25,63628081875,79438
25,63632430672,79461
25,63634009871,79484
25,63636390669,79507
25,63638771467,79530
25,63641195465,79553
25,63643576263,79576
25,63646000261,79599
25,63733120186,79622
25,63733163386,79645
25,63733206586,79668
25,63733249786,79691
25,63733336186,79714
25,63733379386,79737
25,63733422586,79760
25,63733465786,79783
25,63734699385,79806
25,63734742585,79829
25,63738270582,79852
25,63741755379,79875
25,63741798579,79898
25,63745283376,79921
25,63747664174,79944
25,63751148971,79967
25,63753486569,79990
25,63756971366,80013
25,63759352164,80036
25,63762836961,80059
25,63764027360,80082
25,63766364958,80105
25,63767598557,80128
25,63774524951,80151
25,63781494545,80174
25,63786169741,80197
25,63790801737,80220
25,63797771331,80243
25,63952119998,80266
25,63952163198,80289
25,63952249598,80312
25,63952292798,80335
25,63952465598,80358
25,63952595198,80381
25,63952767998,80404
25,63952854398,80427
25,63953027198,80450
25,63953113598,80473
25,63953156798,80496
25,63953243198,80519
25,63953286398,80542
25,63953329598,80565
25,63953372798,80588
25,63953459198,80611
25,63953502398,80634
25,63955107225,80657
25,63956297624,80680
25,63957738768,80703
25,63959490694,80726
25,63962154804,80749
25,63964751562,80772
25,63967607487,80795
25,63971049084,80818
25,63974490681,80841
25,63977975478,80864
25,63986093474,80887
25,63989597472,80910
25,64161224918,80933
25,64167047313,80956
25,64171722509,80979
25,64177588104,81002
25,64183410499,81025
25,64184644098,81048
25,64184687298,81071
25,64184730498,81094
25,64184773698,81117
25,64184816898,81140
25,64184860098,81163
25,64186050497,81186
25,64189578494,81209
25,64194253690,81232
25,64198928886,81255
25,64203604082,81278
25,64206719280,81301
25,64210722477,81324
25,64213103275,81347
25,64213189675,81370
25,64213276075,81393
25,64215700073,81416
25,64215786473,81439
25,64219314470,81462
25,64220548069,81485
25,64221781668,81508
25,64223015267,81531
25,64224248866,81554
25,64226629664,81577
25,64381385295,81600
25,64381428495,81623
25,64387207690,81646
25,64396428482,81669
25,64403354876,81692
25,64407986872,81715
25,64410324470,81738
25,64410367670,81761
25,64410410870,81784
25,64412748468,81807
25,64412791668,81830
25,64412834868,81853
25,64415172466,81876
25,64417510064,81899
25,64417553264,81922
25,64417596464,81945
25,64419934062,81968
25,64419977262,81991
25,64420020462,82014
25,64420063662,82037
25,64420106862,82060
25,64420150062,82083
25,64422487660,82106
25,64422530860,82129
25,64424868458,82152
25,64427206056,82175
25,64427249256,82198
25,64429586854,82221
25,64431924452,82244
25,64546986450,82267
25,64547029650,82290
25,64547072850,82313
25,64547159250,82336
25,64547202450,82359
25,64547245650,82382
25,64547288850,82405
25,64547332050,82428
25,64547548050,82451
25,64547591250,82474
25,64548781649,82497
25,64550015248,82520
25,64553500045,82543
25,64560296839,82566
25,64562634437,82589
25,64567266433,82612
25,64569604031,82635
25,64574236027,82658
25,64576573625,82681
25,64578911223,82704
25,64581248821,82727
25,64583586419,82750
25,64585924017,82773
25,64588261615,82796
25,64590599213,82819
25,64590642413,82841
25,64592980011,82863
25,64593023211,82885
25,64593066411,82907
25,64726271095,82929
25,64733240689,82951
25,64741400682,82973
25,64754192671,82995
25,64760058266,83017
25,64763543063,83039
25,64763586263,83061
25,64767114260,83083
25,64767157460,83105
25,64767200660,83127
25,64769883858,83149
25,64769970258,83171
25,64771419857,83193
25,64773800655,83215
25,64776181453,83237
25,64782090248,83259
25,64786808644,83281
25,64792717439,83303
25,64798583034,83325
25,64803344630,83347
25,64807045427,83369
25,64807131827,83391
25,64807261427,83413
25,64807347827,83435
25,64807391027,83457
25,64809815025,83479
25,64809901425,83501
25,64809944625,83523
25,64809987825,83545
25,64811178224,83567
25,64876285368,83589
25,64876328568,83611
25,64876371768,83633
25,64876414968,83655
25,64878795766,83677
25,64881133364,83699
25,64884661361,83721
25,64888189358,83743
25,64895158952,83765
25,64902128546,83787
25,64910245339,83809
25,64917214933,83831
25,64924227727,83853
25,64931197321,83875
25,64936976516,83897
25,64943902910,83919
25,64950829304,83941
25,64960050096,83963
25,64966976490,83985
25,64969314088,84007
25,64971651686,84029
25,64973989284,84051
25,64978621280,84073
25,64983253276,84095
25,64987885272,84117
25,64992517268,84139
25,65001738060,84161
25,65013253250,84183
25,65020179644,84205
25,65031694834,84227
25,65107405170,84249
25,65107448370,84271
25,65107491570,84293
25,65107534770,84315
25,65107577970,84337
25,65109070769,84359
25,65113875565,84381
25,65116299563,84403
25,65118680361,84425
25,65121061159,84447
25,65123441957,84469
25,65125822755,84491
25,65130884482,84513
25,65134632801,84535
25,65139523997,84557
25,65144650870,84579
25,65152505815,84601
25,65154843413,84623
25,65158328210,84645
25,65160665808,84667
25,65165297804,84689
25,65167635402,84711
25,65172267398,84733
25,65175752195,84755
25,65180384191,84777
25,65182721789,84799
25,65187353785,84821
25,65191985781,84843
25,65194323379,84865
25,65201249773,84887
25,65347222447,84909
25,65347265647,84931
25,65347308847,84953
25,65347352047,84975
25,65347395247,84997
25,65347481647,85019
25,65353476842,85041
25,65360532836,85063
25,65367502430,85085
25,65372177626,85107
25,65372220826,85129
25,65372264026,85151
25,65372307226,85173
25,65372350426,85195
25,65372393626,85217
25,65378259221,85239
25,65386548814,85261
25,65390120011,85283
25,65393691208,85305
25,65393777608,85327
25,65393993608,85349
25,65394166408,85371
25,65394296008,85393
25,65394425608,85415
25,65394512008,85437
25,65394598408,85459
25,65394641608,85481
25,65394728008,85503
25,65394814408,85525
25,65394944008,85547
25,65534783251,85569
25,65534826451,85591
25,65534869651,85613
25,65539501647,85635
25,65544133643,85657
25,65544176843,85679
25,65546514441,85701
25,65546557641,85723
25,65546600841,85745
25,65546644041,85767
25,65548981639,85789
25,65553613635,85811
25,65558245631,85833
25,65560583229,85855
25,65565215225,85877
25,65569847221,85899
25,65576773615,85921
25,65583700009,85943
25,65590626403,85965
25,65595258399,85987
25,65602184793,86009
25,65609111187,86031
25,65613743183,86053
25,65619695178,86075
25,65626707972,86097
25,65631339968,86119
25,65638309562,86141
25,65644064758,86163
25,65644151158,86185
25,65644237558,86207
25,65711725500,86229
25,65711768700,86251
25,65711811900,86273
25,65711855100,86295
25,65711941500,86317
25,65711984700,86339
25,65712027900,86361
25,65712114300,86383
25,65713520699,86405
25,65714754298,86427
25,65715987897,86449
25,65718368695,86471
25,65721939892,86493
25,65723130291,86515
25,65725554289,86537
25,65726744688,86559
25,65728021487,86581
25,65730359085,86602
25,65737155879,86623
25,65741787875,86644
25,65748714269,86665
25,65760229459,86686
25,65767155853,86707
25,65769493451,86728
25,65774125447,86749
25,65781051841,86770
25,65781095041,86791
25,65783432639,86812
25,65788064635,86833
25,65793887030,86854
25,65798562226,86875
25,65912739727,86896
25,65917371723,86917
25,65922003719,86938
25,65926635715,86959
25,65933562109,86980
25,65938194105,87001
25,65942197302,87022
25,65945898099,87043
25,65949426096,87064
25,65951850094,87085
25,65960096487,87106
25,65967282081,87127
25,65985810065,87148
25,65985982865,87169
25,65986026065,87190
25,65986198865,87211
25,65986285265,87232
25,65986371665,87253
25,65986414865,87274
25,65986501265,87295
25,65986674065,87316
25,65986803665,87337
25,65986890065,87358
25,65987019665,87379
25,65987106065,87400
25,65987192465,87421
25,65987278865,87442
25,65987322065,87463
25,65990746922,87484
25,65995162991,87505
25,66110760252,87526
25,66110803452,87547
25,66110846652,87568
25,66110889852,87589
25,66110933052,87610
25,66110976252,87631
25,66111019452,87652
25,66111062652,87673
25,66111105852,87694
25,66111149052,87715
25,66112339451,87736
25,66126149039,87757
25,66162902607,87778
25,66167534603,87799
25,66172166599,87820
25,66176798595,87841
25,66181430591,87862
25,66188356985,87883
25,66192988981,87904
25,66204504171,87925
25,66213854563,87946
25,66225456153,87967
25,66228984150,87988
25,66230174549,88009
25,66237144143,88030
25,66240672140,88051
25,66244132938,88072
25,66244219338,88093
25,66244305738,88114
25,66244348938,88135
25,66244435338,88156
25,66341164855,88177
25,66341208055,88198
25,66341251255,88219
25,66341294455,88240
25,66341337655,88261
25,66341380855,88282
25,66341424055,88303
25,66341467255,88324
25,66341510455,88345
25,66341553655,88366
25,66341596855,88387
25,66343934453,88408
25,66343977653,88429
25,66344020853,88450
25,66345211252,88471
25,66345254452,88492
25,66345297652,88513
25,66347635250,88534
25,66351120047,88555
25,66358046441,88576
25,66362678437,88597
25,66371899229,88618
25,66376531225,88639
25,66383457619,88660
25,66390427213,88681
25,66397396807,88702
25,66403219202,88723
25,66407894398,88744
25,66412569594,88765
25,66418391989,88786
25,66424214384,88807
25,66589060642,88828
25,66589147042,88849
25,66589276642,88870
25,66589363042,88891
25,66589449442,88912
25,66589535842,88933
25,66589622242,88954
25,66589665442,88975
25,66589751842,88996
25,66589838242,89017
25,66589881442,89038
25,66589967842,89059
25,66590011042,89080
25,66590097442,89101
25,66590140642,89122
25,66590227042,89143
25,66590270242,89164
25,66590356642,89185
25,66590399842,89206
25,66590443042,89227
25,66590529442,89248
25,66591712430,89269
25,66602400797,89290
25,66604738395,89311
25,66607075993,89332
25,66772575049,89353
25,66774912647,89374
25,66777250245,89395
25,66781882241,89416
25,66788808635,89437
25,66793440631,89458
25,66798072627,89479
25,66802704623,89500
25,66809631017,89521
25,66811968615,89542
25,66816600611,89563
25,66823527005,89584
25,66832877397,89605
25,66835579796,89626
25,66835709396,89647
25,66835795796,89668
25,66835882196,89689
25,66835968596,89710
25,66836098196,89731
25,66836184596,89752
25,66836227796,89773
25,66836314196,89794
25,66840247457,89815
25,66846069852,89836
25,66854100245,89857
25,66855625843,89878
25,66863321037,89899
25,66864554636,89920
25,66864597836,89941
25,66870290631,89962
25,66871524230,89983
25,66871567430,90004
25,66960779240,90025
25,66961969639,90046
25,66962012839,90067
25,66962056039,90088
25,66962099239,90109
25,66962142439,90130
25,66962185639,90151
25,66962228839,90172
25,66964566437,90193
25,66971492831,90214
25,66977272026,90235
25,66977315226,90256
25,66977358426,90277
25,66977401626,90298
25,66982033622,90319
25,66991254414,90340
25,66995886410,90361
25,67001665605,90382
25,67007444800,90403
25,67013267195,90424
25,67019089590,90445
25,67023764786,90466
25,67028439982,90487
25,67033115178,90508
25,67037790374,90529
25,67042465570,90550
25,67047183966,90571
25,67051902362,90592
25,67056620758,90613
25,67060148755,90634
25,67066014350,90655
25,67069499147,90676
25,67166444664,90697
25,67166574264,90717
25,67166660664,90737
25,67166790264,90757
25,67166919864,90777
25,67167006264,90797
25,67167135864,90817
25,67167222264,90837
25,67167351864,90857
25,67171615558,90877
25,67177394753,90897
25,67182958021,90917
25,67186615545,90937
25,67199550568,90957
25,67201888166,90977
25,67205416163,90997
25,67208944160,91017
25,67213619356,91037
25,67219441751,91057
25,67221779349,91077
25,67226454545,91097
25,67227644944,91117
25,67231259341,91137
25,67237038536,91157
25,67239376134,91177
25,67243964930,91197
25,67245155329,91217
25,67250891324,91237
25,67253519091,91257
25,67260315885,91277
25,67262653483,91297
25,67266138280,91317
25,67361398997,91337
25,67370619789,91357
25,67382134979,91377
25,67391355771,91397
25,67398282165,91417
25,67405208559,91437
25,67410987754,91457
25,67414472551,91477
25,67414515751,91497
25,67414558951,91517
25,67421528545,91537
25,67424144544,91557
25,67424230944,91577
25,67424360544,91597
25,67424403744,91617
25,67424490144,91637
25,67424962020,91657
25,67431888414,91677
25,67439962007,91697
25,67444550803,91717
25,67453771595,91737
25,67458403591,91757
25,67463966859,91777
25,67472019704,91797
25,67478330098,44160
25,67780882819,44203
25,67781012419,44246
25,67781055619,44289
25,67782462018,44331
25,67784842816,44373
25,67788414013,44415
25,67790794811,44457
25,67794538808,44499
25,67794582008,44541
25,67794668408,44583
25,67794754808,44625
25,67805036399,44667
25,67815533990,44709
25,67822460384,44751
25,67944581878,44793
25,67951508272,44835
25,67958434666,44877
25,67966508259,44919
25,67972287454,44961
25,67976919450,45003
25,67982698645,45045
25,67994213835,45087
25,67998778632,45129
25,68005834626,45171
25,68009405823,45213
25,68012434621,45255
25,68012650621,45297
25,68012780221,45339
25,68012866621,45381
25,68013039421,45422
25,68013169021,45463
25,68055436410,45504
25,68055479610,45545
25,68061561205,45586
25,68071799596,45627
25,68074137194,45668
25,68081063588,45709
25,68097167574,45750
25,68110977162,45791
25,68132817143,45832
25,68147773930,45873
25,68161583518,45914
25,68169657111,45955
25,68174289107,45996
25,68181301901,46037
25,68185933897,46078
25,68192946691,46119
25,68252903439,46160
25,68258725834,46201
25,68262253831,46242
25,68267836227,46283
25,68272511423,46324
25,68281905015,46365
25,68300648999,46406
25,68312466589,46447
25,68321946581,46488
25,68325517778,46528
25,68327941776,46568
25,68329218575,46608
25,68329391375,46648
25,68329520975,46688
25,68329607375,46728
25,68332183926,46768
25,68413624377,46808
25,68413667577,46848
25,68413710777,46888
25,68418385973,46928
25,68425398767,46968
25,68438190756,47008
25,68459142738,47048
25,68459185938,47088
25,68469553929,47128
25,68476480323,47168
25,68481112319,47208
25,68488038713,47248
25,68492670709,47288
25,68499597103,47328
25,68504229099,47368
25,68511155493,47408
25,68616603036,47448
25,68616646236,47488
25,68616732636,47528
25,68616819036,47568
25,68616862236,47608
25,68616905436,47648
25,68616948636,47687
25,68616991836,47726
25,68617035036,47765
25,68617078236,47804
25,68617121436,47843
25,68617164636,47882
25,68617207836,47921
25,68619089435,47960
25,68619132635,47999
25,68629115393,48038
25,68630348992,48077
25,68796736047,48116
25,68797926446,48155
25,68802558442,48194
25,68804896040,48233
25,68807276838,48272
25,68810804835,48311
25,68815436831,48350
25,68820112027,48389
25,68825934422,48428
25,68831756817,48467
25,68836388813,48506
25,68841064009,48545
25,68848638403,48584
25,68848768003,48623
25,68849459203,48662
25,68854263999,48701
25,68858982395,48740
25,68926340737,48779
25,68926470337,48818
25,68926513537,48857
25,68926599937,48895
25,68928006336,48933
25,68930473534,48971
25,68932854332,49009
25,68939867126,49047
25,68942507124,49085
25,68953935914,49123
25,68963199906,49161
25,68972507098,49199
25,68986489486,49237
25,68995796678,49275
25,69000471874,49313
25,69005190270,49351
25,69011012665,49389
25,69125818965,49427
25,69125862165,49465
25,69129346962,49503
25,69129390162,49541
25,69134022158,49579
25,69143242950,49617
25,69150169344,49655
25,69154604541,49693
25,69162807734,49731
25,69166354932,49769
25,69166570932,49807
25,69166743732,49845
25,69169942795,49883
25,69173384392,49921
25,69177973188,49959
25,69181414785,49997
25,69184899582,50035
25,69276829214,50073
25,69276872414,50111
25,69276915614,50149
25,69279253212,50186
25,69281590810,50223
25,69286222806,50260
25,69293149200,50297
25,69304664390,50334
25,69309296386,50371
25,69313928382,50408
25,69320854776,50445
25,69330075568,50482
25,69341590758,50519
25,69353105948,50556
25,69360032342,50593
25,69368235535,50630
25,69371763532,50667
25,69376438728,50704
25,69504032219,50741
25,69504075419,50778
25,69504118619,50815
25,69504161819,50852
25,69504377819,50889
25,69504421019,50926
25,69505654618,50963
25,69506931417,51000
25,69506974617,51037
25,69509355415,51074
25,69509398615,51111
25,69511822613,51148
25,69511865813,51185
25,69516670609,51222
25,69521389005,51259
25,69524917002,51296
25,69528401799,51333
25,69537492991,51370
25,69657708887,51407
25,69664635281,51444
25,69669267277,51481
25,69673899273,51517
25,69678531269,51553
25,69683163265,51589
25,69687795261,51625
25,69692427257,51661
25,69697059253,51697
25,69703985647,51733
25,69710912041,51769
25,69717838435,51805
25,69722470431,51841
25,69731691223,51877
25,69739524817,51913
25,69748918409,51949
25,69758225601,51985
25,69761254399,52021
25,69798871967,52057
25,69798915167,52093
25,69798958367,52129
25,69799001567,52165
25,69799087967,52201
25,69799131167,52237
25,69799217567,52273
25,69799303967,52309
25,69799390367,52345
25,69799519967,52381
25,69803544165,52417
25,69809323360,52453
25,69822255206,52489
25,69830328799,52525
25,69834960795,52561
25,69864831169,52597
25,69885523951,52633
25,69887861549,52669
25,70008619844,52705
25,70008663044,52741
25,70011000642,52777
25,70011043842,52813
25,70013424640,52849
25,70013467840,52885
25,70013511040,52921
25,70019333435,52956
25,70022861432,52991
25,70027536628,53026
25,70033359023,53061
25,70039181418,53096
25,70043856614,53131
25,70049679009,53166
25,70052967007,53201
25,70060498201,53236
25,70087445378,53271
25,70089869376,53306
25,70089912576,53341
25,70171210106,53376
25,70180517298,53411
25,70192118888,53446
25,70203677278,53481
25,70215278868,53516
25,70222205262,53551
25,70228027657,53586
25,70233850052,53621
25,70233893252,53656
25,70233936452,53691
25,70233979652,53726
25,70234022852,53761
25,70234066052,53796
25,70234109252,53831
25,70234152452,53866
25,70236533250,53901
25,70249282039,53936
25,70253957235,53971
25,70258589231,54006
25,70390037118,54041
25,70390339518,54076
25,70390425918,54111
25,70390555518,54146
25,70390685118,54181
25,70390857918,54216
25,70390944318,54251
25,70391117118,54286
25,70391203518,54321
25,70391289918,54356
25,70391419518,54391
25,70391505918,54426
25,70391592318,54460
25,70391721918,54494
25,70391765118,54528
25,70391851518,54562
25,70391894718,54596
25,70391937918,54630
25,70391981118,54664
25,70540801488,54698
25,70552316678,54732
25,70563831868,54766
25,70568463864,54800
25,70577684656,54834
25,70586905448,54868
25,70599567837,54902
25,70608788629,54936
25,70614567824,54970
25,70623875016,55004
25,70632035009,55038
25,70633225408,55072
25,70635409407,55106
25,70635539007,55140
25,70635582207,55174
25,70635625407,55208
25,70635711807,55242
25,70635755007,55276
25,70635841407,55310
25,70701380551,55344
25,70701423751,55378
25,70701553351,55412
25,70702959750,55446
25,70705426948,55480
25,70706660547,55514
25,70713846141,55548
25,70725577331,55582
25,70735815722,55616
25,70747330912,55650
25,70754257306,55684
25,70758975702,55718
25,70771724491,55752
25,70779841284,55786
25,70785663679,55820
25,70794970871,55854
25,70795014071,55888
25,70795057271,55922
25,70796247670,55956
25,70800922866,55990
25,70902437978,56024
25,70904775576,56057
25,70907113174,56090
25,70911745170,56123
25,70920965962,56156
25,70930402754,56189
25,70934405951,56222
25,70947327540,56255
25,70967218723,56288
25,70982953110,56321
25,70983212310,56354
25,70983428310,56387
25,70983601110,56420
25,70983644310,56453
25,70983773910,56486
25,70983903510,56519
25,70984033110,56552
25,70985856913,56585
25,70991592908,56618
25,70995077705,56651
25,71110858404,56684
25,71110901604,56717
25,71110944804,56750
25,71110988004,56783
25,71111031204,56816
25,71111074404,56849
25,71111117604,56882
25,71122632794,56915
25,71147914372,56948
25,71157135164,56981
25,71161767160,57014
25,71168693554,57047
25,71180208744,57080
25,71187135138,57113
25,71194061532,57146
25,71200987926,57179
25,71207914320,57212
25,71210251918,57245
25,71214883914,57278
25,71221810308,57311
25,71318016627,57344
25,71318059827,57377
25,71318146227,57410
25,71318189427,57443
25,71318232627,57476
25,71318275827,57509
25,71320829425,57542
25,71320872625,57575
25,71325591021,57608
25,71325634221,57641
25,71329162218,57674
25,71335959012,57707
25,71338296610,57740
25,71342928606,57772
25,71345266204,57804
25,71347603802,57836
25,71347647002,57868
25,71349984600,57900
25,71352322198,57932
25,71354659796,57964
25,71498534871,57996
25,71502062868,58028
25,71507885263,58060
25,71512603659,58092
25,71518426054,58124
25,71524291649,58156
25,71530114044,58188
25,71534789240,58220
25,71537386038,58252
25,71542320434,58284
25,71548229229,58316
25,71554094824,58348
25,71560003619,58380
25,71565869214,58412
25,71570587610,58444
25,71576410005,58476
25,71582232400,58508
25,71588141195,58540
25,71684263490,58572
25,71684306690,58604
25,71684349890,58636
25,71684393090,58668
25,71684436290,58700
25,71684479490,58732
25,71684522690,58764
25,71684565890,58796
25,71684609090,58828
25,71686946688,58860
25,71688137087,58892
25,71690517885,58924
25,71695149881,58956
25,71703266674,58988
25,71710236268,59020
25,71726469854,59052
25,71740279442,59084
25,71760972224,59116
25,71865924135,59148
25,71865967335,59180
25,71866010535,59212
25,71866096935,59244
25,71866226535,59276
25,71866312935,59308
25,71867941624,59340
25,71872530420,59372
25,71878266415,59404
25,71883829683,59436
25,71887487207,59468
25,71896678802,59500
25,71900288399,59532
25,71910398241,59563
25,71913883038,59594
25,71919662233,59625
25,71921999831,59656
25,71928926225,59687
25,71932411022,59718
25,71938190217,59749
25,71941675014,59780
25,72073146900,59811
25,72073190100,59842
25,72073233300,59873
25,72073276500,59904
25,72073319700,59935
25,72073362900,59966
25,72073406100,59997
25,72074596499,60028
25,72080418894,60059
25,72088578887,60090
25,72097886079,60121
25,72111239668,60152
25,72115026865,60183
25,72123230058,60214
25,72124420457,60245
25,72126887655,60276
25,72126974055,60307
25,72128207654,60338
25,72129441253,60369
25,72134246049,60400
25,72137903646,60431
25,72206001933,60462
25,72206045133,60493
25,72206174733,60524
25,72206563533,60555
25,72211238729,60586
25,72217017924,60617
25,72230434747,60648
25,72232772345,60679
25,72236300342,60710
25,72240975538,60741
25,72243313136,60772
25,72246841133,60803
25,72257295524,60834
25,72270087513,60865
25,72278204306,60896
25,72283983501,60927
25,72286364299,60958
25,72289849096,60989
25,72294524292,61020
25,72294567492,61051
25,72296948290,61082
25,72432749772,61113
25,72438764168,61144
25,72438936968,61175
25,72439066568,61206
25,72439109768,61237
25,72439196168,61268
25,72439455368,61299
25,72439541768,61330
25,72439628168,61361
25,72449851436,61392
25,72453336233,61423
25,72456821030,61454
25,72460437116,61484
25,72464291625,61514
25,72467363510,61544
25,72471261219,61574
25,72474289904,61604
25,72477731501,61634
25,72485398468,61664
25,72490198294,61694
25,72490241494,61724
25,72496956858,61754
25,72601628993,61784
25,72608641787,61814
25,72620243377,61844
25,72622624175,61874
25,72627299371,61904
25,72633121766,61934
25,72640091360,61964
25,72647104154,61994
25,72654073748,62024
25,72657601745,62054
25,72657644945,62084
25,72657688145,62114
25,72657731345,62144
25,72657774545,62174
25,72657817745,62204
25,72661345742,62234
25,72665977738,62264
25,72670652934,62294
25,72678856127,62324
25,72684721722,62354
25,72689396918,62384
25,72696323312,62414
25,72815415615,62444
25,72815458815,62474
25,72815502015,62504
25,72824837437,62534
25,72830659832,62564
25,72836482227,62594
25,72837672626,62624
25,72837715826,62654
25,72837759026,62684
25,72837802226,62714
25,72837845426,62744
25,72839035825,62774
25,72844901420,62804
25,72849576616,62834
25,72854251812,62864
25,72858927008,62894
25,72861264606,62924
25,72863645404,62954
25,72868277400,62984
25,72870614998,63014
25,72872952596,63044
25,72877584592,63074
25,73023754065,63104
25,73036546054,63134
25,73037885254,63164
25,73038144454,63194
25,73038187654,63224
25,73038230854,63254
25,73038317254,63284
25,73038360454,63314
25,73038403654,63344
25,73038490054,63374
25,73038533254,63404
25,73038619654,63434
25,73041140690,63464
25,73049753014,63494
25,73054351751,63523
25,73058897347,63552
25,73059711874,63581
25,73067230140,63610
25,73077727731,63639
25,73078961330,63668
25,73080231277,63697
25,73088268522,63726
25,73166530402,63755
25,73168911200,63784
25,73180512790,63813
25,73186335185,63842
25,73193347979,63871
25,73200317573,63900
25,73207330367,63929
25,73214386361,63958
25,73221442355,63987
25,73228498349,64016
25,73236701542,64045
25,73242480737,64074
25,73249407131,64103
25,73254039127,64132
25,73263259919,64161
25,73269039114,64190
25,73277112707,64219
25,73284039101,64248
25,73286376699,64277
25,73288714297,64306
25,73291051895,64335
25,73292242294,64364
25,73294579892,64393
25,73392048720,64422
25,73392173409,64451
25,73401351001,64480
25,73405939797,64509
25,73410528593,64538
25,73415117389,64567
25,73419706185,64596
25,73426672690,64625
25,73431330286,64654
25,73438731880,30360
25,73795595915,30422
25,73800314311,30484
25,73801504710,30546
25,73805075907,30608
25,73808560704,30670
25,73817781496,30732
25,73820119094,30793
25,73831634284,30854
25,73840855076,30915
25,73850075868,30976
25,73863928656,31037
25,73975823634,31098
25,73975910034,31159
25,73976026386,31220
25,73979467983,31280
25,73984056779,31340
25,73987498376,31400
25,73992087172,31460
25,74000743646,31520
25,74005375642,31580
25,74007991641,31640
25,74012710037,31700
25,74187861885,31760
25,74204052271,31819
25,74206389869,31878
25,74206433069,31937
25,74206476269,31996
25,74206519469,32055
25,74206562669,32114
25,74207796268,32173
25,74207839468,32232
25,74211324265,32291
25,74217146660,32349
25,74317898575,32407
25,74322789771,32465
25,74322832971,32523
25,74324023370,32581
25,74326360968,32639
25,74326404168,32697
25,74328784966,32755
25,74329975365,32813
25,74332312963,32871
25,74334693761,32928
25,74337031359,32985
25,74508439210,33042
25,74524586396,33099
25,74534997587,33156
25,74543675980,33213
25,74544755980,33270
25,74544885580,33327
25,74544971980,33384
25,74545015180,33441
25,74545101580,33497
25,74545144780,33553
25,74545187980,33609
25,74659778212,33665
25,74659821412,33721
25,74662159010,33777
25,74669085404,33833
25,74680600594,33889
25,74691011785,33945
25,74702570175,34001
25,74713024566,34057
25,74724712556,34112
25,74736314146,34167
25,74746811737,34222
25,74757266128,34277
25,74887869216,34332
25,74888085216,34387
25,74890466014,34442
25,74893149212,34497
25,74893624412,34552
25,74893710812,34607
25,74893840412,34662
25,74894013212,34716
25,74894099612,34770
25,74904155592,34824
25,74911211513,34878
25,74918094707,34932
25,75099697749,34986
25,75111212939,35040
25,75118139333,35094
25,75120476931,35148
25,75127403325,35202
25,75129740923,35256
25,75129784123,35310
25,75129827323,35363
25,75129870523,35416
25,75136796917,35469
25,75147251308,35522
25,75159347299,35575
25,75233521636,35628
25,75238153632,35681
25,75245080026,35734
25,75249712022,35787
25,75252049620,35840
25,75252092820,35893
25,75252136020,35946
25,75254473618,35998
25,75254516818,36050
25,75254560018,36102
25,75263780810,36154
25,75282179194,36206
25,75436551860,36258
25,75443108655,36310
25,75443281455,36362
25,75443497455,36414
25,75443583855,36466
25,75443756655,36518
25,75443843055,36570
25,75445724654,36622
25,75451590249,36674
25,75456308645,36725
25,75462131040,36776
25,75467996635,36827
25,75476243028,36878
25,75617924389,36929
25,75617967589,36980
25,75618010789,37031
25,75619201188,37082
25,75619244388,37133
25,75619287588,37184
25,75621625186,37235
25,75625153183,37286
25,75628681180,37337
25,75631018778,37388
25,75631061978,37438
25,75633442776,37488
25,75645044366,37538
25,75797463436,37588
25,75797506636,37638
25,75797549836,37688
25,75797593036,37738
25,75797679436,37788
25,75797765836,37838
25,75797895436,37888
25,75797938636,37938
25,75798068236,37988
25,75798154636,38038
25,75798241036,38088
25,75799846729,38138
25,75805625924,38187
25,75984459368,38236
25,75993680160,38285
25,76004177751,38334
25,76008852947,38383
25,76015822541,38432
25,76022792135,38481
25,76032056127,38530
25,76037878522,38579
25,76046038515,38628
25,76050689712,38677
25,76050776112,38726
25,76050905712,38775
25,76051078512,38824
25,76146173365,38873
25,76146216565,38921
25,76146259765,38969
25,76146346165,39017
25,76146389365,39065
25,76150046962,39113
25,76155696557,39161
25,76160328553,39209
25,76169808545,39257
25,76180262936,39305
25,76190674127,39353
25,76201128518,39401
25,76211582909,39449
25,76218552503,39497
25,76396622750,39545
25,76396752350,39593
25,76396838750,39641
25,76396881950,39689
25,76396968350,39736
25,76397011550,39783
25,76397097950,39830
25,76397141150,39877
25,76397270750,39924
25,76397443550,39971
25,76397702750,40018
25,76397832350,40065
25,76397918750,40112
25,76398048350,40159
25,76544918753,40206
25,76549550749,40253
25,76554182745,40300
25,76558814741,40347
25,76565741135,40394
25,76572667529,40441
25,76577299525,40488
25,76581931521,40535
25,76591152313,40581
25,76595784309,40627
25,76603987502,40673
25,76609896297,40719
25,76616909091,40765
25,76623878685,40811
25,76717299821,40857
25,76717429421,40903
25,76720715006,40949
25,76725347002,40995
25,76729978998,41041
25,76734610994,41087
25,76739242990,41133
25,76748506982,41179
25,76753138978,41225
25,76757727774,41271
25,76760108572,41317
25,76762489370,41363
25,76764826968,41409
25,76770476563,41454
25,76951882806,41499
25,76951926006,41544
25,76951969206,41589
25,76952012406,41634
25,76956644402,41679
25,76964717995,41724
25,76975085986,41769
25,76987724376,41814
25,77004001162,41859
25,77016077952,41904
25,77016207552,41949
25,77016250752,41994
25,77016337152,42039
25,77016423552,42084
25,77016596352,42129
25,77122702786,42174
25,77122745986,42219
25,77122789186,42264
25,77122832386,42309
25,77122875586,42354
25,77122918786,42398
25,77124109185,42442
25,77124152385,42486
25,77149433963,42530
25,77167832347,42574
25,77174758741,42618
25,77181685135,42662
25,77186317131,42706
25,77190949127,42750
25,77197875521,42794
25,77360662582,42838
25,77364406579,42882
25,77367977776,42926
25,77371548973,42970
25,77375120170,43014
25,77378691367,43058
25,77383452963,43102
25,77384643362,43146
25,77384686562,43190
25,77384729762,43234
25,77384772962,43278
25,77385963361,43322
25,77390638557,43365
25,77393019355,43408
25,77396504152,43451
25,77550790418,43494
25,77554275215,43537
25,77561244809,43580
25,77567024004,43623
25,77574036798,43666
25,77578711994,43709
25,77589209585,43752
25,77598559977,43795
25,77607151970,43838
25,77619857559,43881
25,77630311950,43924
25,77638471943,43967
25,77646588736,44010
25,77710567882,44053
25,77710611082,44096
25,77710697482,44139
25,77710740682,44182
25,77710827082,44225
25,77710956682,44268
25,77711086282,44311
25,77711172682,44353
25,77711215882,44395
25,77728324367,44437
25,77741116356,44479
25,77763129137,44521
25,77779276323,44563
25,77909922611,44605
25,77910009011,44647
25,77910138611,44689
25,77910268211,44731
25,77910397811,44773
25,77911501072,44815
25,77917237067,44857
25,77922973062,44899
25,77927561858,44941
25,77933297853,44983
25,77940181047,45025
25,77944769843,45067
25,77950505838,45109
25,77956303375,45151
25,77970844515,45193
25,77972527930,45235
25,78075287272,45277
25,78096196054,45319
25,78103208848,45361
25,78111325641,45402
25,78111368841,45443
25,78112559240,45484
25,78112602440,45525
25,78112645640,45566
25,78113836039,45607
25,78119658434,45648
25,78123143231,45689
25,78126628028,45730
25,78134744821,45771
25,78139420017,45812
25,78161389598,45853
25,78168359192,45894
25,78280563261,45935
25,78285164647,45976
25,78287489655,46017
25,78292244851,46058
25,78298900813,46099
25,78302385610,46140
25,78303576009,46181
25,78304766408,46222
25,78307104006,46263
25,78308478437,46304
25,78311920034,46345
25,78314793286,46386
25,78319482882,46427
25,78322715337,21390
25,78639621753,21479
25,78648842545,21567
25,78658063337,21655
25,78663842532,21742
25,78672103322,21829
25,78675712917,21916
25,78679322512,22002
25,78807690401,22088
25,78829635983,22174
25,78834243980,22259
25,78834503180,22344
25,78845619859,22429
25,78848000657,22513
25,78851528654,22597
25,78905490207,22681
25,78905533407,22764
25,78934684185,22847
25,78951935370,22930
25,78957714565,23013
25,78972671352,23095
25,78981935344,23177
25,78987800939,23259
25,79091480849,23340
25,79096156045,23421
25,79113450430,23502
25,79132386415,23583
25,79140935208,23663
25,79141453608,23743
25,79141583208,23823
25,79146499082,23902
25,79208447828,23981
25,79210785426,24060
25,79216607821,24139
25,79244226997,24217
25,79267214177,24295
25,79275287770,24373
25,79285655761,24451
25,79297214151,24528
25,79388231672,24605
25,79392906868,24682
25,79402146861,24759
25,79407470057,24835
25,79425963593,24911
25,79426049993,24987
25,79433950786,25063
25,79435313985,25138
25,79517698928,25213
25,79520036526,25288
25,79522417324,25363
25,79523607723,25438
25,79540988508,25512
25,79546810903,25586
25,79553737297,25660
25,79560663691,25734
25,79565295687,25808
25,79696071575,25881
25,79696201175,25954
25,79696287575,26027
25,79696330775,26100
25,79696417175,26172
25,79704289849,26244
25,79712173625,26316
25,79716762421,26388
25,79721454634,26460
25,79799113780,26531
25,79803745776,26602
25,79808420972,26673
25,79813096168,26744
25,79818961763,26815
25,79825974557,26886
25,79834134550,26956
25,79842251343,27026
25,79844588941,27096
25,79981902423,27166
25,79982032023,27236
25,79982161623,27305
25,79982291223,27374
25,79982420823,27443
25,79984648210,27512
25,80000688743,27581
25,80006511138,27650
25,80013394332,27718
25,80091372895,27786
25,80096004891,27854
25,80100680087,27922
25,80105398483,27990
25,80113601676,28058
25,80122908868,28125
25,80143731250,28192
25,80150657644,28259
25,80150700844,28326
25,80150744044,28393
25,80283468730,28460
25,80283684730,28526
25,80283900730,28592
25,80287763261,28658
25,80297558423,28724
25,80297601623,28790
25,80302407060,28856
25,80303640659,28921
25,80303683859,28986
25,80310480653,29051
25,80402471932,29116
25,80408294327,29181
25,80414073522,29246
25,80417601519,29311
25,80428055910,29375
25,80435025504,29439
25,80439700700,29503
25,80445523095,29567
25,80451345490,29631
25,80457211085,29695
25,80590454171,29759
25,80590497371,29822
25,80590670171,29885
25,80590799771,29948
25,80594256330,30011
25,80602992631,30074
25,80606477428,30137
25,80610893497,30200
25,80613360622,30263
25,80616802219,30325
25,80725699797,30387
25,80728037395,30449
25,80730418193,30511
25,80733946190,30573
25,80738621386,30635
25,80744486981,30697
25,80750352576,30759
25,80757365370,30820
25,80760893367,30881
25,80767862961,30942
25,80911646838,31003
25,80911819638,31064
25,80918605259,31125
25,80930120449,31186
25,80934838845,31247
25,80937219643,31307
25,80937262843,31367
25,80938496442,31427
25,80939686841,31487
25,80942067639,31547
25,80942110839,31607
25,81065625774,31667
25,81074846566,31727
25,81083006559,31787
25,81101577743,31846
25,81106252939,31905
25,81110928135,31964
25,81114456132,32023
25,81119131328,32082
25,81123806524,32141
25,81129628919,32200
25,81134304115,32259
25,81251702415,32318
25,81251745615,32376
25,81251875215,32434
25,81252134415,32492
25,81252264015,32550
25,81252350415,32608
25,81252393615,32666
25,81252436815,32724
25,81264894235,32782
25,81269526231,32840
25,81271907029,32897
25,81420327700,32954
25,81427254094,33011
25,81431886090,33068
25,81434223688,33125
25,81438855684,33182
25,81443487680,33239
25,81447102077,33296
25,81449439675,33353
25,81457599668,33410
25,81464569262,33467
25,81469244458,33523
25,81540727027,33579
25,81540770227,33635
25,81540813427,33691
25,81540943027,33747
25,81540986227,33803
25,81541072627,33859
25,81541319596,33915
25,81545908392,33971
25,81548610791,34027
25,81553329187,34082
25,81558047583,34137
25,81566207576,34192
25,81702268258,34247
25,81702311458,34302
25,81703501857,34357
25,81708133853,34412
25,81717354645,34467
25,81724281039,34522
25,81731207433,34577
25,81736986628,34632
25,81741618624,34686
25,81748545018,34740
25,81753177014,34794
25,81760103408,34848
25,81882286158,34902
25,81882329358,34956
25,81882372558,35010
25,81882415758,35064
25,81882458958,35118
25,81882502158,35172
25,81882545358,35226
25,81882588558,35280
25,81882631758,35333
25,81882674958,35386
25,81882718158,35439
25,81885055756,35492
25,82056809207,35545
25,82067177198,35598
25,82078692388,35651
25,82090207578,35704
25,82099428370,35757
25,82102913167,35810
25,82107521164,35863
25,82110204362,35916
25,82110247562,35969
25,82110290762,36021
25,82112714760,36073
25,82112757960,36125
25,82166239515,36177
25,82166325915,36229
25,82167093831,36281
25,82188474247,36333
25,82197695039,36385
25,82204621433,36437
25,82212695026,36489
25,82224210216,36541
25,82228842212,36593
25,82233474208,36645
25,82242695000,36696
25,82254210190,36747
25,82263430982,36798
25,82394989268,36849
25,82395032468,36900
25,82396222867,36951
25,82396266067,37002
25,82405117260,37053
25,82414597252,37104
25,82420808447,37155
25,82428037241,37206
25,82430418039,37257
25,82435222835,37308
25,82437819633,37359
25,82443726672,37409
25,82457536260,37459
25,82527947399,37509
25,82527990599,37559
25,82528033799,37609
25,82528076999,37659
25,82530457797,37709
25,82539808189,37759
25,82552556978,37809
25,82570955362,37859
25,82573292960,37909
25,82582513752,37959
25,82584851350,38009
25,82584894550,38059
25,82603292934,38109
25,82760128000,38158
25,82764889596,38207
25,82768503993,38256
25,82772075190,38305
25,82773265589,38354
25,82776836786,38403
25,82781555182,38452
25,82782745581,38501
25,82782788781,38550
25,82782831981,38599
25,82782875181,38648
25,82784065580,38697
25,82784195180,38746
25,82898545481,38795
25,82909129472,38844
25,82914908667,38893
25,82924129459,38941
25,82926467057,38989
25,82928804655,39037
25,82933436651,39085
25,82938068647,39133
25,82942700643,39181
25,82949627037,39229
25,82954259033,39277
25,82961185427,39325
25,82968111821,39373
25,82975038215,39421
25,83071910403,39469
25,83076542399,39517
25,83076585599,39565
25,83081260795,39613
25,83084659192,39661
25,83085935991,39709
25,83089334388,39756
25,83090611187,39803
25,83090654387,39850
25,83095199983,39897
25,83098641580,39944
25,83099875179,39991
25,83101108778,40038
25,83105242510,40085
25,83262514320,40132
25,83268293515,40179
25,83270674313,40226
25,83270717513,40273
25,83273055111,40320
25,83275392709,40367
25,83275435909,40414
25,83277816707,40461
25,83281301504,40508
25,83288271098,40555
25,83294093493,40601
25,83301019887,40647
25,83307946281,40693
25,83312578277,40739
25,83413200592,40785
25,83413286992,40831
25,83413373392,40877
25,83413416592,40923
25,83413459792,40969
25,83413546192,41015
25,83413632592,41061
25,83413718992,41107
25,83415807889,41153
25,83418385559,41199
25,83420730905,41245
25,83423060755,41291
25,83425398353,41337
25,83430030349,41383
25,83588282188,41429
25,83595294982,41474
25,83601117377,41519
25,83606939772,41564
25,83612762167,41609
25,83617437363,41654
25,83622112559,41699
25,83627978154,41744
25,83632610150,41789
25,83637285346,41834
25,83641960542,41879
25,83645488539,41924
25,83650163735,41969
25,83657133329,42014
25,83768382835,42059
25,83768426035,42104
25,83769616434,42149
25,83771954032,42194
25,83774334830,42239
25,83776672428,42284
25,83776715628,42329
25,83780243625,42373
25,83780286825,42417
25,83780330025,42461
25,83781520424,42505
25,83786195620,42549
25,83788533218,42593
25,83793208414,42637
25,83799030809,42681
25,83972733058,42725
25,83984248248,42769
25,83995763438,42813
25,84000611434,42857
25,84006433829,42901
25,84010240227,42945
25,84010283427,42989
25,84010326627,43033
25,84010413027,43077
25,84010499427,43121
25,84010542627,43165
25,84010585827,43209
25,84010672227,43253
25,84010715427,43297
25,84010801827,43340
25,84075602522,43383
25,84096165704,43426
25,84116858486,43469
25,84129520875,43512
25,84131858473,43555
25,84131901673,43598
25,84134239271,43641
25,84141252065,43684
25,84150559257,43727
25,84155277653,43770
25,84159952849,43813
25,84164628045,43856
25,84169303241,43899
25,84174021637,43942
25,84179844032,43985
25,84314498315,44028
25,84324323907,44071
25,84341335093,44114
25,84342155893,44157
25,84342285493,44200
25,84342415093,44243
25,84342544693,44286
25,84342760693,44329
25,84366050273,44371
25,84377565463,44413
25,84394816648,44455
25,84402890241,44497
25,84405227839,44539
25,84406418238,44581
25,84407608637,44623
25,84501549355,44665
25,84501592555,44707
25,84501635755,44749
25,84501678955,44791
25,84513194145,44833
25,84524709335,44875
25,84533930127,44917
25,84543150919,44959
25,84550077313,45001
25,84560747704,45043
25,84572392494,45085
25,84617478855,45127
25,84624448449,45169
25,84626786047,45211
25,84627976446,45253
25,84629166845,45295
25,84715461172,45337
25,84715547572,45379
25,84715590772,45420
25,84715849972,45461
25,84718273970,45502
25,84720697968,45543
25,84724269165,45584
25,84733705957,45625
25,84736086755,45666
25,84751043542,45707
25,84760350734,45748
25,84773185923,45789
25,84776713920,45830
25,84781389116,45871
25,84787211511,45912
25,84793077106,45953
25,84923099393,45994
25,84930025787,46035
25,84935478583,46076
25,84943768176,46117
25,84952446569,46158
25,84952662569,46199
25,84952964969,46240
25,84953137769,46281
25,84953267369,46322
25,84953310569,46363
25,84953440169,46404
25,84953699369,46445
25,84953828969,46486
25,84957030567,46526
25,84967182631,46566
25,84978697821,46606
25,85087312054,46646
25,85089649652,46686
25,85089692852,46726
25,85098913644,46766
25,85131078416,46806
25,85144043205,46846
25,85151012799,46886
25,85155687995,46926
25,85158068793,46966
25,85160406391,47006
25,85161639990,47046
25,85163977588,47086
25,85165167987,47126
25,85165211187,47166
25,85170404783,47206
25,85170491183,47246
25,85276413145,47286
25,85285720337,47326
25,85290395533,47366
25,85295157129,47406
25,85295329929,47446
25,85302986319,47486
25,85310596635,47526
25,85317381619,47566
25,85323204014,47606
25,85327879210,47646
25,85332597606,47685
25,85346201315,47724
25,85348582113,47763
25,85350962911,47802
25,85353300509,47841
25,85355681307,47880
25,85359209304,47919
25,85519153166,47958
25,85521879564,47997
25,85525081155,22080
25,85780068867,22166
25,85780260867,22251
25,85780452867,22336
25,85780744067,22421
25,85916862349,22505
25,85919243147,22589
25,85921667145,22673
25,85925195142,22756
25,85941515128,22839
25,85941558328,22922
25,85941601528,23005
25,85941644728,23087
25,86041902242,23169
25,86044326240,23251
25,86048958236,23332
25,86052486233,23413
25,86062940624,23494
25,86065321422,23575
25,86067659020,23655
25,86070039818,23735
25,86207180500,23815
25,86207223700,23894
25,86207310100,23973
25,86207353300,24052
25,86207396500,24131
25,86207439700,24209
25,86207526100,24287
25,86207569300,24365
25,86384166939,24443
25,86384253339,24520
25,86384296539,24597
25,86384339739,24674
25,86384382939,24751
25,86384426139,24827
25,86384642139,24903
25,86384685339,24979
25,86549890436,25055
25,86549933636,25131
25,86549976836,25206
25,86550020036,25281
25,86550063236,25356
25,86553764033,25431
25,86559629628,25505
25,86560992827,25579
25,86561036027,25653
25,86714021495,25727
25,86721965488,25801
25,86726597484,25874
25,86731229480,25947
25,86734843877,26020
25,86739562273,26093
25,86739605473,26165
25,86739648673,26237
25,86739691873,26309
25,86829754196,26381
25,86836810190,26453
25,86841442186,26524
25,86850662978,26595
25,86857589372,26666
25,86874840557,26737
25,86888650145,26808
25,86900165335,26879
25,86912827724,26949
25,86999059650,27019
25,86999102850,27089
25,86999146050,27159
25,86999232450,27229
25,86999275650,27298
25,86999362050,27367
25,86999405250,27436
25,86999534850,27505
25,87006788869,27574
25,87189644711,27643
25,87189731111,27711
25,87189774311,27779
25,87189817511,27847
25,87192327909,27915
25,87194665507,27983
25,87198193504,28051
25,87204015899,28118
25,87208691095,28185
25,87348279774,28252
25,87352954970,28319
25,87356526167,28386
25,87361201363,28453
25,87367239758,28519
25,87375486151,28585
25,87382542145,28651
25,87389598139,28717
25,87396610933,28783
25,87403623727,28849
25,87555116396,28915
25,87555159596,28980
25,87555202796,29045
25,87555245996,29110
25,87555289196,29175
25,87555332396,29240
25,87555375596,29305
25,87555418796,29369
25,87561197991,29433
25,87571738782,29497
25,87724616312,29561
25,87726953910,29625
25,87726997110,29689
25,87727040310,29753
25,87727083510,29817
25,87729421108,29880
25,87729464308,29943
25,87729507508,30006
25,87729550708,30069
25,87731888306,30132
25,87874006584,30195
25,87874049784,30258
25,87874092984,30320
25,87877577781,30382
25,87877620981,30444
25,87877664181,30506
25,87877707381,30568
25,87880044979,30630
25,87880088179,30692
25,87880131379,30754
25,88052792030,30815
25,88052964830,30876
25,88053008030,30937
25,88053051230,30998
25,88053094430,31059
25,88053137630,31120
25,88053180830,31181
25,88053224030,31242
25,88054673629,31302
25,88054803229,31362
25,88054889629,31422
25,88221079885,31482
25,88222270284,31542
25,88225755081,31602
25,88235105473,31662
25,88244715065,31722
25,88247225463,31782
25,88247311863,31841
25,88249735861,31900
25,88249822261,31959
25,88249908661,32018
25,88249951861,32077
25,88367786959,32136
25,88371314956,32195
25,88375990152,32254
25,88382916546,32313
25,88395578935,32371
25,88398046133,32429
25,88402678129,32487
25,88408543724,32545
25,88413218920,32603
25,88419084515,32661
25,88420318114,32719
25,88526799849,32777
25,88530327846,32835
25,88534959842,32892
25,88541886236,32949
25,88555695824,33006
25,88556886223,33063
25,88556929423,33120
25,88559267021,33177
25,88559310221,33234
25,88559353421,33291
25,88561691019,33348
25,88694458905,33405
25,88694502105,33462
25,88694545305,33518
25,88694588505,33574
25,88694674905,33630
25,88694718105,33686
25,88694761305,33742
25,88694804505,33798
25,88694890905,33854
25,88694977305,33910
25,88698678102,33966
25,88703396498,34022
25,88883007542,34077
25,88883050742,34132
25,88883137142,34187
25,88883223542,34242
25,88883309942,34297
25,88883396342,34352
25,88887183539,34407
25,88893005934,34462
25,88899001129,34517
25,88899044329,34572
25,88901468327,34627
25,88902701926,34681
25,89105362551,34735
25,89105578551,34789
25,89105621751,34843
25,89105664951,34897
25,89105708151,34951
25,89105751351,35005
25,89105794551,35059
25,89105837751,35113
25,89105880951,35167
25,89105924151,35221
25,89105967351,35275
25,89106010551,35328
25,89304341580,35381
25,89307869577,35434
25,89311354374,35487
25,89317219969,35540
25,89319600767,35593
25,89319643967,35646
25,89320834366,35699
25,89320877566,35752
25,89320920766,35805
25,89322111165,35858
25,89323344764,35911
25,89323387964,35964
25,89420160681,36016
25,89429381473,36068
25,89443191061,36120
25,89476503032,36172
25,89481135028,36224
25,89490355820,36276
25,89490399020,36328
25,89493883817,36380
25,89496221415,36432
25,89496264615,36484
25,89496307815,36536
25,89498645413,36588
25,89505571807,36640
25,89613360515,36691
25,89613403715,36742
25,89613490115,36793
25,89634269297,36844
25,89634312497,36895
25,89636650095,36946
25,89638987693,36997
25,89639030893,37048
25,89639074093,37099
25,89641411691,37150
25,89641454891,37201
25,89643792489,37252
25,89648424485,37303
25,89807189148,37354
25,89808552347,37404
25,89809742746,37454
25,89816798740,37504
25,89820369937,37554
25,89822793935,37604
25,89825217933,37654
25,89827641931,37704
25,89830065929,37754
25,89832446727,37804
25,89835974724,37854
25,89837208323,37904
25,89837251523,37954
25,89990908990,38004
25,89990952190,38054
25,89990995390,38104
25,89991124990,38153
25,89993678588,38202
25,89997206585,38251
25,90000734582,38300
25,90003158580,38349
25,90005496178,38398
25,90010171374,38447
25,90014846570,38496
25,90019521766,38545
25,90024196962,38594
25,90224519989,38643
25,90224563189,38692
25,90224606389,38741
25,90225969588,38790
25,90226012788,38839
25,90227203187,38888
25,90227246387,38936
25,90227289587,38984
25,90227332787,39032
25,90228523186,39080
25,90233198382,39128
25,90239020777,39176
25,90244843172,39224
25,90401356637,39272
25,90405988633,39320
25,90406031833,39368
25,90407222232,39416
25,90411854228,39464
25,90418780622,39512
25,90422567819,39560
25,90427286215,39608
25,90429710213,39656
25,90432047811,39704
25,90434428609,39751
25,90436766207,39798
25,90439103805,39845
25,90449946996,39892
25,90538602920,39939
25,90538646120,39986
25,90538689320,40033
25,90539879719,40080
25,90539922919,40127
25,90544554915,40174
25,90551481309,40221
25,90558407703,40268
25,90567628495,40315
25,90576849287,40362
25,90586070079,40409
25,90595290871,40456
25,90604511663,40503
25,90621762848,40550
25,90826132272,40596
25,90831954667,40642
25,90831997867,40688
25,90832041067,40734
25,90832084267,40780
25,90832127467,40826
25,90832170667,40872
25,90832213867,40918
25,90833404266,40964
25,90833447466,41010
25,90833490666,41056
25,91043768885,41102
25,91043812085,41148
25,91043855285,41194
25,91043898485,41240
25,91043941685,41286
25,91043984885,41332
25,91044028085,41378
25,91044071285,41424
25,91046452083,41469
25,91046495283,41514
25,91047685682,41559
25,91048876081,41604
25,91048919281,41649
25,91048962481,41694
25,91232509523,41739
25,91235994320,41784
25,91236037520,41829
25,91238375118,41874
25,91238418318,41919
25,91239651917,41964
25,91240842316,42009
25,91240885516,42054
25,91243223114,42099
25,91243266314,42144
25,91244456713,42189
25,91247941510,42234
25,91251426307,42279
25,91251469507,42324
25,91253850305,42368
25,91411597369,42412
25,91411683769,42456
25,91411813369,42500
25,91411942969,42544
25,91412072569,42588
25,91412202169,42632
25,91412331769,42676
25,91412418169,42720
25,91412547769,42764
25,91412590969,42808
25,91414083768,42852
25,91419906163,42896
25,91425685358,42940
25,91431464553,42984
25,91434992550,43028
25,91592653214,43072
25,91592739614,43116
25,91592782814,43160
25,91592826014,43204
25,91592869214,43248
25,91592912414,43292
25,91592955614,43335
25,91593085214,43378
25,91593171614,43421
25,91596732800,43464
25,91603615994,43507
25,91612793586,43550
25,91621971178,43593
25,91627707173,43636
25,91634590367,43679
25,91829965346,43722
25,91830051746,43765
25,91830267746,43808
25,91836133341,43851
25,91837366940,43894
25,91838557339,43937
25,91839790938,43980
25,91839834138,44023
25,91839877338,44066
25,91839920538,44109
25,91839963738,44152
25,91840006938,44195
25,91840050138,44238
25,91840093338,44281
25,92012408389,44324
25,92012451589,44366
25,92012537989,44408
25,92012581189,44450
25,92013944388,44492
25,92015177987,44534
25,92021043582,44576
25,92026865977,44618
25,92031541173,44660
25,92031584373,44702
25,92035112370,44744
25,92038640367,44786
25,92041021165,44828
25,92042384364,44870
25,92042470764,44912
25,92042600364,44954
25,92130653949,44996
25,92131844348,45038
25,92133034747,45080
25,92138857142,45122
25,92143532338,45164
25,92151692331,45206
25,92156324327,45248
25,92160956323,45290
25,92167882717,45332
25,92172514713,45374
25,92172557913,45415
25,92177189909,45456
25,92184116303,45497
25,92188748299,45538
25,92194527494,45579
25,92201453888,45620
25,92314341156,45661
25,92314384356,45702
25,92314427556,45743
25,92314470756,45784
25,92314513956,45825
25,92314557156,45866
25,92314600356,45907
25,92314686756,45948
25,92316219160,45989
25,92322559955,46030
25,92327053093,46071
25,92330581090,46112
25,92338525083,46153
25,92343157079,46194
25,92346641876,46235
25,92351273872,46276
25,92532440116,46317
25,92532483316,46358
25,92532526516,46399
25,92532569716,46440
25,92532656116,46481
25,92532699316,46521
25,92532785716,46561
25,92532828916,46601
25,92533001716,46641
25,92533044916,46681
25,92534278515,46721
25,92534364915,46761
25,92534408115,46801
25,92534537715,46841
25,92534624115,46881
25,92534753715,46921
25,92710815051,46961
25,92710858251,47001
25,92710944651,47041
25,92720467843,47081
25,92723952640,47121
25,92726463038,47161
25,92726592638,47201
25,92726722238,47241
25,92726895038,47281
25,92727111038,47321
25,92727283838,47361
25,92727413438,47401
25,92727543038,47441
25,92727672638,47481
25,92728685324,47521
25,92731022922,47561
25,92731066122,47601
25,92867453203,47641
25,92867496403,47680
25,92875569996,47719
25,92891673982,47758
25,92903189172,47797
25,92907821168,47836
25,92912453164,47875
25,92921673956,47914
25,92933275546,47953
25,92940245140,47992
25,92943360338,48031
25,92943489938,48070
25,92943576338,48109
25,92943705938,48148
25,92943835538,48187
25,92948400541,48226
25,92952014938,48265
25,93125846787,48304
25,93125889987,48343
25,93125933187,48382
25,93125976387,48421
25,93126019587,48460
25,93126062787,48499
25,93126105987,48538
25,93129633984,48577
25,93131971582,48616
25,93134352380,48655
25,93136689978,48694
25,93139070776,48733
25,93141408374,48772
25,93144936371,48811
25,93146169970,48850
25,93149697967,48888
25,93154373163,48926
25,93305126634,48964
25,93307464232,49002
25,93310992229,49040
25,93311035429,49078
25,93314520226,49116
25,93315753825,49154
25,93318091423,49192
25,93320472221,49230
25,93323957018,49268
25,93325190617,49306
25,93325233817,49344
25,93325277017,49382
25,93325320217,49420
25,93325363417,49458
25,93325406617,49496
25,93326597016,49534
25,93332419411,49572
25,93469223979,49610
25,93470457578,49648
25,93473942375,49686
25,93476279973,49724
25,93477513572,49762
25,93478703971,49800
25,93478747171,49838
25,93478790371,49876
25,93481127969,49914
25,93481171169,49952
25,93481214369,49990
25,93481257569,50028
25,93481300769,50066
25,93483638367,50104
25,93484828766,50142
25,93484871966,50179
25,93484915166,50216
25,93662380613,50253
25,93662467013,50290
25,93662510213,50327
25,93662596613,50364
25,93662639813,50401
25,93662726213,50438
25,93662812613,50475
25,93662855813,50512
25,93662942213,50549
25,93662985413,50586
25,93663071813,50623
25,93663115013,50660
25,93663201413,50697
25,93663244613,50734
25,93665608592,50771
25,93669550316,50808
25,93673768585,50845
25,93678400581,50882
25,93887579712,50919
25,93887622912,50956
25,93887666112,50993
25,93887709312,51030
25,93887752512,51067
25,93887795712,51104
25,93887838912,51141
25,93887882112,51178
25,93887968512,51215
25,93888011712,51252
25,93888098112,51289
25,93888141312,51326
25,93888270912,51363
25,93888357312,51400
25,93888400512,51437
25,93892360509,51474
25,93897035705,51510
25,93901754101,51546
25,94097661132,51582
25,94097704332,51618
25,94097747532,51654
25,94097790732,51690
25,94097833932,51726
25,94099197131,51762
25,94100387530,51798
25,94100430730,51834
25,94101621129,51870
25,94102811528,51906
25,94107486724,51942
25,94116793916,51978
25,94119131514,52014
25,94119174714,52050
25,94121555512,52086
25,94121598712,52122
25,94121641912,52158
25,94121685112,52194
25,94260437901,52230
25,94260481101,52266
25,94260524301,52302
25,94262861899,52338
25,94262905099,52374
25,94269831493,52410
25,94274463489,52446
25,94283684281,52482
25,94288316277,52518
25,94290653875,52554
25,94290697075,52590
25,94295329071,52626
25,94297666669,52662
25,94304593063,52698
25,94311519457,52734
25,94316151453,52770
25,94318489051,52806
25,94320826649,52842
25,94447532141,52878
25,94447575341,52914
25,94447618541,52949
25,94447661741,52984
25,94447704941,53019
25,94447748141,53054
25,94447791341,53089
25,94447877741,53124
25,94448050541,53159
25,94449240940,53194
25,94450431339,53229
25,94451621738,53264
25,94451664938,53299
25,94456167334,53334
25,94456210534,53369
25,94458548132,53404
25,94460885730,53439
25,94463223328,53474
25,94465560926,53509
25,94668610351,53544
25,94668653551,53579
25,94668869551,53614
25,94668912751,53649
25,94668955951,53684
25,94668999151,53719
25,94669042351,53754
25,94669085551,53789
25,94671466349,53824
25,94673933547,53859
25,94674106347,53894
25,94674192747,53929
25,94674365547,53964
25,94674495147,53999
25,94674624747,54034
25,94674711147,54069
25,94674797547,54104
25,94674883947,54139
25,94675490321,54174
25,94894686932,54209
25,94894730132,54244
25,94894816532,54279
25,94894859732,54314
25,94894902932,54349
25,94894946132,54384
25,94895032532,54419
25,94895075732,54453
25,94895162132,54487
25,94895205332,54521
25,94895248532,54555
25,94895334932,54589
25,94895378132,54623
25,94895464532,54657
25,94896678930,54691
25,94899059728,54725
25,94899146128,54759
25,94901526926,54793
25,94901613326,54827
25,95138058977,54861
25,95138102177,54895
25,95138145377,54929
25,95138188577,54963
25,95138231777,54997
25,95138274977,55031
25,95138361377,55065
25,95138404577,55099
25,95138534177,55133
25,95138620577,55167
25,95138706977,55201
25,95140156576,55235
25,95142537374,55269
25,95144918172,55303
25,95144961372,55337
25,95145004572,55371
25,95147428570,55405
25,95147471770,55439
25,95148662169,55473
25,95345197999,55507
25,95345284399,55541
25,95345586799,55575
25,95345629999,55609
25,95345673199,55643
25,95345716399,55677
25,95345759599,55711
25,95345802799,55745
25,95346993198,55779
25,95347036398,55813
25,95351711594,55847
25,95357533989,55881
25,95362209185,55915
25,95368074780,55949
25,95372793176,55983
25,95379762770,56017
25,95384610766,56050
25,95384740366,56083
25,95384826766,56116
25,95384913166,56149
25,95517274978,56182
25,95517318178,56215
25,95517361378,56248
25,95517404578,56281
25,95517447778,56314
25,95517490978,56347
25,95517534178,56380
25,95517577378,56413
25,95518767777,56446
25,95521105375,56479
25,95528118169,56512
25,95532750165,56545
25,95537382161,56578
25,95542014157,56611
25,95546646153,56644
25,95551278149,56677
25,95560498941,56710
25,95565130937,56743
25,95569762933,56776
25,95576689327,56809
25,95710568716,56842
25,95710611916,56875
25,95710655116,56908
25,95711845515,56941
25,95711888715,56974
25,95711931915,57007
25,95711975115,57040
25,95712018315,57073
25,95712061515,57106
25,95712104715,57139
25,95712147915,57172
25,95712191115,57205
25,95712234315,57238
25,95712277515,57271
25,95712320715,57304
25,95716952711,57337
25,95721584707,57370
25,95726216703,57403
25,95730848699,57436
25,95733186297,57469
25,95932578125,57502
25,95932664525,57535
25,95933010125,57568
25,95933096525,57601
25,95933139725,57634
25,95933182925,57667
25,95935650123,57700
25,95935693323,57733
25,95935736523,57765
25,95935779723,57797
25,95935822923,57829
25,95935866123,57861
25,95935909323,57893
25,95937142922,57925
25,95938376521,57957
25,95939610120,57989
25,95940843719,58021
25,95943267717,58053
25,95943310917,58085
25,95945691715,58117
25,96126752358,58149
25,96130712355,58181
25,96130928355,58213
25,96133654753,58245
25,96138373149,58277
25,96143091545,58309
25,96144325144,58341
25,96144368344,58373
25,96144411544,58405
25,96144454744,58437
25,96151467538,58469
25,96158393932,58501
25,96163025928,58533
25,96168805123,58565
25,96172289920,58597
25,96172376320,58629
25,96172505920,58661
25,96172592320,58693
25,96172721920,58725
25,96172808320,58757
25,96172851520,58789
25,96326681787,58821
25,96326724987,58853
25,96326768187,58885
25,96329105785,58917
25,96331443383,58949
25,96336075379,58981
25,96347590569,59013
25,96359105759,59045
25,96359148959,59077
25,96361486557,59109
25,96363824155,59141
25,96368456151,59173
25,96370793749,59205
25,96377892943,59237
25,96385035337,59269
25,96388107335,59301
25,96388236935,59333
25,96388409735,59365
25,96388496135,59397
25,96388625735,59429
25,96388755335,59461
25,96551798448,59493
25,96551841648,59525
25,96551884848,59556
25,96551928048,59587
25,96551971248,59618
25,96552014448,59649
25,96552057648,59680
25,96552100848,59711
25,96552144048,59742
25,96552187248,59773
25,96552230448,59804
25,96553420847,59835
25,96553464047,59866
25,96558096043,59897
25,96558139243,59928
25,96558182443,59959
25,96558225643,59990
25,96567446435,60021
25,96578961625,60052
25,96587121618,60083
25,96598723208,60114
25,96757550272,60145
25,96757593472,60176
25,96757636672,60207
25,96757679872,60238
25,96757723072,60269
25,96757766272,60300
25,96757852672,60331
25,96757895872,60362
25,96762700668,60393
25,96769497462,60424
25,96778718254,60455
25,96781055852,60486
25,96785817448,60517
25,96792787042,60548
25,96793977441,60579
25,96794020641,60610
25,96794063841,60641
25,96794107041,60672
25,96794150241,60703
25,96794193441,60734
25,96794236641,60765
25,96989558073,60796
25,96989687673,60827
25,96989774073,60858
25,96989817273,60889
25,96989860473,60920
25,96989903673,60951
25,96989946873,60982
25,96989990073,61013
25,96990033273,61044
25,96990076473,61075
25,96990119673,61106
25,96990162873,61137
25,96990206073,61168
25,96992716471,61199
25,96992759671,61230
25,96996244468,61261
25,96999772465,61292
25,97003257262,61323
25,97007932458,61354
25,97010313256,61385
25,97013798053,61416
25,97195266697,61447
25,97195353097,61477
25,97195482697,61507
25,97195525897,61537
25,97195612297,61567
25,97195871497,61597
25,97196001097,61627
25,97196130697,61657
25,97196260297,61687
25,97196389897,61717
25,97196476297,61747
25,97196562697,61777
25,97196692297,61807
25,97196778697,61837
25,97196865097,61867
25,97196951497,61897
25,97197037897,61927
25,97205278749,61957
25,97211101144,61987
25,97214585941,62017
25,97221512335,62047
25,97226187531,62077
25,97379572337,62107
25,97379615537,62137
25,97379658737,62167
25,97379701937,62197
25,97384420333,62227
25,97387751531,62257
25,97387924331,62287
25,97388053931,62317
25,97388140331,62347
25,97388313131,62377
25,97391542116,62407
25,97397407711,62437
25,97404962977,62467
25,97410785372,62497
25,97417711766,62527
25,97429226956,62557
25,97438534148,62587
25,97440242874,62617
25,97446022069,62647
25,97450610865,62677
25,97455199661,62707
25,97459831657,62737
25,97564031001,62767
25,97564074201,62797
25,97564117401,62827
25,97565307800,62857
25,97572234194,62887
25,97583749384,62917
25,97595696574,62947
25,97606150965,62977
25,97606194165,63007
25,97607384564,63037
25,97616691756,63067
25,97623704550,63097
25,97633011742,63127
25,97638834137,63157
25,97650392527,63187
25,97660347719,63217
25,97660477319,63247
25,97660563719,63277
25,97662099718,63307
25,97663333317,63337
25,97664610116,63367
25,97665800515,63397
25,97765755629,63427
25,97765798829,63457
25,97765842029,63487
25,97765885229,63516
25,97765928429,63545
25,97770646825,63574
25,97774174822,63603
25,97781230816,63632
25,97782421215,63661
25,97782464415,63690
25,97782507615,63719
25,97783698014,63748
25,97783741214,63777
25,97790754008,63806
25,97802996628,63835
25,97808862223,63864
25,97814641418,63893
25,97818169415,63922
25,97822844611,63951
25,97827519807,63980
25,97832151803,64009
25,97835679800,64038
25,97947728410,64067
25,97949247703,64096
25,97956147603,64125
25,97959632400,64154
25,97960822799,64183
25,97964307596,64212
25,97964350796,64241
25,97964393996,64270
25,97965627595,64299
25,97967965193,64328
25,97970345991,64357
25,97973695047,64386
25,97977136644,64415
25,97982872639,64444
25,97987461435,64473
25,97990903032,64502
25,98005028454,64531
25,98008513251,64560
25,98013188447,64589
25,98019017242,64618
25,98022558039,29670
25,98346964159,29734
25,98358479349,29798
25,98365405743,29861
25,98370037739,29924
25,98381552929,29987
25,98395362517,30050
25,98404842509,30113
25,98413002502,30176
25,98422957694,30239
25,98467510517,30301
25,98467553717,30363
25,98467596917,30425
25,98467683317,30487
25,98472432682,30549
25,98478211877,30611
25,98479488676,30673
25,98493903064,30735
25,98514682246,30796
25,98528491834,30857
25,98537712626,30918
25,98677579706,30979
25,98677622906,31040
25,98678986105,31101
25,98680176504,31162
25,98680219704,31223
25,98681410103,31283
25,98681453303,31343
25,98681496503,31403
25,98685024500,31463
25,98708314080,31523
25,98711842077,31583
25,98813496260,31643
25,98814686659,31703
25,98817067457,31763
25,98820595454,31822
25,98824080251,31881
25,98831006645,31940
25,98837933039,31999
25,98849448229,32058
25,98856374623,32117
25,98879361803,32176
25,98890876993,32235
25,98964595331,32294
25,98964638531,32352
25,98964681731,32410
25,98964768131,32468
25,98964854531,32526
25,98967328244,32584
25,98970769841,32642
25,98974211438,32700
25,98979947433,32758
25,98983432230,32816
25,98990488224,32874
25,99180284574,32931
25,99180327774,32988
25,99180370974,33045
25,99180414174,33102
25,99180457374,33159
25,99183942171,33216
25,99190954965,33273
25,99196018961,33330
25,99196623761,33387
25,99196710161,33444
25,99196839761,33500
25,99338579124,33556
25,99344401519,33612
25,99350223914,33668
25,99354855910,33724
25,99359531106,33780
25,99364163102,33836
25,99367691099,33892
25,99367734299,33948
25,99367777499,34004
25,99368967898,34060
25,99371348696,34115
25,99376023892,34170
25,99500348586,34225
25,99500434986,34280
25,99500564586,34335
25,99505782254,34390
25,99508163052,34445
25,99508206252,34500
25,99508292652,34555
25,99509526251,34610
25,99510716650,34665
25,99510803050,34719
25,99510846250,34773
25,99520994384,34827
25,99712874219,34881
25,99712960619,34935
25,99713003819,34989
25,99713133419,35043
25,99713176619,35097
25,99713219819,35151
25,99713306219,35205
25,99713479019,35259
25,99713608619,35313
25,99713695019,35366
25,99713824619,35419
25,99713954219,35472
25,99841682108,35525
25,99846314104,35578
25,99853240498,35631
25,99862461290,35684
25,99871682082,35737
25,99880902874,35790
25,99890123666,35843
25,99899344458,35896
25,99903976454,35949
25,99910902848,36001
25,99920339640,36053
25,99927309234,36105
25,100049249240,36157
25,100049335640,36209
25,100049378840,36261
25,100049422040,36313
25,100049465240,36365
25,100049638040,36417
25,100049681240,36469
25,100049724440,36521
25,100049767640,36573
25,100049810840,36625
25,100052148438,36676
25,100060092431,36727
25,100062430029,36778
25,100247167470,36829
25,100247383470,36880
25,100248617069,36931
25,100253335465,36982
25,100258097061,37033
25,100258140261,37084
25,100260564259,37135
25,100261754658,37186
25,100263031457,37237
25,100263074657,37288
25,100265541855,37339
25,100265628255,37390
25,100265671455,37440
25,100400085739,37490
25,100407141733,37540
25,100408332132,37590
25,100411903329,37640
25,100420020122,37690
25,100426946516,37740
25,100433872910,37790
25,100440799304,37840
25,100445992900,37890
25,100454196093,37940
25,100456533691,37990
25,100457767290,38040
25,100461252087,38090
25,100538738421,38139
25,100538824821,38188
25,100538911221,38237
25,100538997621,38286
25,100539084021,38335
25,100539744493,38384
25,100544333289,38433
25,100555929666,38482
25,100561752061,38531
25,100574587250,38580
25,100581600044,38629
25,100588612838,38678
25,100596772831,38727
25,100760145491,38776
25,100760188691,38825
25,100760231891,38874
25,100760275091,38922
25,100760318291,38970
25,100760361491,39018
25,100760404691,39066
25,100760447891,39114
25,100760534291,39162
25,100762013102,39210
25,100766645098,39258
25,100771277094,39306
25,100776537962,39354
25,100781213158,39402
25,100949399742,39450
25,100956326136,39498
25,100963252530,39546
25,100974009321,39594
25,100980978915,39642
25,100991433306,39690
25,100998446100,39737
25,101005415694,39784
25,101012102089,39831
25,101012274889,39878
25,101012361289,39925
25,101012404489,39972
25,101014372488,40019
25,101016796486,40066
25,101119761197,40113
25,101119804397,40160
25,101119847597,40207
25,101121037996,40254
25,101123375594,40301
25,101132596386,40348
25,101143093977,40395
25,101153548368,40442
25,101175561149,40489
25,101197573930,40536
25,101204586724,40582
25,101211556318,40628
25,101216231514,40674
25,101216274714,40720
25,101329713017,40766
25,101329885817,40812
25,101330101817,40858
25,101330188217,40904
25,101330317817,40950
25,101330361017,40996
25,101330490617,41042
25,101330620217,41088
25,101330836217,41134
25,101331095417,41180
25,101331568155,41226
25,101358615093,41272
25,101360952691,41318
25,101362143090,41364
25,101509805362,41410
25,101514437358,41455
25,101521968552,41500
25,101531362144,41545
25,101538418138,41590
25,101545474132,41635
25,101552074127,41680
25,101552160527,41725
25,101552333327,41770
25,101552462927,41815
25,101552592527,41860
25,101552722127,41905
25,101552808527,41950
25,101552938127,41995
25,101684909212,42040
25,101684952412,42085
25,101684995612,42130
25,101687333210,42175
25,101703437196,42220
25,101717246784,42265
25,101717289984,42310
25,101717333184,42355
25,101719670782,42399
25,101726597176,42443
25,101738112366,42487
25,101747333158,42531
25,101756553950,42575
25,101765774742,42619
25,101775254734,42663
25,101905877023,42707
25,101905920223,42751
25,101905963423,42795
25,101906006623,42839
25,101906049823,42883
25,101910681819,42927
25,101915313815,42971
25,101919945811,43015
25,101922283409,43059
25,101924621007,43103
25,101924664207,43147
25,101924707407,43191
25,101924750607,43235
25,101927088205,43279
25,101929425803,43323
25,102105288052,43366
25,102115872043,43409
25,102128750432,43452
25,102133512028,43495
25,102134745627,43538
25,102135979226,43581
25,102136022426,43624
25,102136065626,43667
25,102136108826,43710
25,102136152026,43753
25,102136195226,43796
25,102136238426,43839
25,102136281626,43882
25,102138792024,43925
25,102138964824,43968
25,102234071942,44011
25,102251539127,44054
25,102289612694,44097
25,102291950292,44140
25,102296582288,44183
25,102303508682,44226
25,102310435076,44269
25,102317361470,44312
25,102321993466,44354
25,102328919860,44396
25,102334329456,44438
25,102339134252,44480
25,102346147046,44522
25,102350822242,44564
25,102359846235,44606
25,102432765310,44648
25,102432808510,44690
25,102432851710,44732
25,102432894910,44774
25,102432938110,44816
25,102432981310,44858
25,102433024510,44900
25,102433067710,44942
25,102433110910,44984
25,102442321064,45026
25,102450437857,45068
25,102456260252,45110
25,102472364238,45152
25,102493057020,45194
25,102509161006,45236
25,102520676196,45278
25,102677727262,45320
25,102677770462,45362
25,102677813662,45403
25,102677856862,45444
25,102677900062,45485
25,102677943262,45526
25,102677986462,45567
25,102678029662,45608
25,102678072862,45649
25,102678288862,45690
25,102680669660,45731
25,102683050458,45772
25,102687725654,45813
25,102690106452,45854
25,102695928847,45895
25,102703872840,45936
25,102889411880,45977
25,102896424674,46018
25,102903480668,46059
25,102909389463,46100
25,102909432663,46141
25,102911813461,46182
25,102911856661,46223
25,102911899861,46264
25,102914237459,46305
25,102915427858,46346
25,102922440652,46387
25,102928306247,46428
25,102933067843,46469
25,102934301442,46509
25,102935491841,46549
25,102936725440,46589
25,103015229373,46629
25,103028064562,46669
25,103038562153,46709
25,103049059744,46749
25,103054925339,46789
25,103056115738,46829
25,103063128532,46869
25,103070141326,46909
25,103078258119,46949
25,103085184513,46989
25,103092110907,47029
25,103103626097,47069
25,103108258093,47109
25,103110595691,47149
25,103112933289,47189
25,103117565285,47229
25,103237301183,47269
25,103237387583,47309
25,103237517183,47349
25,103237603583,47389
25,103237689983,47429
25,103237776383,47469
25,103237862783,47509
25,103238347139,47549
25,103242935935,47589
25,103247524731,47629
25,103252113527,47668
25,103256702323,47707
25,103261291119,47746
25,103273868851,47785
25,103278544047,47824
25,103282072044,47863
25,103286704040,47902
25,103500089457,47941
25,103500132657,47980
25,103500175857,48019
25,103500219057,48058
25,103500262257,48097
25,103500305457,48136
25,103500348657,48175
25,103500391857,48214
25,103500435057,48253
25,103500521457,48292
25,103500607857,48331
25,103500694257,48370
25,103502206256,48409
25,103505820653,48448
25,103508201451,48487
25,103509435050,48526
25,103511815848,48565
25,103729828459,48604
25,103729871659,48643
25,103729914859,48682
25,103731278058,48721
25,103732511657,48760
25,103733702056,48799
25,103734935655,48838
25,103737316453,48876
25,103737359653,48914
25,103737402853,48952
25,103737446053,48990
25,103737489253,49028
25,103737532453,49066
25,103744502047,49104
25,103751514841,49142
25,103758484435,49180
25,103766644428,49218
25,103878849132,49256
25,103881229930,49294
25,103882420329,49332
25,103885948326,49370
25,103892917920,49408
25,103897549916,49446
25,103904476310,49484
25,103911402704,49522
25,103916034700,49560
25,103920666696,49598
25,103927593090,49636
25,103934519484,49674
25,103939151480,49712
25,103943783476,49750
25,103953004268,49788
25,103959930662,49826
25,103966857056,49864
25,104081399358,49902
25,104081485758,49940
25,104081572158,49978
25,104081701758,50016
25,104081788158,50054
25,104081874558,50092
25,104081960958,50130
25,104082047358,50167
25,104082090558,50204
25,104082436158,50241
25,104083669757,50278
25,104084860156,50315
25,104088431353,50352
25,104091959350,50389
25,104094340148,50426
25,104097868145,50463
25,104101352942,50500
25,104302131968,50537
25,104302175168,50574
25,104302218368,50611
25,104302261568,50648
25,104302304768,50685
25,104302391168,50722
25,104306048765,50759
25,104310723961,50796
25,104316546356,50833
25,104320117553,50870
25,104325896748,50907
25,104328277546,50944
25,104330701544,50981
25,104331891943,51018
25,104335463140,51055
25,104336696739,51092
25,104339077537,51129
25,104466088317,51166
25,104467278716,51203
25,104468512315,51240
25,104468555515,51277
25,104468598715,51314
25,104469789114,51351
25,104473317111,51388
25,104476801908,51425
25,104481433904,51462
25,104483771502,51499
25,104483814702,51535
25,104486152300,51571
25,104493078694,51607
25,104500005088,51643
25,104506931482,51679
25,104511563478,51715
25,104516195474,51751
25,104520827470,51787
25,104630701216,51823
25,104630744416,51859
25,104630787616,51895
25,104630830816,51931
25,104630874016,51967
25,104630960416,52003
25,104631003616,52039
25,104631046816,52075
25,104631090016,52111
25,104631133216,52147
25,104636176733,52183
25,104638557531,52219
25,104643232727,52255
25,104645613525,52291
25,104649098322,52327
25,104655895116,52363
25,104659379913,52399
25,104662864710,52435
25,104796069394,52471
25,104803038988,52507
25,104810008582,52543
25,104816978176,52579
25,104823947770,52615
25,104830917364,52651
25,104837886958,52687
25,104841909356,52723
25,104848965350,52759
25,104856064544,52795
25,104860912540,52831
25,104869115733,52867
25,104873834129,52903
25,104877405326,52938
25,104879786124,52973
25,104882166922,53008
25,104885694919,53043
25,104888075717,53078
25,104981214836,53113
25,104982405235,53148
25,104982448435,53183
25,104988270830,53218
25,104995240424,53253
25,105012621209,53288
25,105031278793,53323
25,105039395586,53358
25,105046321980,53393
25,105055542772,53428
25,105055585972,53463
25,105055629172,53498
25,105055672372,53533
25,105055715572,53568
25,105055758772,53603
25,105055801972,53638
25,105055845172,53673
25,105062857966,53708
25,105071190759,53743
25,105152248290,53778
25,105152377890,53813
25,105152464290,53848
25,105152550690,53883
25,105152637090,53918
25,105154819093,53953
25,105157156691,53988
25,105169116776,54023
25,105173835172,54058
25,105178510368,54093
25,105184375963,54128
25,105187860760,54163
25,105192492756,54198
25,105199419150,54233
25,105201756748,54268
25,105204094346,54303
25,105204137546,54338
25,105208769542,54373
25,105208812742,54408
25,105321281444,54443
25,105325913440,54477
25,105330545436,54511
25,105335177432,54545
25,105339809428,54579
25,105344441424,54613
25,105349073420,54647
25,105353705416,54681
25,105361951809,54715
25,105371820601,54749
25,105374350200,54783
25,105377878197,54817
25,105380258995,54851
25,105383830192,54885
25,105386254190,54919
25,105386297390,54953
25,105388721388,54987
25,105389911787,55021
25,105392335785,55055
25,105453569332,55089
25,105456079730,55123
25,105461729325,55157
25,105466361321,55191
25,105477876511,55225
25,105488244502,55259
25,105497465294,55293
25,105503244489,55327
25,105511318082,55361
25,105526447669,55395
25,105531166065,55429
25,105531209265,55463
25,105532399664,55497
25,105535927661,55531
25,105540602857,55565
25,105546468452,55599
25,105552334047,55633
25,105557009243,55667
25,105561727639,55701
25,105660991553,55735
25,105663501951,55769
25,105675449141,55803
25,105685231533,55837
25,105686009133,55871
25,105686225133,55905
25,105686311533,55939
25,105686354733,55973
25,105689404995,56007
25,105690595394,56041
25,105690638594,56074
25,105690724994,56107
25,105693105792,56140
25,105693898492,56173
25,105697340089,56206
25,105700781686,56239
25,105703493057,56272
25,105705413682,56305
25,105708855279,56338
25,105712296876,56371
25,105794722404,56404
25,105799354400,56437
25,105826930376,56470
25,105854506352,56503
25,105863727144,56536
25,105872947936,56569
25,105879874330,56602
25,105882211928,56635
25,105886843924,56668
25,105896064716,56701
25,105902991110,56734
25,105909917504,56767
25,105914549500,56800
25,105916887098,56833
25,105919224696,56866
25,105921562294,56899
25,105923899892,56932
25,105927557489,56965
25,105932232685,56998
25,105936907881,57031
25,105987293439,57064
25,105987336639,57097
25,105987379839,57130
25,105987423039,57163
25,105987552639,57196
25,105987811839,57229
25,105991383036,57262
25,105992659835,57295
25,105996187832,57328
25,106004434225,57361
25,106014888616,57394
25,106030863002,57427
25,106046966988,57460
25,106058482178,57493
25,106058525378,57526
25,106063157374,57559
25,106065494972,57592
25,106067832570,57625
25,106077053362,57658
25,106079390960,57691
25,106191662863,57724
25,106199866056,57756
25,106206965250,57788
25,106209346048,57820
25,106211726846,57852
25,106212960445,57884
25,106214150844,57916
25,106215384443,57948
25,106216574842,57980
25,106217808441,58012
25,106218998840,58044
25,106228392432,58076
25,106251854812,58108
25,106261507604,58140
25,106261723604,58172
25,106261853204,58204
25,106261982804,58236
25,106262069204,58268
25,106262198804,58300
25,106262285204,58332
25,106352288703,58364
25,106367331890,58396
25,106376552682,58428
25,106381184678,58460
25,106385816674,58492
25,106390448670,58524
25,106397375064,58556
25,106404301458,58588
25,106404344658,58620
25,106404387858,58652
25,106406725456,58684
25,106406768656,58716
25,106409106254,58748
25,106420621444,58780
25,106429842236,58812
25,106436768630,58844
25,106443695024,58876
25,106448327020,58908
25,106455253414,58940
25,106464474206,58972
25,106469711002,59004
25,106573612766,59036
25,106574803165,59068
25,106579435161,59100
25,106584067157,59132
25,106588699153,59164
25,106591036751,59196
25,106591079951,59228
25,106591123151,59260
25,106591166351,59292
25,106591209551,59324
25,106591252751,59356
25,106591295951,59388
25,106591339151,59420
25,106593676749,59452
25,106593719949,59484
25,106593763149,59516
25,106596100747,59547
25,106598438345,59578
25,106600775943,59609
25,106600819143,59640
25,106603156741,59671
25,106779474989,59702
25,106779690989,59733
25,106780881388,59764
25,106783262186,59795
25,106787980582,59826
25,106792785378,59857
25,106795209376,59888
25,106797633374,59919
25,106800057372,59950
25,106802481370,59981
25,106803714969,60012
25,106804948568,60043
25,106806225367,60074
25,106806311767,60105
25,106806354967,60136
25,106806398167,60167
25,106807588566,60198
25,106808822165,60229
25,106811202963,60260
25,106811246163,60291
25,106812479762,60322
25,106951050842,60353
25,106955726038,60384
25,106958063636,60415
25,106960401234,60446
25,106960444434,60477
25,106969665226,60508
25,106976591620,60539
25,106983518014,60570
25,106990444408,60601
25,106992782006,60632
25,106995119604,60663
25,106997457202,60694
25,106999794800,60725
25,107002132398,60756
25,107004469996,60787
25,107006807594,60818
25,107009447592,60849
25,107014381988,60880
25,107029511575,60911
25,107039965966,60942
25,107041156365,60973
25,107097148318,61004
25,107097191518,61035
25,107097234718,61066
25,107097321118,61097
25,107097364318,61128
25,107097407518,61159
25,107097450718,61190
25,107097537118,61221
25,107098774263,61252
25,107108480938,61283
25,107113156134,61314
25,107119952928,61345
25,107124584924,61376
25,107129216920,61407
25,107133848916,61438
25,107138480912,61468
25,107143112908,61498
25,107152333700,61528
25,107159260094,61558
25,107170775284,61588
25,107179996076,61618
25,107182333674,61648
25,107311035962,61678
25,107311079162,61708
25,107312269561,61738
25,107319239155,61768
25,107326208749,61798
25,107332117544,61828
25,107336226342,61858
25,107342048737,61888
25,107345619934,61918
25,107346853533,61948
25,107350467930,61978
25,107351701529,62008
25,107354125527,62038
25,107357696724,62068
25,107362415120,62098
25,107365986317,62128
25,107368367115,62158
25,107370747913,62188
25,107371938312,62218
25,107373171911,62248
25,107375552709,62278
25,107377933507,62308
25,107486072613,62338
25,107486115813,62368
25,107486159013,62398
25,107486202213,62428
25,107494275806,62458
25,107502392599,62488
25,107511699791,62518
25,107519859784,62548
25,107526872578,62578
25,107531547774,62608
25,107535075771,62638
25,107537456569,62668
25,107542174965,62698
25,107546850161,62728
25,107553862955,62758
25,107559728550,62788
25,107565507745,62818
25,107567845343,62848
25,107570312541,62878
25,107574987737,62908
25,107580853332,62938
25,107593645321,62968
25,107679205248,62998
25,107679248448,63028
25,107679291648,63058
25,107679378048,63088
25,107679421248,63118
25,107679507648,63148
25,107679594048,63178
25,107679766848,63208
25,107679853248,63238
25,107679982848,63268
25,107680069248,63298
25,107680112448,63328
25,107689905739,63358
25,107689948939,63388
25,107692329737,63418
25,107695814534,63448
25,107698195332,63478
25,107700532930,63508
25,107704060927,63537
25,107709926522,63566
25,107714601718,63595
25,107728540906,63624
25,107891486364,63653
25,107893823962,63682
25,107896161560,63711
25,107898499158,63740
25,107900836756,63769
25,107905468752,63798
25,107907806350,63827
25,107910575948,63856
25,107912111947,63885
25,107914943946,63914
25,107915073546,63943
25,107915159946,63972
25,107915246346,64001
25,107917627144,64030
25,107919964742,64059
25,107922388740,64088
25,107924769538,64117
25,107927150336,64146
25,107930339703,64175
25,107937222897,64204
25,107941854893,64233
25,107948824487,64262
25,107948867687,64291
25,108071236881,64320
25,108071280081,64349
25,108077059276,64378
25,108081691272,64407
25,108086323268,64436
25,108093249662,64465
25,108095630460,64494
25,108104894452,64523
25,108114244844,64552
25,108114288044,64581
25,108117816041,64610
25,108121300838,64639
25,108121344038,64668
25,108121387238,64697
25,108121430438,64726
25,108123811236,64755
25,108128486432,64784
25,108135456026,64813
25,108141321621,64842
25,108147144016,64871
25,108150672013,64900
25,108156494408,64929
25,108161169604,64958
25,108291273493,64987
25,108291316693,65016
25,108291359893,65045
25,108291403093,65074
25,108291446293,65103
25,108291489493,65132
25,108291532693,65161
25,108291575893,65190
25,108291619093,65219
25,108291662293,65248
25,108291705493,65277
25,108291748693,65306
25,108292982292,65335
25,108295319890,65364
25,108301142285,65393
25,108302332684,65422
25,108305860681,65451
25,108307051080,65480
25,108311683076,65509
25,108317505471,65538
25,108322180667,65567
25,108330340660,65596
25,108335015856,65625
25,108488846123,65654
25,108492590120,65683
25,108500793313,65711
25,108507849307,65739
25,108514862101,65767
25,108520727696,65795
25,108522695695,65823
25,108522825295,65851
25,108522954895,65879
25,108523127695,65907
25,108523257295,65935
25,108523300495,65963
25,108523386895,65991
25,108523430095,66019
25,108523516495,66047
25,108523646095,66075
25,108523732495,66103
25,108525137041,66131
25,108528578638,66159
25,108534314633,66187
25,108538903429,66215
25,108542345026,66243
25,108548081021,66271
25,108627250552,66299
25,108628440951,66327
25,108642250539,66355
25,108658354525,66383
25,108685930501,66411
25,108702034487,66439
25,108711255279,66467
25,108720476071,66495
25,108729696863,66523
25,108734328859,66551
25,108736666457,66579
25,108736709657,66607
25,108736752857,66635
25,108741384853,66663
25,108746016849,66691
25,108752943243,66719
25,108757575239,66747
25,108764501633,66775
25,108771428027,66803
25,108776060023,66831
25,108778397621,66859
25,108783624817,66887
25,108789552812,66915
25,108794845608,66943
25,108852187960,66971
25,108852231160,66999
25,108852274360,67027
25,108852317560,67055
25,108852360760,67083
25,108852403960,67111
25,108852490360,67139
25,108859719154,67167
25,108862099952,67195
25,108867965547,67223
25,108878203938,67251
25,108885130332,67279
25,108894351124,67307
25,108901277518,67335
25,108908203912,67363
25,108917424704,67391
25,108924351098,67419
25,108933571890,67447
25,108935909488,67475
25,108935952688,67503
25,108935995888,67531
25,108938333486,67559
25,108940671084,67587
25,108943008682,67615
25,109060498180,67643
25,109062835778,67671
25,109062878978,67699
25,109065216576,67727
25,109065259776,67755
25,109067597374,67783
25,109068787773,67811
25,109072272570,67839
25,109079198964,67867
25,109081795762,67895
25,109092509353,67923
25,109110106138,67951
25,109124002126,67979
25,109128634122,68007
25,109138027714,68035
25,109145126908,68062
25,109147594106,68089
25,109147637306,68116
25,109148827705,68143
25,109150104504,68170
25,109150147704,68197
25,109151381303,68224
25,109152614902,68251
25,109152658102,68278
25,109279541192,68305
25,109279584392,68332
25,109281921990,68359
25,109281965190,68386
25,109282008390,68413
25,109282051590,68440
25,109286683586,68467
25,109286726786,68494
25,109286769986,68521
25,109286813186,68548
25,109291445182,68575
25,109298371576,68602
25,109317917159,68629
25,109327137951,68656
25,109342094738,68683
25,109349021132,68710
25,109351358730,68737
25,109353696328,68764
25,109358328324,68791
25,109365427518,68818
25,109372373113,68845
25,109372502713,68872
25,109372632313,68899
25,109372805113,68926
25,109423301070,68953
25,109423344270,68980
25,109423387470,69007
25,109423473870,69034
25,109423517070,69061
25,109423560270,69088
25,109423603470,69115
25,109423646670,69142
25,109423689870,69169
25,109423733070,69196
25,109423776270,69223
25,109423819470,69250
25,109423862670,69277
25,109424078670,69304
25,109441200255,69331
25,109449273848,69358
25,109453905844,69385
25,109459685039,69412
25,109471200229,69439
25,109482715419,69466
25,109491936211,69493
25,109500009804,69520
25,109509230596,69547
25,109517304189,69574
25,109639228884,69601
25,109639272084,69628
25,109639315284,69655
25,109639358484,69682
25,109639531284,69709
25,109639574484,69736
25,109639617684,69763
25,109639660884,69790
25,109639704084,69817
25,109639747284,69844
25,109639790484,69871
25,109639833684,69898
25,109639876884,69925
25,109640092884,69952
25,109642473682,69979
25,109646044879,70006
25,109647321678,70033
25,109649702476,70060
25,109654420872,70087
25,109657017670,70114
25,109673856978,70141
25,109690892203,70168
25,109697362485,70195
25,109701951281,70222
25,109705392878,70249
25,109807407189,70276
25,109812039185,70303
25,109821259977,70330
25,109830480769,70357
25,109832818367,70384
25,109837450363,70411
25,109847818354,70438
25,109851346351,70465
25,109853727149,70492
25,109854917548,70519
25,109860739943,70546
25,109865415139,70572
25,109870047135,70598
25,109875869530,70624
25,109882795924,70650
25,109889765518,70676
25,109892103116,70702
25,109895631113,70728
25,109902557507,70754
25,109909527101,70780
25,109916496695,70806
25,109926039088,70832
25,109932207083,70858
25,109934587881,70884
25,109937055079,70910
25,110058374974,70936
25,110058418174,70962
25,110058461374,70988
25,110058504574,71014
25,110058547774,71040
25,110059738173,71066
25,110059781373,71092
25,110059824573,71118
25,110059867773,71144
25,110059910973,71170
25,110059954173,71196
25,110059997373,71222
25,110060040573,71248
25,110061230972,71274
25,110063568570,71300
25,110072832562,71326
25,110079802156,71352
25,110082182954,71378
25,110090256547,71404
25,110099477339,71430
25,110108698131,71456
25,110117918923,71482
25,110120256521,71508
25,110120299721,71534
25,110122637319,71560
25,110213477242,71586
25,110213520442,71612
25,110213606842,71638
25,110213693242,71664
25,110213736442,71690
25,110213822842,71716
25,110213866042,71742
25,110213952442,71768
25,110213995642,71794
25,110214082042,71820
25,110214511518,71846
25,110216849116,71872
25,110226204267,71898
25,110227394666,71924
25,110227437866,71950
25,110227481066,71976
25,110228714665,72002
25,110233130661,72028
25,110233173861,72054
25,110243417276,72080
25,110246902073,72106
25,110250386870,72132
25,110253871667,72158
25,110257356464,72184
25,110260841261,72210
25,110395236344,72236
25,110399911540,72262
25,110405733935,72288
25,110411556330,72314
25,110417421925,72340
25,110422097121,72366
25,110427919516,72392
25,110432594712,72418
25,110435277910,72444
25,110439021907,72470
25,110441402705,72496
25,110441445905,72522
25,110441489105,72548
25,110445103502,72574
25,110449908298,72600
25,110454713094,72626
25,110454799494,72652
25,110454885894,72678
25,110454972294,72704
25,110455058694,72730
25,110455145094,72756
25,110455231494,72782
25,110456465093,72808
25,110457698692,72834
25,110458932291,72860
25,110461313089,72886
25,110546565733,72912
25,110546608933,72938
25,110546652133,72964
25,110560470244,72990
25,110567483038,73016
25,110574409432,73042
25,110579041428,73068
25,110583673424,73094
25,110588305420,73120
25,110592937416,73146
25,110599863810,73172
25,110604495806,73198
25,110611422200,73224
25,110611465400,73250
25,110611508600,73275
25,110611551800,73300
25,110611595000,73325
25,110611638200,73350
25,110611681400,73375
25,110614018998,73400
25,110620945392,73425
25,110625577388,73450
25,110632503782,73475
25,110638282977,73500
25,110644062172,73525
25,110647546969,73550
25,110771482863,73575
25,110772759662,73600
25,110776330859,73625
25,110782369254,73650
25,110789468448,73675
25,110789554848,73700
25,110792022046,73725
25,110797474842,73750
25,110797518042,73775
25,110798453199,73800
25,110798539599,73825
25,110807457991,73850
25,110807501191,73875
25,110807544391,73900
25,110807587591,73925
25,110807630791,73950
25,110809968389,73975
25,110814600385,74000
25,110819232381,74025
25,110823864377,74050
25,110828496373,74075
25,110833128369,74100
25,110837760365,74125
25,110842392361,74150
25,110844729959,74175
25,110847110757,74200
25,110978409843,74225
25,110978453043,74250
25,110978496243,74275
25,110978539443,74300
25,110978582643,74325
25,110979773042,74350
25,110982110640,74375
25,110984448238,74400
25,110991374632,74425
25,110998301026,74450
25,111009816216,74475
25,111016872210,74500
25,111017952210,74525
25,111018038610,74550
25,111018125010,74575
25,111018254610,74600
25,111018341010,74625
25,111018427410,74650
25,111018470610,74675
25,111018513810,74700
25,111018600210,74725
25,111018686610,74750
25,111018729810,74775
25,111019748807,74800
25,111022456117,74825
25,111024380803,74850
25,111162284755,74875
25,111162327955,74900
25,111162371155,74925
25,111162414355,74950
25,111162457555,74975
25,111162500755,75000
25,111164838353,75025
25,111168323150,75050
25,111170703948,75075
25,111173041546,75100
25,111175422344,75125
25,111180097540,75150
25,111182478338,75175
25,111182521538,75200
25,111183711937,75225
25,111183755137,75250
25,111183798337,75275
25,111186179135,75300
25,111190854331,75325
25,111195529527,75350
25,111200204723,75375
25,111204879919,75400
25,111209555115,75425
25,111214230311,75450
25,111218905507,75475
25,111223580703,75500
25,111230507097,75525
25,111359420587,75550
25,111359463787,75575
25,111359506987,75600
25,111359550187,75625
25,111359593387,75650
25,111359636587,75675
25,111359679787,75700
25,111359722987,75725
25,111359809387,75750
25,111359895787,75775
25,111359938987,75800
25,111360025387,75825
25,111361047608,75850
25,111364489205,75875
25,111367930802,75900
25,111378801385,75925
25,111382329382,75950
25,111385814179,75975
25,111390446175,76000
25,111392783773,76025
25,111396268570,76050
25,111399753367,76075
25,111403238164,76100
25,111405575762,76125
25,111410207758,76150
25,111413692555,76175
25,111417177352,76200
25,111597911596,76224
25,111597997996,76248
25,111598127596,76272
25,111598170796,76296
25,111599577195,76320
25,111599663595,76344
25,111599706795,76368
25,111599749995,76392
25,111599793195,76416
25,111599836395,76440
25,111599879595,76464
25,111599922795,76488
25,111599965995,76512
25,111600009195,76536
25,111600052395,76560
25,111600095595,76584
25,111600138795,76608
25,111600225195,76632
25,111600268395,76656
25,111600311595,76680
25,111600354795,76704
25,111600397995,76728
25,111600484395,76752
25,111600570795,76776
25,111600613995,76800
25,111603037993,76824
25,111604666606,76848
25,111740523519,76872
25,111747449913,76896
25,111754376307,76920
25,111763597099,76944
25,111765934697,76968
25,111768272295,76992
25,111768315495,77016
25,111770653093,77040
25,111771843492,77064
25,111771886692,77088
25,111771929892,77112
25,111771973092,77136
25,111774310690,77160
25,111778942686,77184
25,111783574682,77208
25,111790501076,77232
25,111797427470,77256
25,111799765068,77280
25,111804397064,77304
25,111813617856,77328
25,111819397051,77352
25,111828617843,77376
25,111835544237,77400
25,111840176233,77424
25,111844808229,77448
25,111849440225,77472
25,111855262620,77496
25,111940496148,77520
25,111940582548,77544
25,111940798548,77568
25,111950201186,77592
25,111960439577,77616
25,111969054538,77640
25,111969097738,77664
25,111969140938,77688
25,111971478536,77712
25,111971521736,77736
25,111971564936,77760
25,111971608136,77784
25,111971651336,77808
25,111975136133,77832
25,111976326532,77856
25,111979811329,77880
25,111986737723,77904
25,111990222520,77928
25,111994854516,77952
25,111997192114,77976
25,112001824110,78000
25,112004161708,78024
25,112009940903,78048
25,112014572899,78072
25,112019248095,78096
25,112022776092,78120
25,112025113690,78144
25,112027494488,78168
25,112190132748,78192
25,112190219148,78216
25,112191625547,78240
25,112194049545,78264
25,112195283144,78288
25,112196559943,78312
25,112196646343,78336
25,112196689543,78360
25,112196775943,78384
25,112196862343,78408
25,112196991943,78432
25,112197078343,78456
25,112197251143,78480
25,112197337543,78504
25,112197423943,78528
25,112197510343,78552
25,112197596743,78576
25,112200248667,78600
25,112203776664,78624
25,112209555859,78648
25,112216482253,78672
25,112223408647,78696
25,112226893444,78720
25,112233819838,78744
25,112236157436,78768
25,112239642233,78792
25,112243170230,78816
25,112246655027,78840
25,112401538965,78864
25,112401582165,78888
25,112401625365,78912
25,112401668565,78936
25,112401711765,78960
25,112401754965,78984
25,112401798165,79008
25,112401841365,79032
25,112405326162,79056
25,112409958158,79080
25,112414590154,79104
25,112419222150,79128
25,112426278144,79152
25,112433290938,79176
25,112441407731,79200
25,112449524524,79224
25,112456494118,79248
25,112462316513,79272
25,112469286107,79296
25,112477402900,79320
25,112479802899,79344
25,112479889299,79368
25,112479932499,79391
25,112481468498,79414
25,112483849296,79437
25,112486273294,79460
25,112488697292,79483
25,112493415688,79506
25,112634770595,79529
25,112634813795,79552
25,112634856995,79575
25,112634900195,79598
25,112634943395,79621
25,112634986595,79644
25,112635029795,79667
25,112635072995,79690
25,112635116195,79713
25,112635159395,79736
25,112635202595,79759
25,112635245795,79782
25,112635288995,79805
25,112635332195,79828
25,112636522594,79851
25,112636565794,79874
25,112636608994,79897
25,112636652194,79920
25,112636695394,79943
25,112636738594,79966
25,112636781794,79989
25,112639162592,80012
25,112641500190,80035
25,112641543390,80058
25,112645071387,80081
25,112650850582,80104
25,112657820176,80127
25,112664832970,80150
25,112811040845,80173
25,112811084045,80196
25,112811127245,80219
25,112811213645,80242
25,112811300045,80265
25,112811386445,80288
25,112811472845,80311
25,112811559245,80334
25,112811602445,80357
25,112811688845,80380
25,112811732045,80403
25,112811775245,80426
25,112811861645,80449
25,112811904845,80472
25,112811948045,80495
25,112811991245,80518
25,112812034445,80541
25,112821020091,80564
25,112825652087,80587
25,112830284083,80610
25,112834916079,80633
25,112839548075,80656
25,112843032872,80679
25,112848812067,80702
25,112852296864,80725
25,112858076059,80748
25,112861560856,80771
25,112866192852,80794
25,112871972047,80817
25,113049091894,80840
25,113049135094,80863
25,113049178294,80886
25,113049221494,80909
25,113049394294,80932
25,113051947892,80955
25,113053181491,80978
25,113055562289,81001
25,113058029487,81024
25,113059263086,81047
25,113060583085,81070
25,113060626285,81093
25,113060669485,81116
25,113061859884,81139
25,113061903084,81162
25,113063136683,81185
25,113063179883,81208
25,113063223083,81231
25,113063266283,81254
25,113065690281,81277
25,113068071079,81300
25,113069261478,81323
25,113072789475,81346
25,113075170273,81369
25,113077551071,81392
25,113078784670,81415
25,113082355867,81438
25,113087284078,81461
25,113091441082,81484
25,113173206634,81507
25,113173249834,81530
25,113174440233,81553
25,113174483433,81576
25,113176821031,81599
25,113181453027,81622
25,113186085023,81645
25,113193011417,81668
25,113197643413,81691
25,113209158603,81714
25,113220673793,81737
25,113225305789,81760
25,113232232183,81783
25,113234569781,81806
25,113241496175,81829
25,113250716967,81852
25,113262232157,81875
25,113272600148,81898
25,113285262537,81921
25,113294526529,81944
25,113302686522,81967
25,113311950514,81990
25,113311993714,82013
25,113315521711,82036
25,113322491305,82059
25,113329460899,82082
25,113336473693,82105
25,113338873692,82128
25,113341686490,82151
25,113435516809,82174
25,113435560009,82197
25,113435603209,82220
25,113435646409,82243
25,113435732809,82266
25,113437182408,82289
25,113437268808,82312
25,113439692806,82335
25,113439736006,82358
25,113446532800,82381
25,113450017597,82404
25,113455796792,82427
25,113460471988,82450
25,113463956785,82473
25,113466294383,82496
25,113470969579,82519
25,113473307177,82542
25,113476835174,82565
25,113479172772,82588
25,113482700769,82611
25,113486185566,82634
25,113490860762,82657
25,113494345559,82680
25,113497873556,82703
25,113506033549,82726
25,113516444740,82749
25,113518825538,82772
25,113521163136,82795
25,113525881532,82818
25,113665014212,82840
25,113671139007,82862
25,113671311807,82884
25,113671484607,82906
25,113671657407,82928
25,113671787007,82950
25,113671916607,82972
25,113672132607,82994
25,113672305407,83016
25,113672391807,83038
25,113672521407,83060
25,113672607807,83082
25,113672694207,83104
25,113672737407,83126
25,113672780607,83148
25,113676543208,83170
25,113679638999,83192
25,113683080596,83214
25,113687669392,83236
25,113691567101,83258
25,113695742985,83280
25,113699184582,83302
25,113702626179,83324
25,113706067776,83346
25,113709509373,83368
25,113712950970,83390
25,113716392567,83412
25,113719834164,83434
25,113723275761,83456
25,113861846840,40020
25,114135637007,40067
25,114139121804,40114
25,114146091398,40161
25,114149576195,40208
25,114155398590,40255
25,114160030586,40302
25,114164662582,40349
25,114171588976,40396
25,114176220972,40443
25,114176264172,40490
25,114178601770,40537
25,114178644970,40583
25,114178688170,40629
25,114312732855,40675
25,114312948855,40721
25,114313035255,40767
25,114313121655,40813
25,114313251255,40859
25,114313683255,40905
25,114318358451,40951
25,114326302444,40997
25,114333228838,41043
25,114337860834,41089
25,114342492830,41135
25,114345977627,41181
25,114350609623,41227
25,114350652823,41273
25,114511303883,41319
25,114520524675,41365
25,114527451069,41411
25,114532083065,41456
25,114536758261,41501
25,114541433457,41546
25,114546108653,41591
25,114547817452,41636
25,114547947052,41681
25,114548033452,41726
25,114556971045,41771
25,114572100632,41816
25,114572316632,41861
25,114574783830,41906
25,114672444546,41951
25,114680604539,41996
25,114687574133,42041
25,114693396528,42086
25,114694630127,42131
25,114696967725,42176
25,114697010925,42221
25,114699391723,42266
25,114701729321,42311
25,114704110119,42356
25,114706490917,42400
25,114707681316,42444
25,114721620504,42488
25,114726295700,42532
25,114730970896,42576
25,114904409147,42620
25,114904625147,42664
25,114904754747,42708
25,114904797947,42752
25,114904884347,42796
25,114904970747,42840
25,114905057147,42884
25,114905100347,42928
25,114905186747,42972
25,114905229947,43016
25,114905273147,43060
25,114905316347,43104
25,114905359547,43148
25,114905402747,43192
25,114905445947,43236
25,115093084849,43280
25,115104600039,43324
25,115108084836,43367
25,115111569633,43410
25,115117348828,43453
25,115124318422,43496
25,115128993618,43539
25,115137110411,43582
25,115141785607,43625
25,115146460803,43668
25,115151654399,43711
25,115151999999,43754
25,115152691199,43797
25,115153924798,43840
25,115156348796,43883
25,115251758314,43926
25,115251801514,43969
25,115251844714,44012
25,115251887914,44055
25,115251931114,44098
25,115252017514,44141
25,115255718311,44184
25,115265068703,44227
25,115273055896,44270
25,115280025490,44313
25,115289332682,44355
25,115299787073,44397
25,115304462269,44439
25,115311475063,44481
25,115319591856,44523
25,115512921290,44565
25,115512964490,44607
25,115513007690,44649
25,115513050890,44691
25,115513094090,44733
25,115513180490,44775
25,115513223690,44817
25,115513266890,44859
25,115513310090,44901
25,115513396490,44943
25,115513439690,44985
25,115513482890,45027
25,115513569290,45069
25,115513612490,45111
25,115513655690,45153
25,115513698890,45195
25,115707292322,45237
25,115707335522,45279
25,115708525921,45321
25,115712053918,45363
25,115716729114,45404
25,115721404310,45445
25,115726079506,45486
25,115730754702,45527
25,115735429898,45568
25,115740105094,45609
25,115744737090,45650
25,115749412286,45691
25,115754087482,45732
25,115759909877,45773
25,115760946677,45814
25,115764949874,45855
25,115887133769,45896
25,115895250562,45937
25,115906808952,45978
25,115913778546,46019
25,115919600941,46060
25,115919644141,46101
25,115919687341,46142
25,115919730541,46183
25,115919773741,46224
25,115921007340,46265
25,115923344938,46306
25,115926829735,46347
25,115934989728,46388
25,115937327326,46429
25,115939664924,46470
25,115942045722,46510
25,116120485568,46550
25,116120787968,46590
25,116120917568,46630
25,116120960768,46670
25,116121003968,46710
25,116121090368,46750
25,116121133568,46790
25,116121176768,46830
25,116121306368,46870
25,116121392768,46910
25,116121479168,46950
25,116121522368,46990
25,116125309565,47030
25,116129941561,47070
25,116136911155,47110
25,116140395952,47150
25,116355200566,47190
25,116355243766,47230
25,116355286966,47270
25,116355330166,47310
25,116355373366,47350
25,116355416566,47390
25,116355502966,47430
25,116355589366,47470
25,116355675766,47510
25,116355762166,47550
25,116355848566,47590
25,116355978166,47630
25,116356064566,47669
25,116356194166,47708
25,116356280566,47747
25,116357978710,47786
25,116364861904,47825
25,116542255463,47864
25,116551519455,47903
25,116558445849,47942
25,116558489049,47981
25,116558532249,48020
25,116558575449,48059
25,116558618649,48098
25,116558661849,48137
25,116558705049,48176
25,116561042647,48215
25,116561085847,48254
25,116561129047,48293
25,116568055441,48332
25,116574981835,48371
25,116581908229,48410
25,116587687424,48449
25,116596908216,48488
25,116731842388,48527
25,116731928788,48566
25,116731971988,48605
25,116732058388,48644
25,116733507987,48683
25,116734698386,48722
25,116737035984,48761
25,116746822536,48800
25,116753619330,48839
25,116753662530,48877
25,116753705730,48915
25,116753748930,48953
25,116753792130,48991
25,116753835330,49029
25,116753878530,49067
25,116756216128,49105
25,116760848124,49143
25,116902688001,49181
25,116906172798,49219
25,116910847994,49257
25,116915479990,49295
25,116921259185,49333
25,116924787182,49371
25,116930566377,49409
25,116936863972,49447
25,116942791968,49485
25,116946363165,49523
25,116947683164,49561
25,116947726364,49599
25,116947812764,49637
25,116947855964,49675
25,116947899164,49713
25,116947942364,49751
25,116952660760,49789
25,117009032672,49827
25,117009075872,49865
25,117009162272,49903
25,117013760309,49941
25,117021833902,49979
25,117026422698,50017
25,117040433278,50055
25,117048636471,50093
25,117060238061,50131
25,117066017256,50168
25,117070649252,50205
25,117075281248,50242
25,117084502040,50279
25,117093722832,50316
25,117100649226,50353
25,117107575620,50390
25,117114502014,50427
25,117122575607,50464
25,117207857133,50501
25,117214869927,50538
25,117220692322,50575
25,117225367518,50612
25,117228828316,50649
25,117228914716,50686
25,117229173916,50723
25,117232859422,50760
25,117258535526,50797
25,117266738719,50834
25,117269612990,50871
25,117273140987,50908
25,117282300306,50945
25,117282865574,50982
25,117289791968,51019
25,117295571163,51056
25,117300203159,51093
25,117304342449,51130
25,117351464008,51167
25,117358476802,51204
25,117369017593,51241
25,117376030387,51278
25,117379558384,51315
25,117383043181,51352
25,117388865576,51389
25,117392393573,51426
25,117405142362,51463
25,117414363154,51500
25,117418995150,51536
25,117425921544,51572
25,117439731132,51608
25,117444363128,51644
25,117455878318,51680
25,117466289509,51716
25,117475510301,51752
25,117488215890,51788
25,117575772726,51824
25,117575859126,51860
25,117575902326,51896
25,117577457413,51932
25,117586927244,51968
25,117588160843,52004
25,117592836039,52040
25,117596234436,52076
25,117597468035,52112
25,117602100031,52148
25,117606645627,52184
25,117607948026,52220
25,117614880820,24150
25,117896049211,24228
25,117896135611,24306
25,117896178811,24384
25,117897681416,24462
25,117903547011,24539
25,117941611169,24616
25,117950875161,24693
25,117960095953,24770
25,118092455838,24846
25,118095940635,24922
25,118098278233,24998
25,118102953429,25074
25,118108819024,25149
25,118116455819,25224
25,118120502216,25299
25,118121692615,25374
25,118197072761,25449
25,118201747957,25523
25,118206379953,25597
25,118213392747,25671
25,118221466340,25745
25,118228392734,25818
25,118234215129,25891
25,118241184723,25964
25,118245859919,26037
25,118390229395,26110
25,118390272595,26182
25,118390315795,26254
25,118390402195,26326
25,118390704595,26398
25,118390834195,26470
25,118396478764,26541
25,118407321882,26612
25,118417473946,26683
25,118568470032,26754
25,118576630025,26825
25,118583642819,26895
25,118590612413,26965
25,118595287609,27035
25,118596478008,27105
25,118597711607,27175
25,118600049205,27245
25,118602386803,27314
25,118743779192,27383
25,118750791986,27452
25,118753129584,27521
25,118754363183,27590
25,118756700781,27659
25,118759081579,27727
25,118762566376,27795
25,118763799975,27863
25,118764990374,27931
25,118903734254,27999
25,118914361445,28067
25,118920875040,28134
25,118921004640,28201
25,118921177440,28268
25,118921393440,28335
25,118921523040,28402
25,118921652640,28469
25,118921782240,28535
25,118921868640,28601
25,119049780357,28667
25,119049823557,28733
25,119057897150,28799
25,119067117942,28865
25,119076338734,28930
25,119085559526,28995
25,119094780318,29060
25,119097117916,29125
25,119101749912,29190
25,119108978706,29255
25,119252903922,29320
25,119252947122,29384
25,119252990322,29448
25,119253033522,29512
25,119253292722,29576
25,119253335922,29640
25,119255759920,29704
25,119259287917,29768
25,119263315113,29831
25,119266494852,29894
25,119453326053,29957
25,119453369253,30020
25,119453455653,30083
25,119453542053,30146
25,119453671653,30209
25,119453714853,30272
25,119454366448,30334
25,119463544040,30396
25,119470427234,30458
25,119479604826,30520
25,119680632996,30582
25,119680738595,30644
25,119680781795,30706
25,119680949793,30768
25,119681055392,30829
25,119681679852,30890
25,119684103850,30951
25,119686527848,31012
25,119688995046,31073
25,119690228645,31134
25,119691505444,31195
25,119813859451,31256
25,119815049850,31316
25,119817387448,31376
25,119819725046,31436
25,119819768246,31496
25,119822105844,31556
25,119826737840,31616
25,119835958632,31676
25,119840590628,31736
25,119842928226,31796
25,119847560222,31855
25,119945220932,31914
25,119945307332,31973
25,119945350532,32032
25,119945393732,32091
25,119945436932,32150
25,119945523332,32209
25,119945566532,32268
25,119951518527,32327
25,119957384122,32385
25,119960955319,32443
25,119966777714,32501
25,120120208259,32559
25,120129515451,32617
25,120129558651,32675
25,120130749050,32733
25,120133086648,32791
25,120135467446,32849
25,120136657845,32906
25,120137848244,32963
25,120139081843,33020
25,120139125043,33077
25,120140358642,33134
25,120258964364,33191
25,120262449161,33248
25,120262492361,33305
25,120264829959,33362
25,120264873159,33419
25,120267210757,33475
25,120267253957,33531
25,120274180351,33587
25,120281106745,33643
25,120288033139,33699
25,120290370737,33755
25,120301885927,33811
25,120423752860,33867
25,120423796060,33923
25,120423839260,33979
25,120423882460,34035
25,120423925660,34090
25,120423968860,34145
25,120424012060,34200
25,120424055260,34255
25,120424098460,34310
25,120424141660,34365
25,120424184860,34420
25,120437994448,34475
25,120615463529,34530
25,120615506729,34585
25,120615549929,34640
25,120615593129,34694
25,120615636329,34748
25,120615679529,34802
25,120620311525,34856
25,120624943521,34910
25,120627281119,34964
25,120627324319,35018
25,120627367519,35072
25,120627410719,35126
25,120765838975,35180
25,120765882175,35234
25,120766011775,35288
25,120766054975,35341
25,120766098175,35394
25,120766141375,35447
25,120766184575,35500
25,120766227775,35553
25,120766400575,35606
25,120767634174,35659
25,120768824573,35712
25,120771205371,35765
25,120895725526,35818
25,120895768726,35871
25,120895811926,35924
25,120901850321,35977
25,120907759116,36029
25,120917152708,36081
25,120926546300,36133
25,120933602294,36185
25,120936112692,36237
25,120939592860,36289
25,120949226564,36341
25,120953901760,36393
25,121106086809,36445
25,121106130009,36497
25,121106173209,36549
25,121109658006,36601
25,121114290002,36653
25,121125805192,36704
25,121134483585,36755
25,121134526785,36806
25,121135717184,36857
25,121135760384,36908
25,121135803584,36959
25,121140065981,37010
25,121140109181,37061
25,121252643902,37112
25,121257275898,37163
25,121257319098,37214
25,121259656696,37265
25,121261994294,37316
25,121276951081,37367
25,121285024674,37417
25,121285197474,37467
25,121286387873,37517
25,121287578272,37567
25,121296669464,37617
25,121307383055,37667
25,121307469455,37717
25,121384147539,37767
25,121384190739,37817
25,121384233939,37867
25,121384277139,37917
25,121384320339,37967
25,121392650035,38017
25,121403635569,38067
25,121410635620,38117
25,121417691614,38166
25,121423557209,38215
25,121436089998,38264
25,121454488382,38313
25,121467409971,38362
25,121594787462,38411
25,121594830662,38460
25,121594873862,38509
25,121596280261,38558
25,121600955457,38607
25,121607968251,38656
25,121615024245,38705
25,121617577843,38754
25,121630060462,38803
25,121630103662,38852
25,121630146862,38901
25,121630190062,38949
25,121631380461,38997
25,121736140371,39045
25,121736269971,39093
25,121736442771,39141
25,121737935570,39189
25,121753021957,39237
25,121762285949,39285
25,121768108344,39333
25,121777674736,39381
25,121784400606,39429
25,121786824604,39477
25,121788058203,39525
25,121788187803,39573
25,121788274203,39621
25,121790655001,39669
25,121902408504,39717
25,121907040500,39764
25,121909378098,39811
25,121909421298,39858
25,121911758896,39905
25,121930157280,39952
25,121944355668,39999
25,121959960455,40046
25,121960262855,40093
25,121960349255,40140
25,121960522055,40187
25,121960565255,40234
25,121960738055,40281
25,121962012404,40328
25,122078138703,40375
25,122079329102,40422
25,122079372302,40469
25,122079415502,40516
25,122081753100,40563
25,122100151484,40609
25,122123138664,40655
25,122149869841,40701
25,122157789835,40747
25,122157833035,40793
25,122157876235,40839
25,122157962635,40885
25,122158005835,40931
25,122158049035,40977
25,122217022418,41023
25,122217065618,41069
25,122217108818,41115
25,122217152018,41161
25,122217238418,41207
25,122217324818,41253
25,122241575883,41299
25,122281771048,41345
25,122311641422,41391
25,122313979020,41437
25,122316316618,41482
25,122318654216,41527
25,122320991814,41572
25,122323329412,41617
25,122406422141,41662
25,122406551741,41707
25,122406681341,41752
25,122406767741,41797
25,122406897341,41842
25,122412754687,41887
25,122417429883,41932
25,122422105079,41977
25,122427825324,42022
25,122432370920,42067
25,122436959716,42112
25,122446137308,42157
25,122453150102,42202
25,122458929297,42247
25,122469167688,42292
25,122593689181,42337
25,122602953173,42381
25,122612260365,42425
25,122620420358,42469
25,122627389952,42513
25,122632065148,42557
25,122634489146,42601
25,122634532346,42645
25,122635765945,42689
25,122635809145,42733
25,122638233143,42777
25,122638449143,42821
25,122638708343,42865
25,122638794743,42909
25,122647465695,42953
25,122753693544,42997
25,122756031142,43041
25,122761896737,43085
25,122766571933,43129
25,122781571920,43173
25,122798064706,43217
25,122806440699,43261
25,122813410293,43305
25,122824968683,43348
25,122830205479,43391
25,122830421479,43434
25,122830507879,43477
25,122830594279,43520
25,122830637479,43563
25,122830680679,43606
25,122895860681,43649
25,122895903881,43692
25,122895947081,43735
25,122895990281,43778
25,122896033481,43821
25,122896076681,43864
25,122904706215,43907
25,122920983001,43950
25,122978386151,43993
25,123003667729,44036
25,123008299725,44079
25,123010637323,44122
25,123010680523,44165
25,123013018121,44208
25,123015355719,44251
25,123111018509,44294
25,123111104909,44336
25,123111191309,44378
25,123112554508,44420
25,123120325701,44462
25,123122663299,44504
25,123122706499,44546
25,123122749699,44588
25,123122792899,44630
25,123125130497,44672
25,123127468095,44714
25,123127511295,44756
25,123129848893,44798
25,123132186491,44840
25,123134524089,44882
25,123136861687,44924
25,123303709903,44966
25,123305073102,45008
25,123306349901,45050
25,123311250338,45092
25,123320070360,45134
25,123322407958,45176
25,123327039954,45218
25,123329377552,45260
25,123329550352,45302
25,123336347146,45344
25,123336519946,45385
25,123342169541,45426
25,123344507139,45467
25,123344550339,45508
25,123344593539,45549
25,123344636739,45590
25,123463076637,45631
25,123463163037,45672
25,123463292637,45713
25,123471884630,45754
25,123491732613,45795
25,123504524602,45836
25,123511926196,45877
25,123512959231,45918
25,123517591227,45959
25,123522223223,46000
25,123524647221,46041
25,123524733621,46082
25,123524820021,46123
25,123524949621,46164
25,123525036021,46205
25,123525122421,46246
25,123638023123,46287
25,123643888718,46328
25,123648563914,46369
25,123654429509,46410
25,123667567098,46451
25,123676917490,46491
25,123683973484,46531
25,123688648680,46571
25,123696808673,46611
25,123707219864,46651
25,123708842263,46691
25,123709015063,46731
25,123709144663,46771
25,123709274263,46811
25,123709403863,46851
25,123709533463,46891
25,123832027191,46931
25,123832070391,46971
25,123832113591,47011
25,123832156791,47051
25,123836788787,47091
25,123846009579,47131
25,123857524769,47171
25,123871334357,47211
25,123885143945,47251
25,123889775941,47291
25,123889819141,47331
25,123889862341,47371
25,123889905541,47411
25,123889948741,47451
25,123889991941,47491
25,123896918335,47531
25,123990099524,47571
25,123990142724,47611
25,123990185924,47650
25,123990229124,47689
25,123990272324,47728
25,123990315524,47767
25,123997241918,47806
25,124006462710,47845
25,124027155492,47884
25,124045553876,47923
25,124054774668,47962
25,124061701062,48001
25,124068627456,48040
25,124075553850,48079
25,124081333045,48118
25,124089406638,48157
25,124091744236,48196
25,124165875373,48235
25,124165961773,48274
25,124166048173,48313
25,124166091373,48352
25,124167228320,48391
25,124170713117,48430
25,124176492312,48469
25,124179977109,48508
25,124181167508,48547
25,124186946703,48586
25,124189284301,48625
25,124193916297,48664
25,124202240141,48703
25,124208062536,48742
25,124212737732,48781
25,124218603327,48820
25,124224382522,48859
25,124368214397,48897
25,124374079992,48935
25,124378755188,48973
25,124383905584,49011
25,124384121584,49049
25,124384207984,49087
25,124384337584,49125
25,124384380784,49163
25,124384423984,49201
25,124384510384,49239
25,124384596784,49277
25,124385460784,49315
25,124393620777,49353
25,124400633571,49391
25,124407603165,49429
25,124414615959,49467
25,124417039957,49505
25,124542965031,49543
25,124544198630,49581
25,124544241830,49619
25,124545432229,49657
25,124546709028,49695
25,124550237025,49733
25,124560777816,49771
25,124564349013,49809
25,124569067409,49847
25,124569110609,49885
25,124569197009,49923
25,124569240209,49961
25,124576512203,49999
25,124588156993,50037
25,124597464185,50075
25,124614844970,50113
25,124621012965,50151
25,124705309810,50188
25,124705353010,50225
25,124705396210,50262
25,124705439410,50299
25,124710114606,50336
25,124714789802,50373
25,124721802596,50410
25,124724183394,50447
25,124726564192,50484
25,124732429787,50521
25,124738338582,50558
25,124743013778,50595
25,124750069772,50632
25,124750112972,50669
25,124754744968,50706
25,124757082566,50743
25,124796130532,50780
25,124813770517,50817
25,124914624195,50854
25,124914667395,50891
25,124914710595,50928
25,124915900994,50965
25,124915944194,51002
25,124917186429,51039
25,124918376828,51076
25,124918420028,51113
25,124918463228,51150
25,124918506428,51187
25,124921818425,51224
25,124923008824,51261
25,124923052024,51298
25,124923095224,51335
25,124926450421,51372
25,124927640820,51409
25,124933376815,51446
25,124942684007,51483
25,125116915294,51519
25,125123351052,51555
25,125128026248,51591
25,125128069448,51627
25,125136402241,51663
25,125144432634,51699
25,125145666233,51735
25,125145709433,51771
25,125157138223,51807
25,125160666220,51843
25,125160709420,51879
25,125160752620,51915
25,125160795820,51951
25,125160839020,51987
25,125160882220,52023
25,125160925420,52059
25,125162115819,52095
25,125162159019,52131
25,125311381289,52167
25,125328848474,52203
25,125332981271,52239
25,125333154071,52275
25,125338376909,52311
25,125356825191,52347
25,125361500387,52383
25,125363881185,52419
25,125376673174,52455
25,125376716374,52491
25,125376759574,52527
25,125376802774,52563
25,125376845974,52599
25,125376889174,52635
25,125376932374,52671
25,125376975574,52707
25,125377018774,52743
25,125377061974,52779
25,125483288784,52815
25,125484479183,52851
25,125484522383,52887
25,125496037573,52923
25,125511080760,52958
25,125558979919,52993
25,125559282319,53028
25,125559368719,53063
25,125575275906,53098
25,125579994302,53133
25,125584712698,53168
25,125587773323,53203
25,125587816523,53238
25,125591214920,53273
25,125592448519,53308
25,125592534919,53343
25,125592578119,53378
25,125592621319,53413
25,125593112803,53448
25,125710370017,53483
25,125710413217,53518
25,125710456417,53553
25,125710499617,53588
25,125711690016,53623
25,125735109196,53658
25,125739784392,53693
25,125751429182,53728
25,125764307571,53763
25,125765757170,53798
25,125775150762,53833
25,125781016357,53868
25,125782206756,53903
25,125783440355,53938
25,125784630754,53973
25,125785821153,54008
25,125788158751,54043
25,125789392350,54078
25,125790625949,54113
25,125901978884,54148
25,125907801279,54183
25,125912476475,54218
25,125916004472,54253
25,125918342070,54288
25,125928383662,54323
25,125933058858,54358
25,125941175651,54393
25,125941218851,54428
25,125941262051,54462
25,125941305251,54496
25,125941348451,54530
25,125941391651,54564
25,125942582050,54598
25,125947257246,54632
25,125953079641,54666
25,125958902036,54700
25,125962430033,54734
25,125967062029,54768
25,126088573925,54802
25,126097253222,54836
25,126109915611,54870
25,126131951487,54904
25,126141258679,54938
25,126153964268,54972
25,126166626657,55006
25,126174700250,55040
25,126179332246,55074
25,126183964242,55108
25,126186301840,55142
25,126193228234,55176
25,126193271434,55210
25,126193314634,55244
25,126193357834,55278
25,126193401034,55312
25,126193444234,55346
25,126193487434,55380
25,126193530634,55414
25,126320044125,55448
25,126320130525,55482
25,126320346525,55516
25,126320519325,55550
25,126320605725,55584
25,126320692125,55618
25,126320778525,55652
25,126320864925,55686
25,126322195602,55720
25,126326827598,55754
25,126331459594,55788
25,126340680386,55822
25,126349901178,55856
25,126367400885,55890
25,126376751277,55924
25,126383677671,55958
25,126388309667,55992
25,126390647265,56026
25,126390690465,56059
25,126390733665,56092
25,126543354332,56125
25,126552575124,56158
25,126557941520,56191
25,126558027920,56224
25,126558071120,56257
25,126558114320,56290
25,126558157520,56323
25,126558243920,56356
25,126558287120,56389
25,126558373520,56422
25,126558459920,56455
25,126558546320,56488
25,126558632720,56521
25,126585958927,56554
25,126592928521,56587
25,126592971721,56620
25,126593014921,56653
25,126599725315,56686
25,126601045314,56719
25,126606954109,56752
25,126790438750,56785
25,126790481950,56818
25,126790525150,56851
25,126790611550,56884
25,126790697950,56917
25,126790784350,56950
25,126790870750,56983
25,126790957150,57016
25,126791000350,57049
25,126791086750,57082
25,126791129950,57115
25,126791173150,57148
25,126791216350,57181
25,126791259550,57214
25,126791345950,57247
25,126796967508,57280
25,126803850702,57313
25,126810733896,57346
25,126817617090,57379
25,126825647483,57412
25,127040811704,57445
25,127040854904,57478
25,127040898104,57511
25,127050507696,57544
25,127050723696,57577
25,127050810096,57610
25,127057237291,57643
25,127061912487,57676
25,127061955687,57709
25,127061998887,57742
25,127062042087,57774
25,127062085287,57806
25,127062128487,57838
25,127062171687,57870
25,127062214887,57902
25,127062258087,57934
25,127062301287,57966
25,127063491686,57998
25,127068166882,58030
25,127068210082,58062
25,127231822741,58094
25,127233013140,58126
25,127239982734,58158
25,127250437125,58190
25,127256259520,58222
25,127257579519,58254
25,127257709119,58286
25,127257838719,58318
25,127264006714,58350
25,127267534711,58382
25,127268725110,58414
25,127271105908,58446
25,127271149108,58478
25,127273486706,58510
25,127274720305,58542
25,127275910704,58574
25,127278248302,58606
25,127279481901,58638
25,127281819499,58670
25,127284200297,58702
25,127286537895,58734
25,127382509013,58766
25,127382595413,58798
25,127387473509,58830
25,127392148705,58862
25,127396867101,58894
25,127401542297,58926
25,127403923095,58958
25,127403966295,58990
25,127408641491,59022
25,127415654285,59054
25,127422667079,59086
25,127429593473,59118
25,127436519867,59150
25,127443446261,59182
25,127450372655,59214
25,127457299049,59246
25,127464225443,59278
25,127466563041,59310
25,127471195037,59342
25,127475827033,59374
25,127482753427,59406
25,127632021069,59438
25,127646848256,59470
25,127651480252,59502
25,127653824250,59534
25,127653936250,28290
25,127921091106,28357
25,127921134306,28424
25,127921177506,28490
25,127921220706,28556
25,128111410943,28622
25,128111454143,28688
25,128111626943,28754
25,128111670143,28820
25,128112903742,28886
25,128112946942,28951
25,128114137341,29016
25,128114180541,29081
25,128114223741,29146
25,128114266941,29211
25,128114310141,29276
25,128288833190,29341
25,128288919590,29405
25,128289005990,29469
25,128289135590,29533
25,128289265190,29597
25,128289394790,29661
25,128289481190,29725
25,128289653990,29789
25,128289740390,29852
25,128289869990,29915
25,128519318668,29978
25,128519448268,30041
25,128519577868,30104
25,128519707468,30167
25,128519750668,30230
25,128519837068,30292
25,128524099465,30354
25,128528817861,30416
25,128534726656,30478
25,128535917055,30540
25,128711976103,30602
25,128723620893,30664
25,128732971285,30726
25,128733014485,30787
25,128733100885,30848
25,128733187285,30909
25,128733230485,30970
25,128733316885,31031
25,128733489685,31092
25,128733619285,31153
25,128733705685,31214
25,128869329569,31275
25,128875151964,31335
25,128879827160,31395
25,128882207958,31455
25,128888030353,31515
25,128897337545,31575
25,128902012741,31635
25,128909025535,31695
25,128917185528,31755
25,128923007923,31814
25,128931211116,31873
25,129085406184,31932
25,129090210980,31991
25,129094886176,32050
25,129099604572,32109
25,129104322968,32168
25,129114863759,32227
25,129119538955,32286
25,129125404550,32344
25,129126594949,32402
25,129127785348,32460
25,129127828548,32518
25,129305812395,32576
25,129305898795,32634
25,129305985195,32692
25,129306071595,32750
25,129314447588,32808
25,129319122784,32866
25,129321503582,32923
25,129325031579,32980
25,129328516376,33037
25,129332087573,33094
25,129335615570,33151
25,129526242605,33208
25,129526415405,33265
25,129526501805,33322
25,129526631405,33379
25,129526847405,33436
25,129527020205,33492
25,129532981122,33548
25,129562660004,33604
25,129571967196,33660
25,129584475986,33716
25,129591488780,33772
25,129596163976,33828
25,129751079041,33884
25,129751122241,33940
25,129752312640,33996
25,129755797437,34052
25,129766251828,34107
25,129776663019,34162
25,129787117410,34217
25,129792656606,34272
25,129797844855,34327
25,129831246576,34382
25,129845272164,34437
25,129852284958,34492
25,130010771220,34547
25,130010814420,34602
25,130010857620,34657
25,130010900820,34711
25,130010944020,34765
25,130010987220,34819
25,130016766415,34873
25,130031852802,34927
25,130048129588,34981
25,130057998380,35035
25,130058257580,35089
25,130061631978,35143
25,130240700623,35197
25,130240743823,35251
25,130241934222,35305
25,130243167821,35358
25,130244358220,35411
25,130246739018,35464
25,130247929417,35517
25,130247972617,35570
25,130261998205,35623
25,130274833394,35676
25,130282950187,35729
25,130285374185,35782
25,130392102094,35835
25,130396820490,35888
25,130401538886,35941
25,130403876484,35993
25,130409526079,36045
25,130414158075,36097
25,130418790071,36149
25,130421127669,36201
25,130428054063,36253
25,130443442850,36305
25,130452750042,36357
25,130458572437,36409
25,130654196269,36461
25,130654239469,36513
25,130654282669,36565
25,130654325869,36617
25,130654369069,36669
25,130654412269,36720
25,130654455469,36771
25,130654498669,36822
25,130654541869,36873
25,130655732268,36924
25,130655775468,36975
25,130655818668,37026
25,130655861868,37077
25,130891637665,37128
25,130891680865,37179
25,130891724065,37230
25,130891767265,37281
25,130891810465,37332
25,130891853665,37383
25,130891896865,37433
25,130891940065,37483
25,130891983265,37533
25,130892026465,37583
25,130892069665,37633
25,130892112865,37683
25,130892156065,37733
25,131047671132,37783
25,131047714332,37833
25,131047800732,37883
25,131047843932,37933
25,131047930332,37983
25,131047973532,38033
25,131048059932,38083
25,131048103132,38133
25,131048232732,38182
25,131048319132,38231
25,131048405532,38280
25,131050122547,38329
25,131062644774,38378
25,131200174791,38427
25,131200390791,38476
25,131208637184,38525
25,131213787580,38574
25,131217801510,38623
25,131226288015,38672
25,131235225495,38721
25,131244489487,38770
25,131253062392,38819
25,131261783872,38868
25,131270178439,38916
25,131277795920,38964
25,131286047851,39012
25,131394036453,39060
25,131412434837,39108
25,131434086019,39156
25,131443585211,39204
25,131455298801,39252
25,131465815592,39300
25,131465858792,39348
25,131467049191,39396
25,131467092391,39444
25,131467135591,39492
25,131467178791,39540
25,131467221991,39588
25,131467265191,39636
25,131476663559,39684
25,131519631641,39731
25,131519774041,39778
25,131526844517,39825
25,131541801304,39872
25,131559052489,39919
25,131576949894,39966
25,131576993094,40013
25,131581749888,40060
25,131586381884,40107
25,131588719482,40154
25,131593351478,40201
25,131600277872,40248
25,131609498664,40295
25,131621013854,40342
25,131736269753,40389
25,131736312953,40436
25,131742092148,40483
25,131757048935,40530
25,131757092135,40576
25,131759429733,40622
25,131759472933,40668
25,131759516133,40714
25,131759559333,40760
25,131759602533,40806
25,131759645733,40852
25,131759688933,40898
25,131759732133,40944
25,131767805726,40990
25,131887897072,41036
25,131901576515,41082
25,131919302900,41128
25,131928523692,41174
25,131930861290,41220
25,131930904490,41266
25,131930947690,41312
25,131933285288,41358
25,131933328488,41404
25,131933371688,41449
25,131933414888,41494
25,131933458088,41539
25,131935795686,41584
25,131935838886,41629
25,132053803584,41674
25,132054019584,41719
25,132054149184,41764
25,132054278784,41809
25,132054408384,41854
25,132054537984,41899
25,132055069351,41944
25,132058560548,41989
25,132063198944,42034
25,132073330094,42079
25,132077962090,42124
25,132082637286,42169
25,132085018084,42214
25,132087398882,42259
25,132089736480,42304
25,132218265968,42349
25,132226209961,42393
25,132228547559,42437
25,132232248356,42481
25,132232334756,42525
25,132232464356,42569
25,132232550756,42613
25,132232637156,42657
25,132239011705,42701
25,132245981299,42745
25,132254141292,42789
25,132254270892,42833
25,132254443692,42877
25,132254573292,42921
25,132257781177,42965
25,132370379479,43009
25,132379600271,43053
25,132386526665,43097
25,132398041855,43141
25,132407262647,43185
25,132416483439,43229
25,132425920231,43273
25,132433062625,43317
25,132434382624,43360
25,132434425824,43403
25,132434512224,43446
25,132434555424,43489
25,132434598624,43532
25,132434641824,43575
25,132434728224,43618
25,132560939315,43661
25,132560982515,43704
25,132561025715,43747
25,132561068915,43790
25,132561112115,43833
25,132561155315,43876
25,132572670505,43919
25,132578579300,43962
25,132581003298,44005
25,132585764894,44048
25,132588232092,44091
25,132591803289,44134
25,132594184087,44177
25,132595417686,44220
25,132595504086,44263
25,132721875250,44306
25,132726550446,44348
25,132726593646,44390
25,132727913645,44432
25,132730294443,44474
25,132731484842,44516
25,132732761641,44558
25,132733952040,44600
25,132733995240,44642
25,132734038440,44684
25,132736419238,44726
25,132736462438,44768
25,132736505638,44810
25,132736548838,44852
25,132737739237,44894
25,132738929636,44936
25,132835356753,44978
25,132841222348,45020
25,132847044743,45062
25,132851763139,45104
25,132857628734,45146
25,132863494329,45188
25,132868169525,45230
25,132871913522,45272
25,132881047914,45314
25,132888060708,45356
25,132893926303,45397
25,132899748698,45438
25,132903233495,45479
25,132910617191,45520
25,132917586785,45561
25,132924513179,45602
25,133015833100,45643
25,133015876300,45684
25,133015919500,45725
25,133015962700,45766
25,133027780290,45807
25,133040572279,45848
25,133048732272,45889
25,133050225071,45930
25,133050354671,45971
25,133050441071,46012
25,133050570671,46053
25,133050657071,46094
25,133050700271,46135
25,133059834663,46176
25,133063319460,46217
25,133066847457,46258
25,133185700154,46299
25,133192799348,46340
25,133197474544,46381
25,133202106540,46422
25,133211370532,46463
25,133216348128,46503
25,133216391328,46543
25,133216434528,46583
25,133216520928,46623
25,133216650528,46663
25,133216780128,46703
25,133216952928,46743
25,133217082528,46783
25,133217255328,46823
25,133219794377,46863
25,133224383173,46903
25,133339319073,46943
25,133355423059,46983
25,133364816651,47023
25,133367283849,47063
25,133374296643,47103
25,133376634241,47143
25,133376677441,47183
25,133380205438,47223
25,133383690235,47263
25,133390616629,47303
25,133397586223,47343
25,133401848620,47383
25,133401978220,47423
25,133402064620,47463
25,133402237420,47503
25,133404920691,47543
25,133491012449,47583
25,133491055649,47623
25,133491098849,47662
25,133494583646,47701
25,133501510040,47740
25,133508436434,47779
25,133515362828,47818
25,133519994824,47857
25,133522332422,47896
25,133526964418,47935
25,133531596414,47974
25,133547700400,48013
25,133566098784,48052
25,133582202770,48091
25,133587828366,48130
25,133588001166,48169
25,133588044366,48208
25,133641247520,48247
25,133641290720,48286
25,133641333920,48325
25,133641377120,48364
25,133641420320,48403
25,133641463520,48442
25,133645164317,48481
25,133652177111,48520
25,133658042706,48559
25,133663951501,48598
25,133671895494,48637
25,133687999480,48676
25,133699514670,48715
25,133727090646,48754
25,133751225025,48793
25,133757133820,48832
25,133761981816,48870
25,133842630498,48908
25,133842673698,48946
25,133842716898,48984
25,133842760098,49022
25,133842846498,49060
25,133845356896,49098
25,133848841693,49136
25,133851222491,49174
25,133853560089,49212
25,133858235285,49250
25,133859468884,49288
25,133861806482,49326
25,133861849682,49364
25,133865377679,49402
25,133892867255,49440
25,133904382445,49478
25,133917217634,49516
25,134047302322,49554
25,134047345522,49592
25,134054487916,49630
25,134061457510,49668
25,134063967908,49706
25,134064011108,49744
25,134064054308,49782
25,134064097508,49820
25,134064140708,49858
25,134064183908,49896
25,134068686304,49934
25,134068729504,49972
25,134068772704,50010
25,134068815904,50048
25,134068859104,50086
25,134068902304,50124
25,134077019097,50161
25,134237060559,50198
25,134239484557,50235
25,134239614157,50272
25,134239700557,50309
25,134239873357,50346
25,134240046157,50383
25,134240089357,50420
25,134240132557,50457
25,134240175757,50494
25,134240218957,50531
25,134240305357,50568
25,134240391757,50605
25,134240434957,50642
25,134240521357,50679
25,134240564557,50716
25,134240737357,50753
25,134246386952,50790
25,134249914949,50827
25,134375694040,50864
25,134377057239,50901
25,134389892428,50938
25,134410844410,50975
25,134417314805,51012
25,134417617205,51049
25,134427608906,51086
25,134433863301,51123
25,134433992901,51160
25,134434122501,51197
25,134434208901,51234
25,134434338501,51271
25,134434424901,51308
25,134434554501,51345
25,134434640901,51382
25,134436330499,51419
25,134449202479,51456
25,134453834475,51493
25,134549138392,51529
25,134550328791,51565
25,134557255185,51601
25,134580242365,51637
25,134594224753,51673
25,134605955943,51709
25,134623139929,51745
25,134623269529,51781
25,134623355929,51817
25,134623399129,51853
25,134623528729,51889
25,134623571929,51925
25,134623701529,51961
25,134623744729,51997
25,134623874329,52033
25,134623960729,52069
25,134624047129,52105
25,134624133529,52141
25,134734307833,52177
25,134734351033,52213
25,134734394233,52249
25,134739026229,52285
25,134739069429,52321
25,134756320614,52357
25,134785173389,52393
25,134796558979,52429
25,134801968575,52465
25,134802184575,52501
25,134802357375,52537
25,134802443775,52573
25,134802746175,52609
25,134818841827,52645
25,134832824215,52681
25,134844203571,52717
25,134848878767,52753
25,134848921967,52789
25,134942017886,52825
25,134942061086,52861
25,134942104286,52897
25,134942147486,52933
25,134942190686,52968
25,134942233886,53003
25,134951454678,53038
25,134967558664,53073
25,134976779456,53108
25,134981411452,53143
25,134990632244,53178
25,134997558638,53213
25,135006779430,53248
25,135013835424,53283
25,135023445016,53318
25,135023617816,53353
25,135023704216,53388
25,135023790616,53423
25,135023920216,53458
25,135165381127,53493
25,135165424327,53528
25,135165467527,53563
25,135165510727,53598
25,135165553927,53633
25,135165597127,53668
25,135165640327,53703
25,135176008318,53738
25,135187739508,53773
25,135191267505,53808
25,135191310705,53843
25,135191353905,53878
25,135192630704,53913
25,135192673904,53948
25,135196201901,53983
25,135202067496,54018
25,135209037090,54053
25,135212608287,54088
25,135212694687,54123
25,135372280150,54158
25,135378232145,54193
25,135378275345,54228
25,135379508944,54263
25,135379552144,54298
25,135379595344,54333
25,135379638544,54368
25,135379681744,54403
25,135382019342,54438
25,135383209741,54472
25,135384443340,54506
25,135386780938,54540
25,135387971337,54574
25,135388014537,54608
25,135388057737,54642
25,135389334536,54676
25,135390568135,54710
25,135392948933,54744
25,135395329731,54778
25,135531952013,54812
25,135534289611,54846
25,135534332811,54880
25,135534376011,54914
25,135536713609,54948
25,135539051207,54982
25,135545977601,55016
25,135551886396,55050
25,135561409588,55084
25,135566084784,55118
25,135566127984,55152
25,135569699181,55186
25,135570889580,55220
25,135570932780,55254
25,135570975980,55288
25,135571019180,55322
25,135573399978,55356
25,135574633577,55390
25,135575823976,55424
25,135660822303,55458
25,135665540699,55492
25,135672596693,55526
25,135679652687,55560
25,135686622281,55594
25,135695713473,55628
25,135702639867,55662
25,135711860659,55696
25,135725799847,55730
25,135734891039,55764
25,135737531037,55798
25,135745518230,55832
25,135747985428,55866
25,135751513425,55900
25,135757379020,55934
25,135760950217,55968
25,135765668613,56002
25,135771577408,56036
25,135776348490,56069
25,135782343685,56102
25,135879474053,56135
25,135879517253,56168
25,135879560453,56201
25,135879603653,56234
25,135879646853,56267
25,135879690053,56300
25,135882243651,56333
25,135889256445,56366
25,135906421230,56399
25,135913347624,56432
25,135915685222,56465
25,135922611616,56498
25,135924949214,56531
25,135929710810,56564
25,135941442000,56597
25,135947480395,56630
25,135953389190,56663
25,135961635583,56696
25,135962825982,56729
25,135966440379,56762
25,136102846661,56795
25,136102889861,56828
25,136102933061,56861
25,136104296260,56894
25,136108928256,56927
25,136114837051,56960
25,136114880251,56993
25,136121677045,57026
25,136125205042,57059
25,136129880238,57092
25,136129923438,57125
25,136132304236,57158
25,136132347436,57191
25,136132390636,57224
25,136132433836,57257
25,136132477036,57290
25,136132520236,57323
25,136132563436,57356
25,136137368232,57389
25,136142086628,57422
25,136301024091,57455
25,136306088087,57488
25,136306217687,57521
25,136306347287,57554
25,136306433687,57587
25,136306476887,57620
25,136306520087,57653
25,136306563287,57686
25,136306606487,57719
25,136306649687,57751
25,136306692887,57783
25,136306736087,57815
25,136306779287,57847
25,136306822487,57879
25,136306865687,57911
25,136314809680,57943
25,136321779274,57975
25,136326454470,58007
25,136331086466,58039
25,136338056060,58071
25,136499590321,58103
25,136499719921,58135
25,136499763121,58167
25,136499849521,58199
25,136499892721,58231
25,136499979121,58263
25,136500065521,58295
25,136500108721,58327
25,136500195121,58359
25,136500238321,58391
25,136505931116,58423
25,136509459113,58455
25,136510649512,58487
25,136514220709,58519
25,136515411108,58551
25,136515454308,58583
25,136517835106,58615
25,136517878306,58647
25,136517921506,58679
25,136517964706,58711
25,136518007906,58743
25,136651903790,58775
25,136663591780,58807
25,136675193370,58839
25,136686794960,58871
25,136691426956,58903
25,136694911753,58935
25,136696620552,58967
25,136696750152,58999
25,136696966152,59031
25,136697225352,59063
25,136697527752,59095
25,136709764242,59127
25,136717924235,59159
25,136723876230,59191
25,136737347188,59223
25,136739684786,59255
25,136745463981,59287
25,136747801579,59319
25,136752433575,59351
25,136754771173,59383
25,136754814373,59415
25,136860399881,59447
25,136860443081,59479
25,136862780679,59511
25,136884793460,59543
25,136890659055,59574
25,136898862248,59605
25,136904444644,59636
25,136904531044,59667
25,136904617444,59698
25,136904747044,59729
25,136904963044,59760
25,136905351844,59791
25,136914989103,59822
25,136917456301,59853
25,136919880299,59884
25,136923408296,59915
25,136931431381,59946
25,136932621780,59977
25,136935002578,60008
25,136935045778,60039
25,136938530575,60070
25,137082991249,60101
25,137083034449,60132
25,137083077649,60163
25,137086562446,60194
25,137093618440,60225
25,137102839232,60256
25,137102882432,60287
25,137102925632,60318
25,137108575227,60349
25,137117796019,60380
25,137123704814,60411
25,137125932013,60442
25,137126148013,60473
25,137126364013,60504
25,137126493613,60535
25,137126623213,60566
25,137127907320,60597
25,137134833714,60628
25,137146104916,60659
25,137155412108,60690
25,137160130504,60721
25,137337758337,60752
25,137337801537,60783
25,137337844737,60814
25,137337887937,60845
25,137337931137,60876
25,137337974337,60907
25,137338017537,60938
25,137338060737,60969
25,137338103937,61000
25,137339294336,61031
25,137339337536,61062
25,137339380736,61093
25,137339423936,61124
25,137339467136,61155
25,137341804734,61186
25,137350223927,61217
25,137352777525,61248
25,137352907125,61279
25,137352993525,61310
25,137353036725,61341
25,137353123125,61372
25,137353209525,61403
25,137528696920,61434
25,137533328916,61464
25,137540255310,61494
25,137548415303,61524
25,137553436099,61554
25,137557007296,61584
25,137562916091,61614
25,137562959291,61644
25,137563045691,61674
25,137563088891,61704
25,137563132091,61734
25,137563175291,61764
25,137563261691,61794
25,137563304891,61824
25,137563348091,61854
25,137563434491,61884
25,137563520891,61914
25,137563564091,61944
25,137563607291,61974
25,137567740088,62004
25,137574709682,62034
25,137581679276,62064
25,137692717580,62094
25,137708691966,62124
25,137722587954,62154
25,137734232744,62184
25,137741288738,62214
25,137750725530,62244
25,137763560719,62274
25,137769469514,62304
25,137769599114,62334
25,137771264713,62364
25,137771307913,62394
25,137771351113,62424
25,137771394313,62454
25,137771437513,62484
25,137771480713,62514
25,137771523913,62544
25,137771567113,62574
25,137773904711,62604
25,137778579907,62634
25,137783211903,62664
25,137789077498,62694
25,137794899893,62724
25,137916392588,62754
25,137922301383,62784
25,137928210178,62814
25,137937560570,62844
25,137938794169,62874
25,137948187761,62904
25,137961066150,62934
25,137966888545,62964
25,137969226143,62994
25,137971563741,63024
25,137973901339,63054
25,137973944539,63084
25,137976282137,63114
25,137978619735,63144
25,137980957333,63174
25,137983294931,63204
25,137992515723,63234
25,137994896521,63264
25,137998554118,63294
25,138002038915,63324
25,138006714111,63354
25,138011389307,63384
25,138122058012,63414
25,138122101212,63444
25,138122144412,63474
25,138122187612,63504
25,138122230812,63533
25,138124654810,63562
25,138131667604,63591
25,138136342800,63620
25,138139870797,63649
25,138144589193,63678
25,138148117190,63707
25,138151645187,63736
25,138156277183,63765
25,138160909179,63794
25,138164393976,63823
25,138169025972,63852
25,138173657968,63881
25,138178289964,63910
25,138185216358,63939
25,138189848354,63968
25,138196774748,63997
25,138203701142,64026
25,138353097515,64055
25,138353140715,64084
25,138353183915,64113
25,138353227115,64142
25,138353270315,64171
25,138353313515,64200
25,138353356715,64229
25,138354547114,64258
25,138354590314,64287
25,138359222310,64316
25,138359265510,64345
25,138359308710,64374
25,138361646308,64403
25,138361689508,64432
25,138361732708,64461
25,138366364704,64490
25,138370996700,64519
25,138373334298,64548
25,138375671896,64577
25,138378009494,64606
25,138382641490,64635
25,138384979088,64664
25,138387316686,64693
25,138543460552,64722
25,138543503752,64751
25,138550430146,64780
25,138555062142,64809
25,138557399740,64838
25,138562031736,64867
25,138564369334,64896
25,138569001330,64925
25,138571338928,64954
25,138573676526,64983
25,138576014124,65012
25,138576057324,65041
25,138576100524,65070
25,138578438122,65099
25,138578481322,65128
25,138578524522,65157
25,138580862120,65186
25,138580905320,65215
25,138583242918,65244
25,138583286118,65273
25,138583329318,65302
25,138583372518,65331
25,138585710116,65360
25,138757895567,65389
25,138757981967,65418
25,138758068367,65447
25,138758154767,65476
25,138758241167,65505
25,138758413967,65534
25,138758500367,65563
25,138761529165,65592
25,138768498759,65621
25,138777849151,65650
25,138784861945,65679
25,138795143536,65707
25,138800922731,65735
25,138805554727,65763
25,138807892325,65791
25,138813671520,65819
25,138816009118,65847
25,138821788313,65875
25,138824255511,65903
25,138824298711,65931
25,138824341911,65959
25,138824385111,65987
25,138824428311,66015
25,138967741786,66043
25,138969104985,66071
25,138969191385,66099
25,138969277785,66127
25,138969320985,66155
25,138969407385,66183
25,138969450585,66211
25,138969536985,66239
25,138969666585,66267
25,138975786365,66295
25,139001518029,66323
25,139012058820,66351
25,139019071614,66379
25,139021452412,66407
25,139022642811,66435
25,139022686011,66463
25,139022729211,66491
25,139028594806,66519
25,139033270002,66547
25,139037945198,66575
25,139043767593,66603
25,139047295590,66631
25,139053117985,66659
25,139208897050,66687
25,139208940250,66715
25,139208983450,66743
25,139209069850,66771
25,139209113050,66799
25,139209156250,66827
25,139209242650,66855
25,139209285850,66883
25,139209329050,66911
25,139209372250,66939
25,139209458650,66967
25,139214652246,66995
25,139229738633,67023
25,139239132225,67051
25,139246145019,67079
25,139249716216,67107
25,139254391412,67135
25,139256772210,67163
25,139259109808,67191
25,139261490606,67219
25,139263828204,67247
25,139267313001,67275
25,139273178596,67303
25,139282442588,67331
25,139428415262,67359
25,139428458462,67387
25,139428501662,67415
25,139428544862,67443
25,139428588062,67471
25,139428631262,67499
25,139428674462,67527
25,139428717662,67555
25,139428804062,67583
25,139428847262,67611
25,139431400860,67639
25,139437223255,67667
25,139443088850,67695
25,139450058444,67723
25,139461660034,67751
25,139469820027,67779
25,139475642422,67807
25,139486183213,67835
25,139490815209,67863
25,139495533605,67891
25,139499018402,67919
25,139501356000,67947
25,139505987996,67975
25,139508325594,68003
25,139691527036,68031
25,139691570236,68058
25,139691613436,68085
25,139691656636,68112
25,139691699836,68139
25,139691743036,68166
25,139691786236,68193
25,139691829436,68220
25,139695487033,68247
25,139701266228,68274
25,139707088623,68301
25,139708279022,68328
25,139709512621,68355
25,139709555821,68382
25,139711936619,68409
25,139711979819,68436
25,139714317417,68463
25,139715507816,68490
25,139716741415,68517
25,139720226212,68544
25,139722607010,68571
25,139727325406,68598
25,139733147801,68625
25,139737822997,68652
25,139911717247,68679
25,139914227645,68706
25,139918859641,68733
25,139923534837,68760
25,139928166833,68787
25,139931651630,68814
25,139937474025,68841
25,139938664424,68868
25,139938707624,68895
25,139942192421,68922
25,139943382820,68949
25,139945763618,68976
25,139950395614,69003
25,139953880411,69030
25,139957408408,69057
25,139958598807,69084
25,139961325205,69111
25,139961541205,69138
25,139961670805,69165
25,139961800405,69192
25,139961973205,69219
25,139962102805,69246
25,139962232405,69273
25,139962362005,69300
25,140050364379,69327
25,140051554778,69354
25,140065364366,69381
25,140083762750,69408
25,140095277940,69435
25,140104498732,69462
25,140118308320,69489
25,140134412306,69516
25,140143633098,69543
25,140150559492,69570
25,140159194685,69597
25,140159237885,69624
25,140159281085,69651
25,140159324285,69678
25,140160514684,69705
25,140160557884,69732
25,140160601084,69759
25,140161791483,69786
25,140172202674,69813
25,140182503466,69840
25,140182676266,69867
25,140182849066,69894
25,140188186662,69921
25,140195113056,69948
25,140199788252,69975
25,140275658586,70002
25,140275701786,70029
25,140275744986,70056
25,140275788186,70083
25,140275831386,70110
25,140275874586,70137
25,140278212184,70164
25,140294316170,70191
25,140315008952,70218
25,140333407336,70245
25,140358688914,70272
25,140370204104,70299
25,140374836100,70326
25,140379468096,70353
25,140381805694,70380
25,140384143292,70407
25,140384186492,70434
25,140388818488,70461
25,140393450484,70488
25,140400549678,70515
25,140403079277,70542
25,140403208877,70568
25,140403295277,70594
25,140403468077,70620
25,140407792874,70646
25,140481386410,70672
25,140481472810,70698
25,140482836009,70724
25,140482879209,70750
25,140482922409,70776
25,140482965609,70802
25,140486536806,70828
25,140491212002,70854
25,140499155995,70880
25,140501493593,70906
25,140515303181,70932
25,140529112769,70958
25,140536039163,70984
25,140540671159,71010
25,140545303155,71036
25,140547640753,71062
25,140552272749,71088
25,140559199143,71114
25,140563831139,71140
25,140570757533,71166
25,140579978325,71192
25,140586904719,71218
25,140593831113,71244
25,140596168711,71270
25,140603095105,71296
25,140716471120,71322
25,140716514320,71348
25,140716557520,71374
25,140716600720,71400
25,140716643920,71426
25,140716687120,71452
25,140716730320,71478
25,140716773520,71504
25,140720431117,71530
25,140723959114,71556
25,140727443911,71582
25,140735387904,71608
25,140738872701,71634
25,140741210299,71660
25,140745842295,71686
25,140750474291,71712
25,140755106287,71738
25,140757443885,71764
25,140762075881,71790
25,140766707877,71816
25,140771339873,71842
25,140778266267,71868
25,140787487059,71894
25,140794413453,71920
25,140803850245,71946
25,140968067704,71972
25,140974994098,71998
25,140979626094,72024
25,140985491689,72050
25,140989062886,72076
25,140989106086,72102
25,140989149286,72128
25,140989192486,72154
25,140989235686,72180
25,140989278886,72206
25,140989322086,72232
25,140989365286,72258
25,140989408486,72284
25,140989451686,72310
25,140989494886,72336
25,140989538086,72362
25,140990728485,72388
25,140990771685,72414
25,140990814885,72440
25,140990858085,72466
25,140990901285,72492
25,140990944485,72518
25,140990987685,72544
25,141000381277,72570
25,141009731669,72596
25,141021333259,72622
25,141126444378,72648
25,141144842762,72674
25,141158652350,72700
25,141172461938,72726
25,141174799536,72752
25,141174842736,72778
25,141174885936,72804
25,141178370733,72830
25,141178413933,72856
25,141180751531,72882
25,141180794731,72908
25,141180837931,72934
25,141181010731,72960
25,141181053931,72986
25,141181097131,73012
25,141181140331,73038
25,141185642727,73064
25,141185685927,73090
25,141190317923,73116
25,141197244317,73142
25,141204170711,73168
25,141209949906,73194
25,141218585099,73220
25,141224450694,73246
25,141230316289,73272
25,141237372283,73297
25,141309621821,73322
25,141309708221,73347
25,141309751421,73372
25,141313452218,73397
25,141317023415,73422
25,141319447413,73447
25,141321871411,73472
25,141324252209,73497
25,141327823406,73522
25,141332541802,73547
25,141337260198,73572
25,141343039393,73597
25,141352130585,73622
25,141356762581,73647
25,141361394577,73672
25,141368320971,73697
25,141375247365,73722
25,141382173759,73747
25,141386805755,73772
25,141393732149,73797
25,141402952941,73822
25,141405722539,73847
25,141417367329,73872
25,141424466523,73897
25,141431479317,73922
25,141432669716,73947
25,141513036047,73972
25,141515546445,73997
25,141520221641,74022
25,141526044036,74047
25,141531866431,74072
25,141537732026,74097
25,141543554421,74122
25,141549376816,74147
25,141551757614,74172
25,141551800814,74197
25,141551844014,74222
25,141551887214,74247
25,141557709609,74272
25,141561280806,74297
25,141565956002,74322
25,141569483999,74347
25,141574159195,74372
25,141581085589,74397
25,141588098383,74422
25,141596301576,74447
25,141607946366,74472
25,141611517563,74497
25,141620911155,74522
25,141630304747,74547
25,141637360741,74572
25,141640931938,74597
25,141745389448,74622
25,141745432648,74647
25,141745475848,74672
25,141751514243,74697
25,141763115833,74722
25,141779263019,74747
25,141780971818,74772
25,141781231018,74797
25,141783656581,74822
25,141799241094,74847
25,141801621892,74872
25,141801665092,74897
25,141801708292,74922
25,141802898691,74947
25,141802941891,74972
25,141802985091,74997
25,141803028291,75022
25,141803071491,75047
25,141803114691,75072
25,141807833087,75097
25,141824109873,75122
25,141828828269,75147
25,141834693864,75172
25,141838221861,75197
25,141844087456,75222
25,141848719452,75247
25,141851057050,75272
25,141936338576,75297
25,141936554576,75322
25,141940125773,75347
25,141943653770,75372
25,141946034568,75397
25,141960103356,75422
25,141981012138,75447
25,141999127323,75472
25,141999386523,75497
25,141999516123,75522
25,141999559323,75547
25,141999602523,75572
25,141999645723,75597
25,141999732123,75622
25,141999775323,75647
25,141999818523,75672
25,141999861723,75697
25,142005511318,75722
25,142005554518,75747
25,142007935316,75772
25,142007978516,75797
25,142011463313,75822
25,142012696912,75847
25,142015034510,75872
25,142016268109,75897
25,142017458508,75922
25,142021399304,75947
25,142111183226,75972
25,142111226426,75997
25,142115858422,76022
25,142120490418,76047
25,142122828016,76072
25,142132048808,76097
25,142148152794,76122
25,142160229584,76147
25,142170683975,76172
25,142182328765,76197
25,142192869556,76221
25,142203367147,76245
25,142212477540,76269
25,142212650340,76293
25,142212779940,76317
25,142212866340,76341
25,142213039140,76365
25,142216275872,76389
25,142231307924,76413
25,142235983120,76437
25,142241848715,76461
25,142241891915,76485
25,142247800710,76509
25,142247843910,76533
25,142255874303,76557
25,142257064702,76581
25,142257107902,76605
25,142377767566,76629
25,142377810766,76653
25,142377853966,76677
25,142377897166,76701
25,142377940366,76725
25,142377983566,76749
25,142378026766,76773
25,142378069966,76797
25,142391879554,76821
25,142407354741,76845
25,142424865126,76869
25,142426055525,76893
25,142426141925,76917
25,142427332324,76941
25,142437786715,76965
25,142445965909,76989
25,142446181909,77013
25,142446397909,77037
25,142448394072,77061
25,142452982868,77085
25,142466843722,77109
25,142470371719,77133
25,142476194114,77157
25,142478531712,77181
25,142483163708,77205
25,142487795704,77229
25,142490133302,77253
25,142595718810,77277
25,142595762010,77301
25,142595805210,77325
25,142595848410,77349
25,142610811597,77373
25,142615499593,33120
25,142921098130,33177
25,142921141330,33234
25,142998325264,33291
25,143002957260,33348
25,143005294858,33405
25,143009926854,33462
25,143009970054,33518
25,143010013254,33574
25,143010056454,33630
25,143065165206,33686
25,143069797202,33742
25,143072134800,33798
25,143076766796,33854
25,143090576384,33910
25,143106680370,33966
25,143129969950,34022
25,143136181145,34077
25,143249854802,34132
25,143252192400,34187
25,143254529998,34242
25,143254573198,34297
25,143256910796,34352
25,143256953996,34407
25,143259291594,34462
25,143259334794,34517
25,143259377994,34572
25,143261715592,34627
25,143270936384,34681
25,143280157176,34735
25,143427512250,34789
25,143427728250,34843
25,143432403446,34897
25,143434741044,34951
25,143439243440,35005
25,143441581038,35059
25,143443918636,35113
25,143448550632,35167
25,143453182628,35221
25,143455520226,35275
25,143455563426,35328
25,143457901024,35381
25,143612835290,35434
25,143612964890,35487
25,143613180890,35540
25,143613396890,35593
25,143614347290,35646
25,143623740882,35699
25,143633048074,35752
25,143644649664,35805
25,143647030462,35858
25,143651705658,35911
25,143654043256,35964
25,143657571253,36016
25,143787291140,36068
25,143793199935,36120
25,143798004731,36172
25,143800385529,36224
25,143802766327,36276
25,143807484723,36328
25,143819172713,36380
25,143832094302,36432
25,143832180702,36484
25,143832310302,36536
25,143832396702,36588
25,143832439902,36640
25,143832526302,36691
25,144013519746,36742
25,144020705340,36793
25,144025423736,36844
25,144030142132,36895
25,144031375731,36946
25,144033756529,36997
25,144036137327,37048
25,144043106921,37099
25,144047825317,37150
25,144050206115,37201
25,144050249315,37252
25,144053777312,37303
25,144055010911,37354
25,144223730766,37404
25,144247020346,37454
25,144262236333,37504
25,144272777124,37554
25,144273967523,37604
25,144276348321,37654
25,144276391521,37704
25,144276477921,37754
25,144276564321,37804
25,144276607521,37854
25,144276866721,37904
25,144280394718,37954
25,144281628317,38004
25,144426237792,38054
25,144466236158,38104
25,144469764155,38153
25,144472144953,38202
25,144472188153,38251
25,144479244147,38300
25,144486213741,38349
25,144492079336,38398
25,144499092130,38447
25,144500325729,38496
25,144501688928,38545
25,144504026526,38594
25,144508701722,38643
25,144626536820,38692
25,144651904798,38741
25,144655605595,38790
25,144656795994,38839
25,144660539991,38888
25,144665258387,38936
25,144667639185,38984
25,144682811972,39032
25,144687487168,39080
25,144691058365,39128
25,144694586362,39176
25,144699304758,39224
25,144705170353,39272
25,144712139947,39320
25,144823912651,39368
25,144824085451,39416
25,144824171851,39464
25,144824215051,39512
25,144824258251,39560
25,144824301451,39608
25,144825880650,39656
25,144832850244,39704
25,144837568640,39751
25,144841096637,39798
25,144848066231,39845
25,144850447029,39892
25,144855387526,39939
25,144858872323,39986
25,145014044285,40033
25,145025732275,40080
25,145031684270,40127
25,145031900270,40174
25,145034367468,40221
25,145036834666,40268
25,145038154665,40315
25,145039431464,40362
25,145041898662,40409
25,145045513059,40456
25,145051776682,40503
25,145056365478,40550
25,145063248672,40596
25,145070131866,40642
25,145229376527,40688
25,145256299705,40734
25,145256429305,40780
25,145256515705,40826
25,145260653413,40872
25,145269874205,40918
25,145284534484,40964
25,145290356879,41010
25,145298473672,41056
25,145299664071,41102
25,145299707271,41148
25,145299750471,41194
25,145300940870,41240
25,145300984070,41286
25,145409881575,41332
25,145431894356,41378
25,145434318354,41424
25,145436699152,41469
25,145440227149,41514
25,145460075132,41559
25,145468699635,41604
25,145479283626,41649
25,145482854823,41694
25,145485278821,41739
25,145487659619,41784
25,145492334815,41829
25,145502406641,41874
25,145507125037,41919
25,145630912130,41964
25,145633292928,42009
25,145634483327,42054
25,145636864125,42099
25,145638054524,42144
25,145640392122,42189
25,145652036912,42234
25,145660196905,42279
25,145679027289,42324
25,145679113689,42368
25,145679243289,42412
25,145679329689,42456
25,145679416089,42500
25,145683165007,42544
25,145685502605,42588
25,145843978901,42632
25,145855623691,42676
25,145863826884,42720
25,145869649279,42764
25,145873220476,42808
25,145873263676,42852
25,145881639669,42896
25,145881682869,42940
25,145881726069,42984
25,145881769269,43028
25,145885297266,43072
25,145886487665,43116
25,145887721264,43160
25,145890058862,43204
25,145892439660,43248
25,146063463879,43292
25,146074979069,43335
25,146075022269,43378
25,146075065469,43421
25,146075108669,43464
25,146077446267,43507
25,146079783865,43550
25,146082121463,43593
25,146084459061,43636
25,146084502261,43679
25,146084545461,43722
25,146084588661,43765
25,146086926259,43808
25,146089263857,43851
25,146093895853,43894
25,146215882949,43937
25,146215969349,43980
25,146216012549,44023
25,146217591748,44066
25,146217634948,44109
25,146219972546,44152
25,146220058946,44195
25,146220102146,44238
25,146220188546,44281
25,146222526144,44324
25,146233709767,44366
25,146236090565,44408
25,146241869760,44450
25,146244207358,44492
25,146248839354,44534
25,146427851365,44576
25,146427894565,44618
25,146427937765,44660
25,146427980965,44702
25,146428024165,44744
25,146428067365,44786
25,146428110565,44828
25,146428153765,44870
25,146428240165,44912
25,146428283365,44954
25,146428801765,44996
25,146437542183,45038
25,146441026980,45080
25,146443407778,45122
25,146448886152,45164
25,146452543749,45206
25,146625164795,45248
25,146636353586,45290
25,146647998376,45332
25,146651569573,45374
25,146651612773,45415
25,146651655973,45456
25,146651699173,45497
25,146651742373,45538
25,146658121194,45579
25,146662796390,45620
25,146662839590,45661
25,146669765984,45702
25,146673368860,45743
25,146680424854,45784
25,146683909651,45825
25,146685186450,45866
25,146818667029,45907
25,146839835011,45948
25,146843363008,45989
25,146845743806,46030
25,146846934205,46071
25,146849271803,46112
25,146851695801,46153
25,146852886200,46194
25,146854119799,46235
25,146855310198,46276
25,146856543797,46317
25,146861218993,46358
25,146870526185,46399
25,146887148571,46440
25,146887364571,46481
25,146891650967,46521
25,147017170858,46561
25,147017214058,46601
25,147017257258,46641
25,147017300458,46681
25,147017343658,46721
25,147018534057,46761
25,147022018854,46801
25,147025546851,46841
25,147032473245,46881
25,147041694037,46921
25,147048620431,46961
25,147055546825,47001
25,147067062015,47041
25,147085460399,47081
25,147092386793,47121
25,147099313187,47161
25,147327615727,47201
25,147327658927,47241
25,147327702127,47281
25,147327745327,47321
25,147330082925,47361
25,147484029431,47401
25,147484072631,47441
25,147484115831,47481
25,147488747827,47521
25,147488791027,47561
25,147491128625,47601
25,147491171825,47641
25,147493509423,47680
25,147500435817,47719
25,147505067813,47758
25,147507405411,47797
25,147512037407,47836
25,147516669403,47875
25,147521301399,47914
25,147525933395,47953
25,147525976595,47992
25,147526019795,48031
25,147639630898,48070
25,147639717298,48109
25,147639803698,48148
25,147642713910,48187
25,147651659650,48226
25,147655187647,48265
25,147659906043,48304
25,147663477240,48343
25,147667005237,48382
25,147671723633,48421
25,147676442029,48460
25,147681160425,48499
25,147685878821,48538
25,147689406818,48577
25,147698498010,48616
25,147703130006,48655
25,147705467604,48694
25,147845920283,48733
25,147846006683,48772
25,147846093083,48811
25,147846136283,48850
25,147846179483,48888
25,147846265883,48926
25,147846352283,48964
25,147846438683,49002
25,147846525083,49040
25,147855344129,49078
25,147865452993,49116
25,147879204508,49154
25,147888511700,49192
25,147896671693,49230
25,147908316483,49268
25,147914182078,49306
25,147921194872,49344
25,148072317942,49382
25,148072361142,49420
25,148072404342,49458
25,148072447542,49496
25,148072490742,49534
25,148072533942,49572
25,148072577142,49610
25,148072620342,49648
25,148072663542,49686
25,148072749942,49724
25,148072879542,49762
25,148077774338,49800
25,148091459858,49838
25,148099576651,49876
25,148108970243,49914
25,148115983037,49952
25,148120615033,49990
25,148275956639,50028
25,148280675035,50066
25,148281865434,50104
25,148284246232,50142
25,148285436631,50179
25,148287817429,50216
25,148289007828,50253
25,148291647826,50290
25,148291691026,50327
25,148291734226,50364
25,148291777426,50401
25,148291863826,50438
25,148291907026,50475
25,148293399825,50512
25,148295737423,50549
25,148307382213,50586
25,148320174202,50623
25,148327143796,50660
25,148425033022,50697
25,148429224268,50734
25,148433899464,50771
25,148439765059,50808
25,148444440255,50845
25,148449158651,50882
25,148454981046,50919
25,148458509043,50956
25,148463227439,50993
25,148466755436,51030
25,148469093034,51067
25,148471473832,51104
25,148473854630,51141
25,148479677025,51178
25,148485542620,51215
25,148491365015,51252
25,148505174603,51289
25,148521278589,51326
25,148621881703,51363
25,148622011303,51400
25,148622097703,51437
25,148628620121,51474
25,148632104918,51510
25,148634658443,51546
25,148639660151,51582
25,148643144948,51618
25,148645482546,51654
25,148650114542,51690
25,148653599339,51726
25,148655936937,51762
25,148659421734,51798
25,148670904060,51834
25,148675536056,51870
25,148681440049,51906
25,148686196843,51942
25,148692163235,51978
25,148809220733,52014
25,148820735923,52050
25,148832251113,52086
25,148839177507,52122
25,148848398299,52158
25,148859913489,52194
25,148868015871,52230
25,148869324657,52266
25,148869604655,52302
25,148869790253,52338
25,148870108651,52374
25,148870294249,52410
25,148870550248,52446
25,148870854245,52482
25,148871015844,52518
25,148871233443,52554
25,148871489442,52590
25,148875651908,52626
25,149049016484,52662
25,149049059684,52698
25,149049102884,52734
25,149054882079,52770
25,149054925279,52806
25,149054968479,52842
25,149055011679,52878
25,149055054879,52914
25,149057392477,52949
25,149059730075,52984
25,149059773275,53019
25,149062110873,53054
25,149069037267,53089
25,149074816462,53124
25,149079448458,53159
25,149085414850,53194
25,149090171644,53229
25,149096186039,53264
25,149097642038,53299
25,149258312299,53334
25,149259502698,53369
25,149260693097,53404
25,149260736297,53439
25,149263117095,53474
25,149263160295,53509
25,149263203495,53544
25,149263246695,53579
25,149264480294,53614
25,149265670693,53649
25,149265713893,53684
25,149265757093,53719
25,149265800293,53754
25,149265843493,53789
25,149268267491,53824
25,149268310691,53859
25,149270734689,53894
25,149275496285,53929
25,149282552279,53964
25,149422702558,53999
25,149427334554,54034
25,149434260948,54069
25,149444628939,54104
25,149448113736,54139
25,149456360129,54174
25,149461164925,54209
25,149463502523,54244
25,149467030520,54279
25,149471705716,54314
25,149471748916,54349
25,149471792116,54384
25,149471835316,54419
25,149471878516,54453
25,149473112115,54487
25,149476596912,54521
25,149480124909,54555
25,149485947304,54589
25,149488284902,54623
25,149608759998,54657
25,149614625593,54691
25,149624863984,54725
25,149629495980,54759
25,149636422374,54793
25,149639950371,54827
25,149642374369,54861
25,149643607968,54895
25,149649430363,54929
25,149654105559,54963
25,149655339158,54997
25,149657719956,55031
25,149661247953,55065
25,149663628751,55099
25,149666009549,55133
25,149670684745,55167
25,149675359941,55201
25,149677740739,55235
25,149680078337,55269
25,149835142203,55303
25,149836332602,55337
25,149836375802,55371
25,149836419002,55405
25,149836462202,55439
25,149836505402,55473
25,149836548602,55507
25,149836591802,55541
25,149836635002,55575
25,149837825401,55609
25,149837868601,55643
25,149840292599,55677
25,149845010995,55711
25,149847348593,55745
25,149852023789,55779
25,149854447787,55813
25,149856785385,55847
25,149858018984,55881
25,149861546981,55915
25,149866178977,55949
25,150042780424,55983
25,150042866824,56017
25,150042910024,56050
25,150042996424,56083
25,150043082824,56116
25,150043169224,56149
25,150043255624,56182
25,150043385224,56215
25,150043428424,56248
25,150043514824,56281
25,150043558024,56314
25,150050786818,56347
25,150054314815,56380
25,150060094010,56413
25,150063578807,56446
25,150069401202,56479
25,150071738800,56512
25,150077561195,56545
25,150078751594,56578
25,150081089192,56611
25,150254249042,56644
25,150254292242,56677
25,150254335442,56710
25,150254378642,56743
25,150254421842,56776
25,150254465042,56809
25,150254508242,56842
25,150254637842,56875
25,150254724242,56908
25,150254767442,56941
25,150254853842,56974
25,150254940242,57007
25,150255026642,57040
25,150255069842,57073
25,150259116239,57106
25,150262644236,57139
25,150269441030,57172
25,150272925827,57205
25,150277557823,57238
25,150282189819,57271
25,150468141658,57304
25,150468184858,57337
25,150468271258,57370
25,150468314458,57403
25,150468357658,57436
25,150468400858,57469
25,150468444058,57502
25,150468487258,57535
25,150469807257,57568
25,150473335254,57601
25,150473378454,57634
25,150473421654,57667
25,150474612053,57700
25,150475802452,57733
25,150478183250,57765
25,150482858446,57797
25,150485196044,57829
25,150488724041,57861
25,150493399237,57893
25,150495780035,57925
25,150656517495,57957
25,150670629483,57989
25,150676581478,58021
25,150684827871,58053
25,150684957471,58085
25,150685043871,58117
25,150685087071,58149
25,150685173471,58181
25,150685216671,58213
25,150685259871,58245
25,150685303071,58277
25,150685735071,58309
25,150688115869,58341
25,150688159069,58373
25,150690496667,58405
25,150691687066,58437
25,150695215063,58469
25,150699890259,58501
25,150704565455,58533
25,150711578249,58565
25,150847250131,58597
25,150863397317,58629
25,150863440517,58661
25,150868245313,58693
25,150875301307,58725
25,150879976503,58757
25,150884651699,58789
25,150886989297,58821
25,150890517294,58853
25,150895235690,58885
25,150898806887,58917
25,150898893287,58949
25,150898979687,58981
25,150899022887,59013
25,150899066087,59045
25,150899152487,59077
25,150899238887,59109
25,150899325287,59141
25,150899368487,59173
25,150899454887,59205
25,150899541287,59237
25,151063566745,59269
25,151065904343,59301
25,151068328341,59333
25,151068371541,59365
25,151068414741,59397
25,151068457941,59429
25,151075470735,59461
25,151081293130,59493
25,151087158725,59525
25,151089539523,59556
25,151094214719,59587
25,151097742716,59618
25,151101313913,59649
25,151103651511,59680
25,151107222708,59711
25,151109603506,59742
25,151114235502,59773
25,151121205096,59804
25,151123715494,59835
25,151129537889,59866
25,151134169885,59897
25,151297436944,59928
25,151297480144,59959
25,151297523344,59990
25,151297566544,60021
25,151297609744,60052
25,151297652944,60083
25,151297696144,60114
25,151297739344,60145
25,151297782544,60176
25,151297825744,60207
25,151297868944,60238
25,151297912144,60269
25,151297955344,60300
25,151297998544,60331
25,151298041744,60362
25,151298084944,60393
25,151300508942,60424
25,151306288137,60455
25,151313214531,60486
25,151318993726,60517
25,151325920120,60548
25,151508948762,60579
25,151513451158,60610
25,151513494358,60641
25,151518126354,60672
25,151521611151,60703
25,151521654351,60734
25,151521697551,60765
25,151521740751,60796
25,151522931150,60827
25,151522974350,60858
25,151523017550,60889
25,151523060750,60920
25,151523103950,60951
25,151525441548,60982
25,151527779146,61013
25,151531263943,61044
25,151535895939,61075
25,151539380736,61106
25,151544012732,61137
25,151546350330,61168
25,151664617428,61199
25,151664747028,61230
25,151664833428,61261
25,151664919828,61292
25,151665006228,61323
25,151673382221,61354
25,151683836612,61385
25,151688641408,61416
25,151693273404,61447
25,151697905400,61477
25,151702537396,61507
25,151707169392,61537
25,151711801388,61567
25,151712991787,61597
25,151717494183,61627
25,151717537383,61657
25,151717580583,61687
25,151717623783,61717
25,151717666983,61747
25,151717710183,61777
25,151717753383,61807
25,151717796583,61837
25,151820334947,61867
25,151820810147,61897
25,151824294944,61927
25,151828926940,61957
25,151830117339,61987
25,151834749335,62017
25,151854017542,62047
25,151870251128,62077
25,151877220722,62107
25,151881939118,62137
25,151883215917,62167
25,151886848490,62197
25,151888082089,62227
25,151888168489,62257
25,151897813703,62287
25,151897856903,62317
25,151897900103,62347
25,151902532099,62377
25,151903722498,62407
25,151906060096,62437
25,151908397694,62467
25,151908440894,62497
25,151976989635,62527
25,151977032835,62557
25,151977076035,62587
25,151977162435,62617
25,151977248835,62647
25,151978669285,62677
25,151982370009,62707
25,151989296403,62737
25,151993928399,62767
25,151999707594,62797
25,152004339590,62827
25,152013905351,62857
25,152018537347,62887
25,152020918145,62917
25,152024446142,62947
25,152027974139,62977
25,152031502136,63007
25,152037324531,63037
25,152040852528,63067
25,152043276526,63097
25,152049123624,63127
25,152052737948,63157
25,152129945881,63187
25,152138105874,63217
25,152138278674,63247
25,152138321874,63277
25,152138365074,63307
25,152138451474,63337
25,152138494674,63367
25,152139166786,63397
25,152143798782,63427
25,152150725176,63457
25,152162641222,63487
25,152167316418,63516
25,152174329212,63545
25,152181342006,63574
25,152191882797,63603
25,152196872336,63632
25,152203885130,63661
25,152210854724,63690
25,152217824318,63719
25,152222456314,63748
25,152226329911,63777
25,152226459511,63806
25,152271416272,63835
25,152271459472,63864
25,152271502672,63893
25,152272693071,63922
25,152278515466,63951
25,152285528260,63980
25,152292497854,64009
25,152299510648,64038
25,152304142644,64067
25,152308774640,64096
25,152318081832,64125
25,152325224226,64154
25,152333384219,64183
25,152341630612,64212
25,152341760212,64241
25,152347798494,64270
25,152357864158,64299
25,152369508948,64328
25,152376478542,64357
25,152383664063,64386
25,152392193768,64415
25,152396782564,64444
25,152399897649,64473
25,152460982508,64502
25,152461025708,64531
25,152461068908,64560
25,152461112108,64589
25,152461155308,64618
25,152461198508,64647
25,152463536106,64676
25,152465873704,64705
25,152468211302,64734
25,152468254502,64763
25,152470592100,64792
25,152482107290,64821
25,152500505674,64850
25,152507432068,64879
25,152516652860,64908
25,152528297650,64937
25,152531153648,64966
25,152537513531,64995
25,152547622395,65024
25,152555868715,65053
25,152569635103,65082
25,152571944875,65111
25,152579959894,65140
25,152649723033,65169
25,152649766233,65198
25,152649809433,65227
25,152649852633,65256
25,152649895833,65285
25,152653380630,65314
25,152655718228,65343
25,152660350224,65372
25,152664982220,65401
25,152667319818,65430
25,152673099013,65459
25,152676583810,65488
25,152687124601,65517
25,152689591799,65546
25,152693206196,65575
25,152702686188,65604
25,152702729388,65633
25,152702858988,65662
25,152737763342,65691
25,152770076073,65719
25,152791650726,65747
25,152791693926,65775
25,152797063594,65803
25,152836370760,65831
25,152836413960,65859
25,152836457160,65887
25,152836500360,65915
25,152836543560,65943
25,152836586760,65971
25,152836629960,65999
25,152836673160,66027
25,152836716360,66055
25,152839097158,66083
25,152843772354,66111
25,152846565951,66139
25,152853535545,66167
25,152860505139,66195
25,152863989936,66223
25,152875591526,66251
25,152875677926,66279
25,152877857310,66307
25,152897489293,66335
25,152930404848,66363
25,152944351692,66391
25,152947836489,66419
25,152963340250,66447
25,153032642815,66475
25,153032686015,66503
25,153033876414,66531
25,153033919614,66559
25,153033962814,66587
25,153034006014,66615
25,153034049214,66643
25,153034092414,66671
25,153035935388,66699
25,153037168987,66727
25,153044095381,66755
25,153045285780,66783
25,153046519379,66811
25,153046562579,66839
25,153046605779,66867
25,153046648979,66895
25,153046692179,66923
25,153046735379,66951
25,153048439603,66979
25,153059023594,67007
25,153085708713,67035
25,153111595091,67063
25,153116661832,67091
25,153126986623,67119
25,153198199361,67147
25,153204021756,67175
25,153207506553,67203
25,153209930551,67231
25,153209973751,67259
25,153212311349,67287
25,153216943345,67315
25,153219453743,67343
25,153225276138,67371
25,153229951334,67399
25,153234626530,67427
25,153238154527,67455
25,153242829723,67483
25,153245167321,67511
25,153247504919,67539
25,153251119316,67567
25,153251162516,67595
25,153251292116,67623
25,153251335316,67651
25,153251421716,67679
25,153259167468,67707
25,153307572179,67735
25,153323805765,67763
25,153326920963,67791
25,153395580103,67819
25,153395623303,67847
25,153395666503,67875
25,153395709703,67903
25,153395752903,67931
25,153395796103,67959
25,153395839303,67987
25,153400471299,68015
25,153405103295,68042
25,153409735291,68069
25,153416661685,68096
25,153423588079,68123
25,153430514473,68150
25,153435146469,68177
25,153439778465,68204
25,153448999257,68231
25,153453804053,68258
25,153454020053,68285
25,153454106453,68312
25,153454192853,68339
25,153454279253,68366
25,153466528803,68393
25,153485013587,68420
25,153494234379,68447
25,153621708523,68474
25,153621751723,68501
25,153621794923,68528
25,153621838123,68555
25,153621881323,68582
25,153623071722,68609
25,153624262121,68636
25,153624305321,68663
25,153624348521,68690
25,153625582120,68717
25,153626815719,68744
25,153626858919,68771
25,153629239717,68798
25,153629282917,68825
25,153629326117,68852
25,153629369317,68879
25,153629455717,68906
25,153629498917,68933
25,153629542117,68960
25,153629628517,68987
25,153629671717,69014
25,153629714917,69041
25,153651112572,69068
25,153665008560,69095
25,153758730646,69122
25,153765657040,69149
25,153772583434,69176
25,153779553028,69203
25,153785418623,69230
25,153788946620,69257
25,153791284218,69284
25,153794812215,69311
25,153799530611,69338
25,153804205807,69365
25,153808967403,69392
25,153810244202,69419
25,153810330602,69446
25,153810373802,69473
25,153810460202,69500
25,153810546602,69527
25,153821687455,69554
25,153832185046,69581
25,153843873036,69608
25,153850929030,69635
25,153858028224,69662
25,153864911418,69689
25,153866101817,69716
25,153872941811,69743
25,153872985011,69770
25,153929747644,69797
25,153929790844,69824
25,153929834044,69851
25,153929877244,69878
25,153940374835,69905
25,153948534828,69932
25,153956694821,69959
25,153961413217,69986
25,153966131613,70013
25,153971997208,70040
25,153980200401,70067
25,153981434000,70094
25,153990654752,70121
25,154000237700,70148
25,154004912896,70175
25,154009588092,70202
25,154013116089,70229
25,154017748085,70256
25,154022423281,70283
25,154024847279,70310
25,154030153244,70337
25,154033681241,70364
25,154034914840,70391
25,154040694035,70418
25,154044265232,70445
25,154145742617,70472
25,154146933016,70499
25,154153989010,70526
25,154157517007,70553
25,154163346160,70579
25,154163389360,70605
25,154172610152,70631
25,154174947750,70657
25,154177285348,70683
25,154181960544,70709
25,154182046944,70735
25,154182219744,70761
25,154183410143,70787
25,154183453343,70813
25,154185790941,70839
25,154185834141,70865
25,154185877341,70891
25,154190552537,70917
25,154194080534,70943
25,154198755730,70969
25,154203430926,70995
25,154210702920,71021
25,154210789320,71047
25,154216278558,71073
25,154221083281,71099
25,154297446415,71125
25,154298994043,71151
25,154307197236,71177
25,154315270829,71203
25,154315314029,71229
25,154315357229,71255
25,154317694827,71281
25,154317738027,71307
25,154320075625,71333
25,154327002019,71359
25,154333928413,71385
25,154340854807,71411
25,154347781201,71437
25,154357001993,71463
25,154359339591,71489
25,154361677189,71515
25,154364014787,71541
25,154366352385,71567
25,154370984381,71593
25,154373321979,71619
25,154375659577,71645
25,154380291573,71671
25,154387217967,71697
25,154390648048,71723
25,154395323244,71749
25,154490041562,71775
25,154490084762,71801
25,154490127962,71827
25,154490171162,71853
25,154490214362,71879
25,154490257562,71905
25,154490300762,71931
25,154490343962,71957
25,154490387162,71983
25,154492897560,72009
25,154500841553,72035
25,154505473549,72061
25,154510105545,72087
25,154514737541,72113
25,154519369537,72139
25,154524001533,72165
25,154528633529,72191
25,154533265525,72217
25,154540191919,72243
25,154547118313,72269
25,154554044707,72295
25,154563308699,72321
25,154574953489,72347
25,154580991884,72373
25,154588935764,72399
25,154727401316,72425
25,154727444516,72451
25,154727487716,72477
25,154727530916,72503
25,154727574116,72529
25,154727617316,72555
25,154728807715,72581
25,154738028507,72607
25,154745084501,72633
25,154758006090,72659
25,154765018884,72685
25,154766252483,72711
25,154766295683,72737
25,154766338883,72763
25,154766382083,72789
25,154766425283,72815
25,154766468483,72841
25,154766511683,72867
25,154766554883,72893
25,154766598083,72919
25,154766641283,72945
25,154766684483,72971
25,154767918082,72997
25,154778329273,73023
25,154783134069,73049
25,154783393269,73075
25,154886920253,73101
25,154886963453,73127
25,154892742648,73153
25,154892785848,73179
25,154892829048,73205
25,154895166646,73231
25,154897504244,73257
25,154904473838,73282
25,154907027436,73307
25,154911875432,73332
25,154927568407,73357
25,154927611607,73382
25,154927654807,73407
25,154934667601,73432
25,154935858000,73457
25,154935901200,73482
25,154942784394,73507
25,154942827594,73532
25,154947416390,73557
25,154947459590,73582
25,154952048386,73607
25,154960121979,73632
25,154964753975,73657
25,154969385971,73682
25,154970619570,73707
25,154970705970,73732
25,155052543478,73757
25,155052586678,73782
25,155052673078,73807
25,155054036277,73832
25,155056417075,73857
25,155062498670,73882
25,155067044266,73907
25,155072909861,73932
25,155074143460,73957
25,155075333859,73982
25,155099686659,74007
25,155106699453,74032
25,155115877045,74057
25,155122889839,74082
25,155128669034,74107
25,155133301030,74132
25,155137933026,74157
25,155139879290,74182
25,155150595415,74207
25,155156417810,74232
25,155164664203,74257
25,155169296199,74282
25,155172824196,74307
25,155174294831,74332
25,155177866028,74357
25,155189381218,74382
25,155290464759,74407
25,155290507959,74432
25,155290551159,74457
25,155290594359,74482
25,155290637559,74507
25,155301416085,74532
25,155320289669,74557
25,155336609655,74582
25,155345873647,74607
25,155350592043,74632
25,155350635243,74657
25,155350678443,74682
25,155351868842,74707
25,155351912042,74732
25,155351955242,74757
25,155351998442,74782
25,155352041642,74807
25,155352084842,74832
25,155352128042,74857
25,155352171242,74882
25,155352214442,74907
25,155352257642,74932
25,155358080037,74957
25,155359356836,74982
25,155367269397,75007
25,155377810188,75032
25,155455287018,75057
25,155455330218,75082
25,155455373418,75107
25,155455459818,75132
25,155455503018,75157
25,155455913553,75182
25,155459419815,75207
25,155462991012,75232
25,155477278334,75257
25,155479659132,75282
25,155486585526,75307
25,155493598320,75332
25,155500611114,75357
25,155509918306,75382
25,155522580695,75407
25,155529507089,75432
25,155538727881,75457
25,155538771081,75482
25,155541108679,75507
25,155541151879,75532
25,155541195079,75557
25,155543532677,75582
25,155545870275,75607
25,155548207873,75632
25,155550545471,75657
25,155552883069,75682
25,155555350267,75707
25,155633789265,75732
25,155633832465,75757
25,155633875665,75782
25,155633918865,75807
25,155634005265,75832
25,155634048465,75857
25,155634091665,75882
25,155634134865,75907
25,155634178065,75932
25,155638021634,75957
25,155644016756,75982
25,155650684023,76007
25,155654384747,76032
25,155659904815,76057
25,155663605539,76082
25,155669125607,76107
25,155672869531,76132
25,155686322954,76157
25,155690998150,76182
25,155694482947,76206
25,155696950145,76230
25,155703746939,76254
25,155709526134,76278
25,155714158130,76302
25,155721084524,76326
25,155730305316,76350
25,155737231710,76374
25,155834643791,76398
25,155834686991,76422
25,155834730191,76446
25,155834816591,76470
25,155836309390,76494
25,155840941386,76518
25,155845573382,76542
25,155850205378,76566
25,155859426170,76590
25,155873385762,76614
25,155880244957,76638
25,155887171351,76662
25,155895374544,76686
25,155904465736,76710
25,155911392130,76734
25,155918318524,76758
25,155920656122,76782
25,155927582516,76806
25,155929920114,76830
25,155935699309,76854
25,155940331305,76878
25,155942668903,76902
25,155942712103,76926
25,155942755303,76950
25,155942798503,76974
25,155942841703,76998
25,155942884903,77022
25,156020328037,77046
25,156020414437,77070
25,156027537630,77094
25,156034115770,77118
25,156039981365,77142
25,156046322160,77166
25,156052144555,77190
25,156053378154,77214
25,156063832545,77238
25,156068507741,77262
25,156070888539,77286
25,156074416536,77310
25,156077901333,77334
25,156084698127,77358
25,156088226124,77382
25,156089416523,77406
25,156092944520,77430
25,156097619716,77454
25,156101162598,77478
25,156106941793,77502
25,156108175392,77526
25,156108218592,77550
25,156108261792,77574
25,156117352984,77598
25,156117396184,77622
25,156124452178,77646
25,156124495378,77670
25,156250376345,77694
25,156250419545,77718
25,156250549145,77742
25,156257605139,77766
25,156260072337,77790
25,156262582735,77814
25,156265093133,77838
25,156265179533,77862
25,156269984329,77886
25,156270113929,77910
25,156273641926,77934
25,156277169923,77958
25,156279593921,77982
25,156280328208,78006
25,156285934676,78030
25,156297372029,78054
25,156302047225,78078
25,156306722421,78102
25,156311354417,78126
25,156315986413,78150
25,156321765608,78174
25,156325250405,78198
25,156326440804,78222
25,156326484004,78246
25,156329830565,78270
25,156341354391,78294
25,156341397591,78318
25,156350618383,78342
25,156476302511,78366
25,156476345711,78390
25,156476432111,78414
25,156476475311,78438
25,156476561711,78462
25,156476604911,78486
25,156476648111,78510
25,156476734511,78534
25,156476820911,78558
25,156476864111,78582
25,156476993711,78606
25,156477080111,78630
25,156477166511,78654
25,156479806509,78678
25,156485672104,78702
25,156490347300,78726
25,156493832097,78750
25,156497360094,78774
25,156502035290,78798
25,156513472643,78822
25,156519251838,78846
25,156523927034,78870
25,156527455031,78894
25,156529792629,78918
25,156532173427,78942
25,156535701424,78966
25,156538548786,78990
25,156545431980,79014
25,156674469303,79038
25,156681630898,79062
25,156681803698,79086
25,156681976498,79110
25,156682192498,79134
25,156682278898,79158
25,156683201461,79182
25,156687444730,79206
25,156689782328,79230
25,156695604723,79254
25,156701383918,79278
25,156706015914,79302
25,156710647910,79326
25,156715279906,79350
25,156719911902,79374
25,156724543898,79397
25,156733958372,79420
25,156738948516,79443
25,156743666912,79466
25,156756451931,79489
25,156767967121,79512
25,156777187913,79535
25,156786408705,79558
25,156794482298,79581
25,156801408692,79604
25,156801451892,79627
25,156801495092,79650
25,156801538292,79673
25,156888984616,79696
25,156889027816,79719
25,156889071016,79742
25,156892815013,79765
25,156892901413,79788
25,156892987813,79811
25,156893074213,79834
25,156893160613,79857
25,156895946951,79880
25,156902830145,79903
25,156908825267,79926
25,156922400684,79949
25,156928223079,79972
25,156933872674,79995
25,156938504670,80018
25,156943050266,80041
25,156952267736,80064
25,156953544535,80087
25,156960301451,80110
25,156962808527,80133
25,156967440523,80156
25,156972504519,80179
25,156972547719,80202
25,156977509436,80225
25,156978699835,80248
25,156983131710,80271
25,156986746107,80294
25,156993542901,80317
25,157096766812,80340
25,157096810012,80363
25,157096896412,80386
25,157096939612,80409
25,157096982812,80432
25,157098866703,80455
25,157105965897,80478
25,157112978691,80501
25,157124429188,80524
25,157130251583,80547
25,157134926779,80570
25,157140749174,80593
25,157145467570,80616
25,157150142766,80639
25,157154817962,80662
25,157160640357,80685
25,157161873956,80708
25,157164211554,80731
25,157164254754,80754
25,157164297954,80777
25,157164341154,80800
25,157164384354,80823
25,157166765152,80846
25,157170249949,80869
25,157171656348,80892
25,157174231439,80915
25,157180898706,80938
25,157183495431,80961
25,157188084227,80984
25,157295076134,81007
25,157302045728,81030
25,157305746525,81053
25,157305832925,81076
25,157305919325,81099
25,157306005725,81122
25,157306092125,81145
25,157306178525,81168
25,157307584924,81191
25,157320406740,81214
25,157327419534,81237
25,157336726726,81260
25,157342549121,81283
25,157347224317,81306
25,157351856313,81329
25,157356531509,81352
25,157361163505,81375
25,157365838701,81398
25,157370816297,81421
25,157370859497,81444
25,157379772134,81467
25,157391287324,81490
25,157402802514,81513
25,157416612102,81536
25,157436450750,81559
25,157442316345,81582
25,157442359545,81605
25,157442402745,81628
25,157442445945,81651
25,157531341868,81674
25,157531385068,81697
25,157531428268,81720
25,157531471468,81743
25,157531514668,81766
25,157533852266,81789
25,157537509863,81812
25,157542357859,81835
25,157549370653,81858
25,157556340247,81881
25,157565690639,81904
25,157585797822,81927
25,157585927422,81950
25,157586057022,81973
25,157586100222,81996
25,157586229822,82019
25,157586316222,82042
25,157586445822,82065
25,157586532222,82088
25,157588850343,82111
25,157594816735,82134
25,157606970337,82157
25,157615043930,82180
25,157642356173,82203
25,157659823358,82226
25,157659866558,82249
25,157663394555,82272
25,157665775353,82295
25,157665818553,82318
25,157789044046,82341
25,157789087246,82364
25,157789130446,82387
25,157789173646,82410
25,157791684044,82433
25,157794064842,82456
25,157798722438,82479
25,157800778437,39330
25,158026420412,39378
25,158027243004,39426
25,158034126198,39474
25,158038714994,39522
25,158107978934,39570
25,158112610930,39618
25,158117242926,39666
25,158124169320,39714
25,158135684510,39761
25,158163260486,39808
25,158174775676,39855
25,158180684471,39902
25,158193217260,39949
25,158209839646,39996
25,158209969246,40043
25,158213151756,40090
25,158214514955,40137
25,158214730955,40184
25,158214774155,40231
25,158218468624,40278
25,158295849357,40325
25,158295892557,40372
25,158295978957,40419
25,158296022157,40466
25,158300369270,40513
25,158303940467,40560
25,158307382064,40606
25,158317922855,40652
25,158346516430,40698
25,158362620416,40744
25,158374135606,40790
25,158383356398,40836
25,158389697193,40882
25,158389740393,40928
25,158491231506,40974
25,158491274706,41020
25,158491317906,41066
25,158491404306,41112
25,158492767505,41158
25,158496295502,41204
25,158497529101,41250
25,158504541895,41296
25,158510364290,41342
25,158513892287,41388
25,158527831475,41434
25,158534844269,41479
25,158534887469,41524
25,158534930669,41569
25,158631012186,41614
25,158631228186,41659
25,158631444186,41704
25,158644797775,41749
25,158662264960,41794
25,158681940143,41839
25,158684796141,41884
25,158692798025,41929
25,158698577220,41974
25,158707841212,42019
25,158723723515,42064
25,158723766715,42109
25,158723809915,42154
25,158723853115,42199
25,158723896315,42244
25,158829112224,42289
25,158829371424,42334
25,158834046620,42378
25,158839955415,42422
25,158849305807,42466
25,158884000178,42510
25,158884172978,42554
25,158888594657,42598
25,158891061855,42642
25,158893572253,42686
25,158894805852,42730
25,158896082651,42774
25,158896212251,42818
25,158896298651,42862
25,158896385051,42906
25,159011493751,42950
25,159011536951,42994
25,159011580151,43038
25,159020800943,43082
25,159030021735,43126
25,159059176910,43170
25,159061557708,43214
25,159061600908,43258
25,159069002502,43302
25,159069218502,43345
25,159069391302,43388
25,159069607302,43431
25,159074491847,43474
25,159081331954,43517
25,159083712752,43560
25,159214407038,43603
25,159214450238,43646
25,159214493438,43689
25,159214536638,43732
25,159214579838,43775
25,159236419819,43818
25,159245640611,43861
25,159254861403,43904
25,159254904603,43947
25,159254947803,43990
25,159254991003,44033
25,159255034203,44076
25,159264254995,44119
25,159279341382,44162
25,159290400573,44205
25,159458041717,44248
25,159458084917,44291
25,159458128117,44333
25,159458171317,44375
25,159460595315,44417
25,159480529698,44459
25,159488732891,44501
25,159489923290,44543
25,159489966490,44585
25,159490009690,44627
25,159490052890,44669
25,159490096090,44711
25,159490139290,44753
25,159491372889,44795
25,159491416089,44837
25,159492822488,44879
25,159650817543,44921
25,159653198341,44963
25,159653241541,45005
25,159653284741,45047
25,159655622339,45089
25,159659150336,45131
25,159662764733,45173
25,159665188731,45215
25,159672287925,45257
25,159674668723,45299
25,159677049521,45341
25,159678283120,45383
25,159690057510,45424
25,159690100710,45465
25,159690187110,45506
25,159690273510,45547
25,159803366213,45588
25,159803409413,45629
25,159804643012,45670
25,159805833411,45711
25,159805876611,45752
25,159808257409,45793
25,159810595007,45834
25,159812975805,45875
25,159819988599,45916
25,159829338991,45957
25,159836351785,45998
25,159841070181,46039
25,159855095769,46080
25,159855138969,46121
25,159855182169,46162
25,159856415768,46203
25,159949095385,46244
25,159949181785,46285
25,159952882582,46326
25,159958748177,46367
25,159963380173,46408
25,159965760971,46449
25,159971583366,46489
25,159976604162,46529
25,159976863362,46569
25,159990996163,46609
25,160003744952,46649
25,160014156143,46689
25,160023420135,46729
25,160026904932,46769
25,160028095331,46809
25,160028138531,46849
25,160122228050,46889
25,160122357650,46929
25,160122400850,46969
25,160122487250,47009
25,160123893649,47049
25,160127421646,47089
25,160133330441,47129
25,160141490434,47169
25,160148460028,47209
25,160161208817,47249
25,160175061605,47289
25,160179108002,47329
25,160179280802,47369
25,160179324002,47409
25,160183693749,47449
25,160188522657,47489
25,160325903338,47529
25,160325946538,47569
25,160325989738,47609
25,160330837734,47649
25,160337807328,47688
25,160343629723,47727
25,160347157720,47766
25,160350685717,47805
25,160358845710,47844
25,160373932097,47883
25,160375122496,47922
25,160375165696,47961
25,160377503294,48000
25,160381506491,48039
25,160381765691,48078
25,160381895291,48117
25,160381981691,48156
25,160495533329,48195
25,160495576529,48234
25,160496766928,48273
25,160505987720,48312
25,160522091706,48351
25,160535901294,48390
25,160547416484,48429
25,160552480480,48468
25,160554990878,48507
25,160555034078,48546
25,160555077278,48585
25,160555120478,48624
25,160556354077,48663
25,160563366871,48702
25,160573494863,48741
25,160573667663,48780
25,160573797263,48819
25,160691493650,48858
25,160691536850,48896
25,160691580050,48934
25,160691623250,48972
25,160692813649,49010
25,160697445645,49048
25,160713549631,49086
25,160715887229,49124
25,160718224827,49162
25,160720562425,49200
25,160722900023,49238
25,160725237621,49276
25,160727575219,49314
25,160727618419,49352
25,160736839211,49390
25,160750648799,49428
25,160764458387,49466
25,160842409531,49504
25,160842452731,49542
25,160842495931,49580
25,160842539131,49618
25,160842582331,49656
25,160842625531,49694
25,160846705658,49732
25,160853761652,49770
25,160859192292,49808
25,160863910688,49846
25,160868629084,49884
25,160873347480,49922
25,160881291473,49960
25,160885923469,49998
25,160890555465,50036
25,160895187461,50074
25,160899819457,50112
25,161075766241,50150
25,161085073433,50187
25,161086307032,50224
25,161086350232,50261
25,161086393432,50298
25,161086436632,50335
25,161087627031,50372
25,161087670231,50409
25,161087713431,50446
25,161087756631,50483
25,161087799831,50520
25,161087843031,50557
25,161087886231,50594
25,161087929431,50631
25,161087972631,50668
25,161088015831,50705
25,161090396629,50742
25,161095115025,50779
25,161248878093,50816
25,161251258891,50853
25,161251302091,50890
25,161251345291,50927
25,161252535690,50964
25,161254916488,51001
25,161254959688,51038
25,161258530885,51075
25,161260911683,51112
25,161264439680,51149
25,161266820478,51186
25,161269201276,51223
25,161271538874,51260
25,161273919672,51297
25,161275153271,51334
25,161280975666,51371
25,161284460463,51408
25,161289135659,51445
25,161413810751,51482
25,161419676346,51518
25,161426861940,51554
25,161426991540,51590
25,161427077940,51626
25,161427207540,51662
25,161427337140,51698
25,161427466740,51734
25,161427596340,51770
25,161427682740,51806
25,161429856938,51842
25,161437428595,51878
25,161440956592,51914
25,161443337390,51950
25,161446822187,51986
25,161459570976,52022
25,161468834968,52058
25,161486215753,52094
25,161611003981,52130
25,161611047181,52166
25,161611090381,52202
25,161612280780,52238
25,161612323980,52274
25,161615851977,52310
25,161622821571,52346
25,161629834365,52382
25,161636847159,52418
25,161643816753,52454
25,161645223152,52490
25,161645266352,52526
25,161647906350,52562
25,161651391147,52598
25,161656066343,52634
25,161660741539,52670
25,161666563934,52706
25,161706605500,52742
25,161844933282,52778
25,161844976482,52814
25,161845019682,52850
25,161845062882,52886
25,161845106082,52922
25,161845149282,52957
25,161845192482,52992
25,161847530080,53027
25,161847573280,53062
25,161847616480,53097
25,161849954078,53132
25,161852291676,53167
25,161854629274,53202
25,161856966872,53237
25,161857010072,53272
25,161859347670,53307
25,161861685268,53342
25,161864022866,53377
25,161889304444,53412
25,162048805066,53447
25,162048848266,53482
25,162048891466,53517
25,162048934666,53552
25,162048977866,53587
25,162049021066,53622
25,162049064266,53657
25,162049107466,53692
25,162049150666,53727
25,162051488264,53762
25,162051531464,53797
25,162051574664,53832
25,162053912262,53867
25,162053955462,53902
25,162053998662,53937
25,162054041862,53972
25,162054085062,54007
25,162054128262,54042
25,162054171462,54077
25,162226894514,54112
25,162226937714,54147
25,162226980914,54182
25,162227024114,54217
25,162236331306,54252
25,162245552098,54287
25,162254772890,54322
25,162263993682,54357
25,162270920076,54392
25,162277846470,54427
25,162280184068,54461
25,162280227268,54495
25,162280270468,54529
25,162280313668,54563
25,162280356868,54597
25,162280400068,54631
25,162280443268,54665
25,162280486468,54699
25,162282824066,54733
25,162436764619,54767
25,162436807819,54801
25,162443971988,54835
25,162444015188,54869
25,162445205587,54903
25,162446439186,54937
25,162448776784,54971
25,162448819984,55005
25,162448863184,55039
25,162448906384,55073
25,162451287182,55107
25,162451330382,55141
25,162451373582,55175
25,162453711180,55209
25,162457195977,55243
25,162461827973,55277
25,162466459969,55311
25,162468797567,55345
25,162473429563,55379
25,162637800621,55413
25,162637930221,55447
25,162638059821,55481
25,162638146221,55515
25,162638275821,55549
25,162638362221,55583
25,162638448621,55617
25,162638535021,55651
25,162638578221,55685
25,162640197158,55719
25,162642861268,55753
25,162644872354,55787
25,162647166752,55821
25,162649874062,55855
25,162653358859,55889
25,162656843656,55923
25,162661475652,55957
25,162666107648,55991
25,162676207557,56025
25,162682029952,56058
25,162851772204,56091
25,162851815404,56124
25,162851858604,56157
25,162851901804,56190
25,162856533800,56223
25,162865754592,56256
25,162876770583,56289
25,162876856983,56322
25,162876943383,56355
25,162877029783,56388
25,162877072983,56421
25,162877159383,56454
25,162877245783,56487
25,162877332183,56520
25,162877418583,56553
25,162881646662,56586
25,162896229807,56619
25,162905493799,56652
25,162913653792,56685
25,162918503050,56718
25,163061516906,56751
25,163061560106,56784
25,163061603306,56817
25,163066235302,56850
25,163066278502,56883
25,163069806499,56916
25,163072144097,56949
25,163074524895,56982
25,163078009692,57015
25,163079200091,57048
25,163081580889,57081
25,163085065686,57114
25,163095520077,57147
25,163105974468,57180
25,163113116862,57213
25,163113203262,57246
25,163113289662,57279
25,163113419262,57312
25,163113548862,57345
25,163121673552,57378
25,163293285463,57411
25,163293328663,57444
25,163293371863,57477
25,163293415063,57510
25,163293458263,57543
25,163293501463,57576
25,163293544663,57609
25,163293587863,57642
25,163295925461,57675
25,163300557457,57708
25,163305189453,57741
25,163309951049,57773
25,163309994249,57805
25,163310037449,57837
25,163310080649,57869
25,163310123849,57901
25,163311314248,57933
25,163317179843,57965
25,163328781433,57997
25,163340383023,58029
25,163494582889,58061
25,163494626089,58093
25,163500405284,58125
25,163510773275,58157
25,163515405271,58189
25,163521184466,58221
25,163525816462,58253
25,163528154060,58285
25,163531638857,58317
25,163531682057,58349
25,163531725257,58381
25,163531768457,58413
25,163531811657,58445
25,163531854857,58477
25,163531898057,58509
25,163531941257,58541
25,163531984457,58573
25,163532027657,58605
25,163532070857,58637
25,163532114057,58669
25,163532157257,58701
25,163684446727,58733
25,163684489927,58765
25,163684533127,58797
25,163691459521,58829
25,163691502721,58861
25,163696134717,58893
25,163696177917,58925
25,163696221117,58957
25,163698558715,58989
25,163700896313,59021
25,163700939513,59053
25,163703277111,59085
25,163705614709,59117
25,163712541103,59149
25,163719467497,59181
25,163726393891,59213
25,163731025887,59245
25,163733363485,59277
25,163735701083,59309
25,163738038681,59341
25,163740376279,59373
25,163852883383,59405
25,163852926583,59437
25,163853012983,59469
25,163856713780,59501
25,163860241777,59533
25,163864960173,59564
25,163868531370,59595
25,163873249766,59626
25,163876777763,59657
25,163881496159,59688
25,163885024156,59719
25,163887491354,59750
25,163888724953,59781
25,163891105751,59812
25,163896755346,59843
25,163905976138,59874
25,163910608134,59905
25,163913075332,59936
25,163918724927,59967
25,163926798520,59998
25,163930283317,60029
25,164092084146,60060
25,164092127346,60091
25,164092170546,60122
25,164092213746,60153
25,164092256946,60184
25,164092300146,60215
25,164092343346,60246
25,164092386546,60277
25,164092559346,60308
25,164092602546,60339
25,164092645746,60370
25,164092688946,60401
25,164092732146,60432
25,164093965745,60463
25,164098640941,60494
25,164104506536,60525
25,164111519330,60556
25,164117341725,60587
25,164124354519,60618
25,164132514512,60649
25,164134852110,60680
25,164291082376,60711
25,164293635974,60742
25,164299458369,60773
25,164302986366,60804
25,164306471163,60835
25,164308808761,60866
25,164311189559,60897
25,164313527157,60928
25,164315907955,60959
25,164318245553,60990
25,164318288753,61021
25,164319479152,61052
25,164319522352,61083
25,164319565552,61114
25,164319608752,61145
25,164319651952,61176
25,164326664746,61207
25,164331296742,61238
25,164341751133,61269
25,164348720727,61300
25,164358157519,61331
25,164480948327,61362
25,164486770722,61393
25,164489281120,61424
25,164489540320,61455
25,164489669920,61485
25,164494863516,61515
25,164498391513,61545
25,164499581912,61575
25,164503109909,61605
25,164503153109,61635
25,164504343508,61665
25,164506724306,61695
25,164511399502,61725
25,164516074698,61755
25,164518455496,61785
25,164521940293,61815
25,164528953087,61845
25,164535922681,61875
25,164541745076,61905
25,164549861869,61935
25,164557978662,61965
25,164560829208,61995
25,164631452152,62025
25,164639655345,62055
25,164646711339,62085
25,164653767333,62115
25,164660823327,62145
25,164667879321,62175
25,164674892115,62205
25,164681861709,62235
25,164688874503,62265
25,164694696898,62295
25,164700519293,62325
25,164702900091,62355
25,164705237689,62385
25,164708938486,62415
25,164711140232,62445
25,164726226619,62475
25,164741356206,62505
25,164751767397,62535
25,164757546592,62565
25,164763368987,62595
25,164769191382,62625
25,164775056977,62655
25,164817090541,62685
25,164824955060,62715
25,164831881454,62745
25,164838807848,62775
25,164844587043,62805
25,164851556637,62835
25,164858223904,62865
25,164875674342,62895
25,164883791135,62925
25,164888515931,62955
25,164892000728,62985
25,164895603924,63015
25,164900298319,63045
25,164904992714,63075
25,164910896707,63105
25,164927375087,63135
25,164932069482,63165
25,164933322280,63195
25,164934512679,63225
25,164936912676,63255
25,164940459872,63285
25,164947448665,63315
25,165029590994,63345
25,165037880587,63375
25,165051152553,63405
25,165051574949,63435
25,165051786147,63465
25,165052040545,63495
25,165056334062,63524
25,165067806052,63553
25,165072394848,63582
25,165076983644,63611
25,165080425241,63640
25,165085014037,63669
25,165088585234,63698
25,165092026831,63727
25,165094321229,63756
25,165096702027,63785
25,165099366137,63814
25,165101290823,63843
25,165112467738,63872
25,165115952535,63901
25,165118290133,63930
25,165120627731,63959
25,165225066040,63988
25,165225109240,64017
25,165245802022,64046
25,165255022814,64075
25,165255066014,64104
25,165255109214,64133
25,165255152414,64162
25,165259784410,64191
25,165273593998,64220
25,165283505990,64249
25,165287163587,64278
25,165290931579,64307
25,165291104379,64336
25,165291233979,64365
25,165291320379,64394
25,165291406779,64423
25,165291493179,64452
25,165291579579,64481
25,165291622779,64510
25,165291665979,64539
25,165294046777,64568
25,165296470775,64597
25,165296513975,64626
25,165402927257,64655
25,165402970457,64684
25,165421368841,64713
25,165426000837,64742
25,165426044037,64771
25,165426087237,64800
25,165426130437,64829
25,165428468035,64858
25,165428511235,64887
25,165443468022,64916
25,165444658421,64945
25,165448143218,64974
25,165452775214,65003
25,165461996006,65032
25,165468922400,65061
25,165479333591,65090
25,165484311187,65119
25,165484397587,65148
25,165484483987,65177
25,165484527187,65206
25,165484613587,65235
25,165484656787,65264
25,165484743187,65293
25,165562405487,65322
25,165562448687,65351
25,165562664687,65380
25,165567383083,65409
25,165572101479,65438
25,165572144679,65467
25,165575715876,65496
25,165578096674,65525
25,165580477472,65554
25,165581667871,65583
25,165584048669,65612
25,165587619866,65641
25,165590000664,65670
25,165593528661,65698
25,165604026252,65726
25,165615411842,65754
25,165624632634,65782
25,165631559028,65810
25,165636191024,65838
25,165644307817,65866
25,165653571809,65894
25,165653615009,65922
25,165659437404,65950
25,165729891743,65978
25,165732229341,66006
25,165737163737,66034
25,165737250137,66062
25,165738829336,66090
25,165744738131,66118
25,165751794125,66146
25,165756469321,66174
25,165763525315,66202
25,165768243711,66230
25,165776360504,66258
25,165783373298,66286
25,165788048494,66314
25,165801944482,66342
25,165810579675,66370
25,165810709275,66398
25,165813072675,66426
25,165824750027,66454
25,165829382023,66482
25,165831719621,66510
25,165831762821,66538
25,165831806021,66566
25,165831849221,66594
25,165904641158,66622
25,165904684358,66650
25,165904727558,66678
25,165904770758,66706
25,165904813958,66734
25,165904857158,66762
25,165908341955,66790
25,165910722753,66818
25,165916588348,66846
25,165922367543,66874
25,165940765927,66902
25,165952281117,66930
25,165961933909,66958
25,165972431500,66986
25,165982929091,67014
25,165998058678,67042
25,166005028272,67070
25,166009161069,67098
25,166009420269,67126
25,166009549869,67154
25,166009593069,67182
25,166009636269,67210
25,166009722669,67238
25,166009809069,67266
25,166101596285,67294
25,166101639485,67322
25,166101682685,67350
25,166101725885,67378
25,166101769085,67406
25,166101812285,67434
25,166101855485,67462
25,166101898685,67490
25,166101941885,67518
25,166101985085,67546
25,166102028285,67574
25,166108954679,67602
25,166120469869,67630
25,166131985059,67658
25,166136617055,67686
25,166143543449,67714
25,166155058639,67742
25,166168868227,67770
25,166180383417,67798
25,166191898607,67826
25,166201119399,67854
25,166209711392,67882
25,166212048990,67910
25,166215620187,67938
25,166308306677,67966
25,166308349877,67994
25,166308393077,68022
25,166308436277,68049
25,166308479477,68076
25,166308522677,68103
25,166308565877,68130
25,166308609077,68157
25,166313241073,68184
25,166316725870,68211
25,166321357866,68238
25,166325989862,68265
25,166328327460,68292
25,166328370660,68319
25,166328413860,68346
25,166328457060,68373
25,166330794658,68400
25,166333132256,68427
25,166333175456,68454
25,166337807452,68481
25,166349322642,68508
25,166364279429,68535
25,166371205823,68562
25,166378132217,68589
25,166479968930,68616
25,166480012130,68643
25,166480055330,68670
25,166480141730,68697
25,166480184930,68724
25,166480228130,68751
25,166480444130,68778
25,166481634529,68805
25,166482824928,68832
25,166482911328,68859
25,166485292126,68886
25,166487672924,68913
25,166490053722,68940
25,166492434520,68967
25,166494772118,68994
25,166497152916,69021
25,166499533714,69048
25,166501871312,69075
25,166508668106,69102
25,166511005704,69129
25,166513343302,69156
25,166515680900,69183
25,166518018498,69210
25,166520356096,69237
25,166644685588,69264
25,166650810383,69291
25,166650896783,69318
25,166651026383,69345
25,166651631183,69372
25,166658687177,69399
25,166665743171,69426
25,166672799165,69453
25,166678664760,69480
25,166685677554,69507
25,166692647148,69534
25,166699616742,69561
25,166706629536,69588
25,166713685530,69615
25,166714875929,69642
25,166716109528,69669
25,166718533526,69696
25,166720957524,69723
25,166725675920,69750
25,166725805520,69777
25,166741613207,69804
25,166748582801,69831
25,166755595595,69858
25,166759123592,69885
25,166766136386,69912
25,166884014684,69939
25,166884057884,69966
25,166884101084,69993
25,166884144284,70020
25,166884187484,70047
25,166884230684,70074
25,166884317084,70101
25,166884360284,70128
25,166884403484,70155
25,166884446684,70182
25,166884489884,70209
25,166891675478,70236
25,166909142663,70263
25,166923081851,70290
25,166928947446,70317
25,166929509046,70344
25,166929638646,70371
25,166929768246,70398
25,166929854646,70425
25,166929941046,70452
25,166930200246,70479
25,166933335401,70506
25,166939114596,70533
25,166942599393,70560
25,166947231389,70586
25,167027366561,70612
25,167027409761,70638
25,167027452961,70664
25,167027496161,70690
25,167030980958,70716
25,167035612954,70742
25,167040244950,70768
25,167049465742,70794
25,167058686534,70820
25,167070201724,70846
25,167074833720,70872
25,167079465716,70898
25,167081803314,70924
25,167095612902,70950
25,167109422490,70976
25,167118643282,71002
25,167125569676,71028
25,167132496070,71054
25,167139422464,71080
25,167144054460,71106
25,167150980854,71132
25,167155612850,71158
25,167162971244,71184
25,167163576044,71210
25,167163662444,71236
25,167222491194,71262
25,167222534394,71288
25,167222577594,71314
25,167222620794,71340
25,167222663994,71366
25,167222707194,71392
25,167222750394,71418
25,167222793594,71444
25,167222836794,71470
25,167224199993,71496
25,167226580791,71522
25,167228918389,71548
25,167234567984,71574
25,167236905582,71600
25,167250715170,71626
25,167273702350,71652
25,167292100734,71678
25,167308204720,71704
25,167308247920,71730
25,167310585518,71756
25,167310628718,71782
25,167310671918,71808
25,167313009516,71834
25,167321083109,71860
25,167330303901,71886
25,167405107037,71912
25,167405193437,71938
25,167405236637,71964
25,167405323037,71990
25,167405625437,72016
25,167410343833,72042
25,167416209428,72068
25,167420927824,72094
25,167425646220,72120
25,167430364616,72146
25,167436230211,72172
25,167442052606,72198
25,167446727802,72224
25,167451402998,72250
25,167456078194,72276
25,167460796590,72302
25,167463177388,72328
25,167465558186,72354
25,167467938984,72380
25,167471423781,72406
25,167473804579,72432
25,167478479775,72458
25,167479713374,72484
25,167486510168,72510
25,167491142164,72536
25,167495774160,72562
25,167609366062,72588
25,167609409262,72614
25,167609538862,72640
25,167609582062,72666
25,167609841262,72692
25,167615663657,72718
25,167622676451,72744
25,167629646045,72770
25,167638953237,72796
25,167647113230,72822
25,167647156430,72848
25,167647199630,72874
25,167647242830,72900
25,167653108425,72926
25,167664753215,72952
25,167676441205,72978
25,167684601198,73004
25,167687197996,73030
25,167687370796,73056
25,167687457196,73082
25,167687629996,73108
25,167687759596,73134
25,167693166657,73160
25,167695614767,73186
25,167697885053,73212
25,167700505963,73238
25,167848589557,73264
25,167848632757,73289
25,167848675957,73314
25,167848719157,73339
25,167848762357,73364
25,167848805557,73389
25,167848848757,73414
25,167855775151,73439
25,167869584739,73464
25,167876511133,73489
25,167876554333,73514
25,167876597533,73539
25,167876640733,73564
25,167876683933,73589
25,167879021531,73614
25,167887786324,73639
25,167898283915,73664
25,167904106310,73689
25,167909928705,73714
25,167916855099,73739
25,167919082298,73764
25,167919168698,73789
25,167919211898,73814
25,167919341498,73839
25,167919427898,73864
25,167919557498,73889
25,168032708837,73914
25,168032752037,73939
25,168036236834,73964
25,168040868830,73989
25,168045500826,74014
25,168045544026,74039
25,168045587226,74064
25,168045630426,74089
25,168045673626,74114
25,168045716826,74139
25,168045760026,74164
25,168045803226,74189
25,168045846426,74214
25,168045889626,74239
25,168048227224,74264
25,168050564822,74289
25,168055196818,74314
25,168064417610,74339
25,168073638402,74364
25,168093183985,74389
25,168100110379,74414
25,168109331171,74439
25,168118551963,74464
25,168128919954,74489
25,168132447951,74514
25,168138443146,74539
25,168211427084,74564
25,168211470284,74589
25,168211513484,74614
25,168211556684,74639
25,168211599884,74664
25,168211772684,74689
25,168211945484,74714
25,168213265483,74739
25,168216793480,74764
25,168221511876,74789
25,168226230272,74814
25,168230948668,74839
25,168234433465,74864
25,168242377458,74889
25,168247009454,74914
25,168251641450,74939
25,168256273446,74964
25,168260905442,74989
25,168265537438,75014
25,168270169434,75039
25,168272507032,75064
25,168274844630,75089
25,168277182228,75114
25,168279519826,75139
25,168284151822,75164
25,168293372614,75189
25,168303783805,75214
25,168408759715,75239
25,168408802915,75264
25,168408846115,75289
25,168408889315,75314
25,168408932515,75339
25,168409018915,75364
25,168415057310,75389
25,168422113304,75414
25,168429126098,75439
25,168436095692,75464
25,168443065286,75489
25,168448930881,75514
25,168455900475,75539
25,168465250867,75564
25,168467718065,75589
25,168467761265,75614
25,168467890865,75639
25,168468020465,75664
25,168468063665,75689
25,168468106865,75714
25,168476094058,75739
25,168481873253,75764
25,168486505249,75789
25,168492327644,75814
25,168496959640,75839
25,168501591636,75864
25,168506266832,75889
25,168622585132,75914
25,168622628332,75939
25,168622671532,75964
25,168622714732,75989
25,168622757932,76014
25,168622801132,76039
25,168622844332,76064
25,168622887532,76089
25,168625397930,76114
25,168637042720,76139
25,168646349912,76164
25,168654509905,76189
25,168663773897,76213
25,168671890690,76237
25,168677713085,76261
25,168679205884,76285
25,168679249084,76309
25,168679335484,76333
25,168679465084,76357
25,168679551484,76381
25,168679637884,76405
25,168679724284,76429
25,168679810684,76453
25,168679853884,76477
25,168679940284,76501
25,168680026684,76525
25,168680069884,76549
25,168795640684,76573
25,168795683884,76597
25,168795727084,76621
25,168795770284,76645
25,168796960683,76669
25,168797003883,76693
25,168803930277,76717
25,168808562273,76741
25,168815488667,76765
25,168820120663,76789
25,168827047057,76813
25,168836915849,76837
25,168842954244,76861
25,168849923838,76885
25,168853451835,76909
25,168858083831,76933
25,168861611828,76957
25,168866287024,76981
25,168873256618,77005
25,168880226212,77029
25,168886005407,77053
25,168894122200,77077
25,168895874199,77101
25,168896046999,77125
25,168896219799,77149
25,168896349399,77173
25,168896478999,77197
25,168950947569,77221
25,168950990769,77245
25,168951033969,77269
25,168951077169,77293
25,168951120369,77317
25,168951163569,77341
25,168951206769,77365
25,168951249969,77389
25,168951293169,77413
25,168952483568,77437
25,168955968365,77461
25,168962894759,77485
25,168967526755,77509
25,168974453149,77533
25,168988262737,77557
25,169008955519,77581
25,169022765107,77605
25,169036574695,77629
25,169048089885,77653
25,169061899473,77677
25,169066531469,77701
25,169068869067,77725
25,169078089859,77749
25,169087310651,77773
25,169094237045,77797
25,169098869041,77821
25,169103501037,77845
25,169172414579,77869
25,169172457779,77893
25,169172500979,77917
25,169172544179,77941
25,169172587379,77965
25,169172630579,77989
25,169172673779,78013
25,169172760179,78037
25,169172803379,78061
25,169174166578,78085
25,169174252978,78109
25,169176633776,78133
25,169179014574,78157
25,169181438572,78181
25,169182672171,78205
25,169185052969,78229
25,169190702564,78253
25,169195334560,78277
25,169199966556,78301
25,169203451353,78325
25,169206936150,78349
25,169211568146,78373
25,169213905744,78397
25,169221979337,78421
25,169239230522,78445
25,169250745712,78469
25,169257672106,78493
25,169266892898,78517
25,169380916800,78541
25,169380960000,78565
25,169381003200,78589
25,169381089600,78613
25,169381176000,78637
25,169381262400,78661
25,169381305600,78685
25,169387387195,78709
25,169393252790,78733
25,169401455983,78757
25,169407321578,78781
25,169415438371,78805
25,169422451165,78829
25,169427169561,78853
25,169429550359,78877
25,169433121556,78901
25,169438987151,78925
25,169442558348,78949
25,169444895946,78973
25,169447319944,78997
25,169449700742,79021
25,169449743942,79045
25,169449787142,79069
25,169450977541,79093
25,169457774335,79117
25,169460111933,79141
25,169464743929,79165
25,169467081527,79189
25,169574159834,79213
25,169574203034,79237
25,169583510226,79261
25,169590566220,79285
25,169597622214,79309
25,169600262212,79333
25,169600305412,79357
25,169607707006,79380
25,169611235003,79403
25,169613572601,79426
25,169615953399,79449
25,169625260591,79472
25,169638009380,79495
25,169646169373,79518
25,169653182167,79541
25,169662532559,79564
25,169675410948,79587
25,169683700541,79610
25,169683830141,79633
25,169683916541,79656
25,169684089341,79679
25,169684175741,79702
25,169684305341,79725
25,169684434941,79748
25,169686724007,79771
25,169692460002,79794
25,169699515996,79817
25,169703043993,79840
25,169869768880,79863
25,169869812080,79886
25,169869855280,79909
25,169869898480,79932
25,169869941680,79955
25,169869984880,79978
25,169870028080,80001
25,169870071280,80024
25,169870114480,80047
25,169872452078,80070
25,169877386474,80093
25,169889204064,80116
25,169898554456,80139
25,169902082453,80162
25,169902125653,80185
25,169902168853,80208
25,169903359252,80231
25,169903402452,80254
25,169906930449,80277
25,169916280841,80300
25,169925544833,80323
25,169929072830,80346
25,169932144828,80369
25,169932231228,80392
25,169932317628,80415
25,169932404028,80438
25,169932490428,80461
25,169932576828,80484
25,170038464736,80507
25,170045391130,80530
25,170050023126,80553
25,170056949520,80576
25,170063875914,80599
25,170073096706,80622
25,170080023100,80645
25,170082360698,80668
25,170082403898,80691
25,170082447098,80714
25,170082490298,80737
25,170082533498,80760
25,170084871096,80783
25,170084914296,80806
25,170084957496,80829
25,170087295094,80852
25,170091927090,80875
25,170098853484,80898
25,170105779878,80921
25,170112706272,80944
25,170119632666,80967
25,170133442254,80990
25,170140368648,81013
25,170145000644,81036
25,170149632640,81059
25,170154264636,81082
25,170157034234,81105
25,170160667832,81128
25,170160754232,81151
25,170267376540,81174
25,170267419740,81197
25,170267462940,81220
25,170267506140,81243
25,170267549340,81266
25,170267592540,81289
25,170268782939,81312
25,170268826139,81335
25,170271163737,81358
25,170271206937,81381
25,170271250137,81404
25,170271293337,81427
25,170271336537,81450
25,170273674135,81473
25,170273717335,81496
25,170273760535,81519
25,170273803735,81542
25,170276141333,81565
25,170278478931,81588
25,170283110927,81611
25,170285448525,81634
25,170290080521,81657
25,170294712517,81680
25,170299344513,81703
25,170305123708,81726
25,170307461306,81749
25,170312093302,81772
25,170314430900,81795
25,170323651692,81818
25,170465856370,81841
25,170465899570,81864
25,170465942770,81887
25,170465985970,81910
25,170466245170,81933
25,170470963566,81956
25,170474491563,81979
25,170479209959,82002
25,170483928355,82025
25,170488646751,82048
25,170493365147,82071
25,170498083543,82094
25,170502715539,82117
25,170509512333,82140
25,170514144329,82163
25,170518776325,82186
25,170523408321,82209
25,170528040317,82232
25,170533819512,82255
25,170537304309,82278
25,170543083504,82301
25,170545421102,82324
25,170548905899,82347
25,170550096298,82370
25,170553581095,82393
25,170555918693,82416
25,170558299491,82439
25,170560680289,82462
25,170561870688,82485
25,170723620949,82508
25,170723664149,82531
25,170723707349,82554
25,170723750549,82577
25,170723793749,82600
25,170723836949,82623
25,170723880149,82646
25,170723923349,82669
25,170723966549,82692
25,170724009749,82715
25,170727667346,82738
25,170738121737,82761
25,170743987332,82784
25,170746411330,82807
25,170748835328,82829
25,170750025727,82851
25,170751345726,82873
25,170751475326,82895
25,170751518526,82917
25,170751604926,82939
25,170757254521,82961
25,170761929717,82983
25,170764267315,83005
25,170765457714,83027
25,170766648113,83049
25,170770176110,83071
25,170771366509,83093
25,170772600108,83115
25,170773790507,83137
25,170944243160,83159
25,170944286360,83181
25,170944372760,83203
25,170944415960,83225
25,170944459160,83247
25,170944502360,83269
25,170944545560,83291
25,170944588760,83313
25,170945951959,83335
25,170950670355,83357
25,170957726349,83379
25,170965843142,83401
25,170968223940,83423
25,170970561538,83445
25,170974046335,83467
25,170980214330,83489
25,170980343930,83511
25,170980473530,83533
25,170980559930,83555
25,170980689530,83577
25,170980732730,83599
25,170980862330,83621
25,170980905530,83643
25,170981035130,83665
25,170981121530,83687
25,170981207930,83709
25,170981337530,83731
25,170981423930,83753
25,170981553530,83775
25,170981683130,83797
25,171137759678,83819
25,171138950077,83841
25,171138993277,83863
25,171141330875,83885
25,171143668473,83907
25,171152889265,83929
25,171162110057,83951
25,171171330849,83973
25,171180551641,83995
25,171185183637,84017
25,171194404429,84039
25,171199857225,84061
25,171199943625,84083
25,171201306824,84105
25,171201350024,84127
25,171201393224,84149
25,171203730822,84171
25,171208406018,84193
25,171217386811,84215
25,171217516411,84237
25,171217602811,84259
25,171217732411,84281
25,171217905211,84303
25,171218034811,84325
25,171218207611,84347
25,171218294011,84369
25,171218859151,84391
25,171223447947,84413
25,171228036743,84435
25,171237389869,84457
25,171344208976,84479
25,171344252176,84501
25,171344295376,84523
25,171344338576,84545
25,171344381776,84567
25,171344424976,84589
25,171349056972,84611
25,171358277764,84633
25,171362909760,84655
25,171365247358,84677
25,171367584956,84699
25,171369922554,84721
25,171374554550,84743
25,171386069740,84765
25,171399879328,84787
25,171409100120,84809
25,171416026514,84831
25,171425247306,84853
25,171436762496,84875
25,171445983288,84897
25,171454143281,84919
25,171462260074,84941
25,171464640872,84963
25,171470463267,84985
25,171472085666,85007
25,171472172066,85029
25,171472215266,85051
25,171472301666,85073
25,171472388066,85095
25,171472474466,85117
25,171593943162,85139
25,171593986362,85161
25,171594029562,85183
25,171594072762,85205
25,171594115962,85227
25,171594159162,85249
25,171594202362,85271
25,171594245562,85293
25,171596583160,85315
25,171598920758,85337
25,171601258356,85359
25,171605890352,85381
25,171608227950,85403
25,171612859946,85425
25,171617491942,85447
25,171619829540,85469
25,171622167138,85491
25,171626799134,85513
25,171633725528,85535
25,171640651922,85557
25,171654634310,85579
25,171670911096,85601
25,171682555886,85623
25,171688378281,85645
25,171688421481,85667
25,171689611880,85689
25,171689655080,85711
25,171689698280,85733
25,171689741480,85755
25,171690975079,85777
25,171811296576,85799
25,171811339776,85821
25,171811426176,85843
25,171815126973,85865
25,171817507771,85887
25,171819888569,85909
25,171822269367,85931
25,171824650165,85953
25,171828134962,85975
25,171829325361,85997
25,171833827757,86019
25,171833870957,86041
25,171836208555,86063
25,171836251755,86085
25,171838589353,86107
25,171838632553,86129
25,171838675753,86151
25,171838718953,86173
25,171841056551,86195
25,171841099751,86217
25,171843437349,86239
25,171850363743,86261
25,171864173331,86283
25,171871272525,86305
25,171873653323,86327
25,171874843722,86349
25,171877224520,86371
25,171880752517,86393
25,171887765311,86415
25,171894734905,86437
25,171901704499,86459
25,172031376388,86481
25,172037198783,86503
25,172043064378,86525
25,172044254777,86547
25,172044297977,86569
25,172044341177,86590
25,172044384377,86611
25,172044427577,86632
25,172045617976,86653
25,172047998774,86674
25,172052673970,86695
25,172058496365,86716
25,172064318760,86737
25,172068993956,86758
25,172074773151,86779
25,172081569945,86800
25,172083907543,86821
25,172086590741,86842
25,172092240336,86863
25,172092283536,86884
25,172094664334,86905
25,172094707534,86926
25,172094750734,86947
25,172097174732,86968
25,172097217932,86989
25,172099555530,87010
25,172101936328,87031
25,172104273926,87052
25,172104317126,87073
25,172108992322,87094
25,172113667518,87115
25,172295937761,87136
25,172306435352,87157
25,172316889743,87178
25,172322755338,87199
25,172325481736,87220
25,172325568136,87241
25,172325611336,87262
25,172325654536,87283
25,172325697736,87304
25,172325740936,87325
25,172325784136,87346
25,172325827336,87367
25,172325870536,87388
25,172325913736,87409
25,172325956936,87430
25,172326043336,87451
25,172326172936,87472
25,172326216136,87493
25,172326345736,87514
25,172326432136,87535
25,172326518536,87556
25,172326561736,87577
25,172326648136,87598
25,172326691336,87619
25,172326777736,87640
25,172332427331,87661
25,172335912128,87682
25,172337102527,87703
25,172340630524,87724
25,172343011322,87745
25,172344201721,87766
25,172530671960,87787
25,172540022352,87808
25,172554047940,87829
25,172554091140,87850
25,172554134340,87871
25,172554177540,87892
25,172557662337,87913
25,172557705537,87934
25,172557748737,87955
25,172560129535,87976
25,172560172735,87997
25,172562510333,88018
25,172562553533,88039
25,172567228729,88060
25,172569239928,88081
25,172569326328,88102
25,172569455928,88123
25,172569542328,88144
25,172569671928,88165
25,172569801528,88186
25,172569887928,88207
25,172569931128,88228
25,172576727922,88249
25,172582550317,88270
25,172588372712,88291
25,172593004708,88312
25,172596532705,88333
25,172598870303,88354
25,172600103902,88375
25,172601294301,88396
25,172605581682,88417
25,172775971934,88438
25,172776015134,88459
25,172779759131,88480
25,172789109523,88501
25,172789152723,88522
25,172791533521,88543
25,172792723920,88564
25,172793914319,88585
25,172798589515,88606
25,172810191105,88627
25,172815946301,88648
25,172815989501,88669
25,172816119101,88690
25,172816205501,88711
25,172816335101,88732
25,172816378301,88753
25,172816507901,88774
25,172816637501,88795
25,172816767101,88816
25,172816853501,88837
25,172819802644,88858
25,172826729038,88879
25,172833664407,88900
25,172834941206,88921
25,172838657140,88942
25,172845222797,88963
25,172846413196,88984
25,172849854793,89005
25,172852192391,89026
25,172855633988,89047
25,172859161985,89068
25,172862646782,89089
25,173009531454,89110
25,173009574654,89131
25,173009617854,89152
25,173009661054,89173
25,173009704254,89194
25,173009747454,89215
25,173009790654,89236
25,173010981053,89257
25,173013318651,89278
25,173022539443,89299
25,173027171439,89320
25,173038686629,89341
25,173050201819,89362
25,173062950608,89383
25,173073404999,89404
25,173085006589,89425
25,173091822584,89446
25,173091908984,89467
25,173091995384,89488
25,173092038584,89509
25,173092081784,89530
25,173092168184,89551
25,173096732981,89572
25,173102598576,89593
25,173107273772,89614
25,173113096167,89635
25,173117771363,89656
25,173123593758,89677
25,173129416153,89698
25,173135281748,89719
25,173138809745,89740
25,173141233743,89761
25,173242316855,89782
25,173242360055,89803
25,173242403255,89824
25,173242446455,89845
25,173242489655,89866
25,173242532855,89887
25,173242576055,89908
25,173242619255,89929
25,173242662455,89950
25,173242705655,89971
25,173242748855,89992
25,173249675249,90013
25,173258896041,90034
25,173271601630,90055
25,173275129627,90076
25,173278657624,90097
25,173286774417,90118
25,173307553599,90139
25,173330886379,90160
25,173339305572,90181
25,173339391972,90202
25,173345862367,90223
25,173355169559,90244
25,173362182353,90265
25,173368047948,90286
25,173368091148,90307
25,173368134348,90328
25,173368177548,90349
25,173368220748,90370
25,173372895944,90391
25,173378761539,90412
25,173383436735,90433
25,173485340647,90454
25,173485383847,90475
25,173485427047,90496
25,173485470247,90517
25,173485513447,90538
25,173485556647,90559
25,173485599847,90580
25,173487092646,90601
25,173487135846,90622
25,173492785441,90643
25,173495123039,90664
25,173497503837,90685
25,173500988634,90706
25,173502179033,90726
25,173504559831,90746
25,173509191827,90766
25,173511529425,90786
25,173517351820,90806
25,173529039810,90826
25,173550078192,90846
25,173568778976,90866
25,173580423766,90886
25,173592025356,90906
25,173602566147,90926
25,173613063738,90946
25,173618972533,90966
25,173624794928,90986
25,173628366125,91006
25,173630703723,91026
25,173630746923,91046
25,173630790123,91066
25,173630833323,91086
25,173732478035,91106
25,173732564435,91126
25,173732607635,91146
25,173732694035,91166
25,173732737235,91186
25,173732780435,91206
25,173732866835,91226
25,173732953235,91246
25,173733039635,91266
25,173733126035,91286
25,173733169235,91306
25,173733255635,91326
25,173733298835,91346
25,173739294030,91366
25,173743969226,91386
25,173746306824,91406
25,173751025220,91426
25,173763817209,91446
25,173774314800,91466
25,173783578792,91486
25,173789401187,91506
25,173795223582,91526
25,173798708379,91546
25,173801089177,91566
25,173802322776,91586
25,173803513175,91606
25,173805893973,91626
25,173809465170,91646
25,173814183566,91666
25,173821153160,91686
25,173823490758,91706
25,173917450677,91726
25,173926844269,91746
25,173933857063,91766
25,173940241058,91786
25,173940370658,91806
25,173940500258,91826
25,173940629858,91846
25,173940759458,91866
25,173940889058,91886
25,173941018658,91906
25,173941234658,91926
25,173944739322,91946
25,173951622516,91966
25,173958505710,91986
25,173965388904,92006
25,173972272098,92026
25,173978051293,92046
25,173991288716,92066
25,173995963912,92086
25,174000639108,92106
25,174005314304,92126
25,174009989500,92146
25,174013517497,92166
25,174018235893,92186
25,174024015088,92206
25,174028647084,92226
25,174033279080,92246
25,174037911076,92266
25,174042543072,92286
25,174047175068,92306
25,174052960663,92326
25,174057655059,44160
25,174440767449,44203
25,174446978644,44246
25,174447108244,44289
25,174447281044,44331
25,174447410644,44373
25,174447540244,44415
25,174447713044,44457
25,174447799444,44499
25,174451057043,44541
25,174455645839,44583
25,174461381834,44625
25,174465970630,44667
25,174470559426,44709
25,174475148222,44751
25,174479780218,44793
25,174568104722,44835
25,174579619912,44877
25,174598018296,44919
25,174602650292,44961
25,174607282288,45003
25,174612130284,45045
25,174615658281,45087
25,174623818274,45129
25,174631935067,45171
25,174643536657,45213
25,174655224647,45255
25,174662712641,45297
25,174662885441,45339
25,174663015041,45381
25,174663058241,45422
25,174663101441,45463
25,174714885300,45504
25,174714928500,45545
25,174722299790,45586
25,174728208585,45627
25,174734074180,45668
25,174739939775,45709
25,174743424572,45750
25,174752515764,45791
25,174759442158,45832
25,174766584552,45873
25,174775891744,45914
25,174785155736,45955
25,174793272529,45996
25,174797947725,46037
25,174801432522,46078
25,174806107718,46119
25,174880003654,46160
25,174883790851,46201
25,174883963651,46242
25,174884179651,46283
25,174896386041,46324
25,174916234024,46365
25,174925541216,46406
25,174929285213,46447
25,174943710777,46488
25,174953017969,46528
25,174957649965,46568
25,174962325161,46608
25,174966957157,46648
25,174971589153,46688
25,174975073950,46728
25,174979749146,46768
25,175064771472,46808
25,175068256269,46848
25,175072931465,46888
25,175072974665,46928
25,175073017865,46968
25,175083472256,47008
25,175097411444,47048
25,175111221032,47088
25,175138797008,47128
25,175150312198,47168
25,175160051390,47208
25,175162604988,47248
25,175171912180,47288
25,175174052979,47328
25,175174355379,47368
25,175187696362,47408
25,175313076015,47448
25,175313119215,47488
25,175313162415,47528
25,175317794411,47568
25,175320132009,47608
25,175324764005,47648
25,175327101603,47687
25,175331733599,47726
25,175331776799,47765
25,175334114397,47804
25,175334157597,47843
25,175334200797,47882
25,175334243997,47921
25,175334287197,47960
25,175334330397,47999
25,175336667995,48038
25,175352771981,48077
25,175491366232,48116
25,175491409432,48155
25,175491452632,48194
25,175494542169,48233
25,175503633361,48272
25,175508265357,48311
25,175512897353,48350
25,175517529349,48389
25,175519866947,48428
25,175519910147,48467
25,175522247745,48506
25,175522290945,48545
25,175524628543,48584
25,175524671743,48623
25,175527009341,48662
25,175529346939,48701
25,175533978935,48740
25,175652702032,48779
25,175660862025,48818
25,175666727620,48857
25,175672180416,48895
25,175672439616,48933
25,175672655616,48971
25,175673433216,49009
25,175681636409,49047
25,175685164406,49085
25,175690060400,49123
25,175698133993,49161
25,175705103587,49199
25,175709778783,49237
25,175716661977,49275
25,175718629976,49313
25,175721010774,49351
25,175724538771,49389
25,175818282690,49427
25,175819473089,49465
25,175833412277,49503
25,175843866668,49541
25,175855468258,49579
25,175864775450,49617
25,175868260247,49655
25,175870641045,49693
25,175873151443,49731
25,175873281043,49769
25,175873367443,49807
25,175873453843,49845
25,175873497043,49883
25,175888972230,49921
25,175899426621,49959
25,175908733813,49997
25,175917997805,50035
25,175983227216,50073
25,175983270416,50111
25,175983356816,50149
25,175983980107,50186
25,175994552898,50223
25,175999184894,50260
25,176000516875,50297
25,176004008072,50334
25,176008640068,50371
25,176012124865,50408
25,176026378213,50445
25,176033304607,50482
25,176037979803,50519
25,176042654999,50556
25,176054256589,50593
25,176082134965,50630
25,176101723748,50667
25,176120122132,50704
25,176203325260,50741
25,176203368460,50778
25,176205811659,50815
25,176205898059,50852
25,176206070859,50889
25,176206286859,50926
25,176206373259,50963
25,176206546059,51000
25,176207509805,51037
25,176211383329,51074
25,176214868126,51111
25,176220258594,51148
25,176224933790,51185
25,176229608986,51222
25,176238872978,51259
25,176245842572,51296
25,176248180170,51333
25,176252812166,51370
25,176348253683,51407
25,176359768873,51444
25,176371284063,51481
25,176380504855,51517
25,176389725647,51553
25,176396652041,51589
25,176408167231,51625
25,176417388023,51661
25,176424314417,51697
25,176428946413,51733
25,176433578409,51769
25,176438210405,51805
25,176442842401,51841
25,176448019997,51877
25,176453355993,51913
25,176453442393,51949
25,176453528793,51985
25,176453658393,52021
25,176517771864,52057
25,176517815064,52093
25,176517858264,52129
25,176517901464,52165
25,176517944664,52201
25,176518031064,52237
25,176519687771,52273
25,176520964570,52309
25,176521007770,52345
25,176528917251,52381
25,176534739646,52417
25,176538267643,52453
25,176547661235,52489
25,176564826020,52525
25,176576341210,52561
25,176585562002,52597
25,176590193998,52633
25,176597120392,52669
25,176682488318,52705
25,176685973115,52741
25,176691795510,52777
25,176697617905,52813
25,176702249901,52849
25,176708072296,52885
25,176713894691,52921
25,176719304287,52956
25,176721901085,52991
25,176725429082,53026
25,176731294677,53061
25,176736013073,53096
25,176739584270,53131
25,176746597064,53166
25,176764107449,53201
25,176766488247,53236
25,176767765046,53271
25,176767808246,53306
25,176770189044,53341
25,176832828990,53376
25,176839798584,53411
25,176846768178,53446
25,176853737772,53481
25,176857265769,53516
25,176857308969,53551
25,176857352169,53586
25,176860880166,53621
25,176860923366,53656
25,176863260964,53691
25,176870187358,53726
25,176879408150,53761
25,176888628942,53796
25,176907027326,53831
25,176923131312,53866
25,176927763308,53901
25,176934689702,53936
25,176937027300,53971
25,176943953694,54006
25,177017273462,54041
25,177017316662,54076
25,177017359862,54111
25,177017403062,54146
25,177017446262,54181
25,177020931059,54216
25,177020974259,54251
25,177023855338,54286
25,177025045737,54321
25,177026279336,54356
25,177026322536,54391
25,177026365736,54426
25,177027599335,54460
25,177027642535,54494
25,177030868132,54528
25,177035456928,54562
25,177045652119,54596
25,177049136916,54630
25,177057210509,54664
25,177176735205,54698
25,177182557600,54732
25,177189570394,54766
25,177191907992,54800
25,177196583188,54834
25,177198920786,54868
25,177202448783,54902
25,177207123979,54936
25,177210651976,54970
25,177215802372,55004
25,177223160766,55038
25,177230216760,55072
25,177238506353,55106
25,177239696752,55140
25,177240973551,55174
25,177242163950,55208
25,177246882346,55242
25,177248159145,55276
25,177252877541,55310
25,177311144691,55344
25,177316967086,55378
25,177318200685,55412
25,177318243885,55446
25,177320581483,55480
25,177327551077,55514
25,177333373472,55548
25,177338091868,55582
25,177343914263,55616
25,177347399060,55650
25,177353264655,55684
25,177360234249,55718
25,177367160643,55752
25,177371792639,55786
25,177378719033,55820
25,177383351029,55854
25,177387983025,55888
25,177390320623,55922
25,177397247017,55956
25,177401879013,55990
25,177504733325,56024
25,177504862925,56057
25,177504906125,56090
25,177504992525,56123
25,177505035725,56156
25,177505122125,56189
25,177505208525,56222
25,177505294925,56255
25,177505381325,56288
25,177508651045,56321
25,177515669837,56354
25,177519197834,56387
25,177522912964,56420
25,177524189763,56453
25,177530357758,56486
25,177533040956,56519
25,177534274555,56552
25,177539151418,56585
25,177543840947,56618
25,177543884147,56651
25,177688460088,56684
25,177693135284,56717
25,177697810480,56750
25,177701338477,56783
25,177701381677,56816
25,177702572076,56849
25,177703762475,56882
25,177706143273,56915
25,177710775269,56948
25,177711965668,56981
25,177714346466,57014
25,177720168861,57047
25,177725991256,57080
25,177728088855,57113
25,177733911250,57146
25,177740924044,57179
25,177745599240,57212
25,177750317636,57245
25,177757373630,57278
25,177759797628,57311
25,177826283002,57344
25,177826326202,57377
25,177828663800,57410
25,177828707000,57443
25,177828750200,57476
25,177829983799,57509
25,177834615795,57542
25,177840481390,57575
25,177843966187,57608
25,177846346985,57641
25,177849831782,57674
25,177852212580,57707
25,177854550178,57740
25,177858078175,57772
25,177865090969,57804
25,177873207762,57836
25,177880177356,57868
25,177889398148,57900
25,177900913338,57932
25,177905545334,57964
25,178023183633,57996
25,178023313233,58028
25,178023399633,58060
25,178023442833,58092
25,178023529233,58124
25,178023658833,58156
25,178023745233,58188
25,178023831633,58220
25,178023918033,58252
25,178024047633,58284
25,178030355159,58316
25,178037281553,58348
25,178048973551,58380
25,178058532227,58412
25,178069694847,58444
25,178069738047,58476
25,178069781247,58508
25,178069824447,58540
25,178069867647,58572
25,178076794041,58604
25,178080278838,58636
25,178205366729,58668
25,178207704327,58700
25,178210085125,58732
25,178210128325,58764
25,178212465923,58796
25,178214846721,58828
25,178219521917,58860
25,178225344312,58892
25,178231166707,58924
25,178236945902,58956
25,178242768297,58988
25,178248590692,59020
25,178254413087,59052
25,178264800279,59084
25,178278869067,59116
25,178281249865,59148
25,178281293065,59180
25,178283760263,59212
25,178286141061,59244
25,178288651459,59276
25,178292179456,59308
25,178363189637,59340
25,178363232837,59372
25,178363276037,59404
25,178363319237,59436
25,178363362437,59468
25,178363405637,59500
25,178363448837,59532
25,178363492037,59563
25,178365829635,59594
25,178368167233,59625
25,178370548031,59656
25,178372885629,59687
25,178382192821,59718
25,178393794411,59749
25,178410071197,59780
25,178418274390,59811
25,178424053585,59842
25,178430979979,59873
25,178437906373,59904
25,178444832767,59935
25,178451759161,59966
25,178562187867,59997
25,178567776171,60028
25,178571347368,60059
25,178573728166,60090
25,178573771366,60121
25,178581045263,60152
25,178581088463,60183
25,178581131663,60214
25,178581174863,60245
25,178581218063,60276
25,178581261263,60307
25,178585763659,60338
25,178593707652,60369
25,178598339648,60400
25,178602971644,60431
25,178607603640,60462
25,178611088437,60493
25,178615720433,60524
25,178620352429,60555
25,178624984425,60586
25,178629616421,60617
25,178766262702,60648
25,178788232283,60679
25,178796713877,60710
25,178800285074,60741
25,178800328274,60772
25,178800371474,60803
25,178800414674,60834
25,178800457874,60865
25,178800501074,60896
25,178801691473,60927
25,178802925072,60958
25,178804115471,60989
25,178807729868,61020
25,178810110666,61051
25,178812491464,61082
25,178812577864,61113
25,178814958662,61144
25,178815045062,61175
25,178817425860,61206
25,178819849858,61237
25,178821040257,61268
25,178903515403,61299
25,178911632196,61330
25,178925528184,61361
25,178933731377,61392
25,178939553772,61423
25,178941934570,61454
25,178944315368,61484
25,178946652966,61514
25,178952518561,61544
25,178959488155,61574
25,178968795347,61604
25,178973470543,61634
25,178982691335,61664
25,178987323331,61694
25,178991955327,61724
25,178996587323,61754
25,179003513717,61784
25,179012734509,61814
25,179017366505,61844
25,179017409705,61874
25,179017452905,61904
25,179022084901,61934
25,179105782430,61964
25,179105912030,61994
25,179108004061,62024
25,179111532058,62054
25,179113912856,62084
25,179116250454,62114
25,179120839250,62144
25,179127549717,62174
25,179131164041,62204
25,179140305586,62234
25,179144980782,62264
25,179149569578,62294
25,179157606252,62324
25,179162238248,62354
25,179166870244,62384
25,179171502240,62414
25,179176134236,62444
25,179180766232,62474
25,179185398228,62504
25,179190030224,62534
25,179194662220,62564
25,179199294216,62594
25,179337260496,62624
25,179344273290,62654
25,179351242884,62684
25,179359119678,62714
25,179359810878,62744
25,179359854078,62774
25,179359897278,62804
25,179361130877,62834
25,179361174077,62864
25,179367082872,62894
25,179373078067,62924
25,179377796463,62954
25,179384938857,62984
25,179384982057,63014
25,179387406055,63044
25,179387492455,63074
25,179387578855,63104
25,179387622055,63134
25,179390046053,63164
25,179391236452,63194
25,179392513251,63224
25,179393703650,63254
25,179545652318,63284
25,179557297108,63314
25,179559677906,63344
25,179559721106,63374
25,179559764306,63404
25,179562145104,63434
25,179564482702,63464
25,179564525902,63494
25,179566863500,63523
25,179569244298,63552
25,179569287498,63581
25,179571625096,63610
25,179571668296,63639
25,179571711496,63668
25,179576343492,63697
25,179576559492,63726
25,179581234688,63755
25,179585909884,63784
25,179591732279,63813
25,179595260276,63842
25,179601082671,63871
25,179608095465,63900
25,179702150843,63929
25,179705635640,63958
25,179709163637,63987
25,179713838833,64016
25,179716176431,64045
25,179720851627,64074
25,179724379624,64103
25,179726717222,64132
25,179729098020,64161
25,179729141220,64190
25,179731478818,64219
25,179733816416,64248
25,179736154014,64277
25,179740786010,64306
25,179740829210,64335
25,179740872410,64364
25,179740915610,64393
25,179740958810,64422
25,179743296408,64451
25,179750222802,64480
25,179754854798,64509
25,179759486794,64538
25,179768707586,64567
25,179918054658,64596
25,179918141058,64625
25,179918227458,64654
25,179918270658,64683
25,179918357058,64712
25,179919806657,64741
25,179922144255,64770
25,179924525053,64799
25,179924568253,64828
25,179924611453,64857
25,179924654653,64886
25,179924697853,64915
25,179924741053,64944
25,179924784253,64973
25,179924827453,65002
25,179928355450,65031
25,179933073846,65060
25,179934264245,65089
25,179936688243,65118
25,179940436252,65147
25,179948070875,65176
25,179951555672,65205
25,179957334867,65234
25,180096361946,65263
25,180096405146,65292
25,180098785944,65321
25,180103461140,65350
25,180108136336,65379
25,180112811532,65408
25,180117486728,65437
25,180122161924,65466
25,180126837120,65495
25,180131512316,65524
25,180136187512,65553
25,180138870710,65582
25,180141597108,65611
25,180146272304,65640
25,180148609902,65669
25,180153285098,65697
25,180155665896,65725
25,180161531491,65753
25,180165145888,65781
25,180169864284,65809
25,180182656273,65837
25,180189712267,65865
25,180194430663,65893
25,180247307418,65921
25,180247350618,65949
25,180247393818,65977
25,180247437018,66005
25,180247480218,66033
25,180247523418,66061
25,180247566618,66089
25,180255802869,66117
25,180262772463,66145
25,180268594858,66173
25,180272079655,66201
25,180276754851,66229
25,180280239648,66257
25,180286105243,66285
25,180289590040,66313
25,180295455635,66341
25,180301278030,66369
25,180312922820,66397
25,180317598016,66425
25,180331407604,66453
25,180361277978,66481
25,180368204372,66509
25,180370541970,66537
25,180475234681,66565
25,180475321081,66593
25,180475450681,66621
25,180475537081,66649
25,180475623481,66677
25,180475666681,66705
25,180479111846,66733
25,180481449444,66761
25,180481535844,66789
25,180481622244,66817
25,180481708644,66845
25,180483953231,66873
25,180493125399,66901
25,180497757395,66929
25,180505701388,66957
25,180510333384,66985
25,180514965380,67013
25,180519597376,67041
25,180524229372,67069
25,180528861368,67097
25,180533493364,67125
25,180538125360,67153
25,180542757356,67181
25,180547389352,67209
25,180715374807,67237
25,180715504407,67265
25,180715634007,67293
25,180715720407,67321
25,180715763607,67349
25,180715806807,67377
25,180715850007,67405
25,180715893207,67433
25,180715936407,67461
25,180715979607,67489
25,180716022807,67517
25,180716109207,67545
25,180716152407,67573
25,180722320402,67601
25,180730437195,67629
25,180738597188,67657
25,180744462783,67685
25,180745739582,67713
25,180748120380,67741
25,180749353979,67769
25,180751734777,67797
25,180755262774,67825
25,180759006771,67853
25,180760240370,67881
25,180895283453,67909
25,180897621051,67937
25,180900001849,67965
25,180903529846,67993
25,180904720245,68021
25,180905953844,68048
25,180907144243,68075
25,180908334642,68102
25,180909525041,68129
25,180914200237,68156
25,180921213031,68183
25,180928139425,68210
25,180935065819,68237
25,180937403417,68264
25,180942035413,68291
25,180948961807,68318
25,180955888201,68345
25,180955931401,68372
25,180958268999,68399
25,180958312199,68426
25,180958355399,68453
25,180965411393,68480
25,180968180991,68507
25,180974003386,68534
25,181060410500,68561
25,181060453700,68588
25,181060583300,68615
25,181062119299,68642
25,181066794495,68669
25,181071469691,68696
25,181076144887,68723
25,181085651461,68750
25,181093595454,68777
25,181098227450,68804
25,181098270650,68831
25,181100608248,68858
25,181100651448,68885
25,181105283444,68912
25,181107621042,68939
25,181109958640,68966
25,181114590636,68993
25,181119222632,69020
25,181121560230,69047
25,181123897828,69074
25,181127382625,69101
25,181134309019,69128
25,181136646617,69155
25,181141278613,69182
25,181279028893,69209
25,181284851288,69236
25,181291820882,69263
25,181297643277,69290
25,181304612871,69317
25,181310627267,69344
25,181310713667,69371
25,181315062464,69398
25,181324412856,69425
25,181326793654,69452
25,181329174452,69479
25,181331598450,69506
25,181334022448,69533
25,181335212847,69560
25,181337593645,69587
25,181338870444,69614
25,181341251242,69641
25,181342484841,69668
25,181343718440,69695
25,181346142438,69722
25,181346185638,69749
25,181348523236,69776
25,181354172831,69803
25,181356510429,69830
25,181361142425,69857
25,181517636689,69884
25,181517679889,69911
25,181518870288,69938
25,181523588684,69965
25,181529454279,69992
25,181541185469,70019
25,181542721468,70046
25,181543911867,70073
25,181543955067,70100
25,181543998267,70127
25,181544041467,70154
25,181547526264,70181
25,181554495858,70208
25,181561551852,70235
25,181562742251,70262
25,181567417447,70289
25,181570945444,70316
25,181574473441,70343
25,181579148637,70370
25,181582633434,70397
25,181587308630,70424
25,181593217425,70451
25,181595641423,70478
25,181598022221,70505
25,181598065421,70532
25,181695783621,70559
25,181700458817,70585
25,181705134013,70611
25,181710999608,70637
25,181714484405,70663
25,181714527605,70689
25,181716908403,70715
25,181719246001,70741
25,181719289201,70767
25,181719332401,70793
25,181720522800,70819
25,181720566000,70845
25,181722903598,70871
25,181725241196,70897
25,181725284396,70923
25,181725327596,70949
25,181727665194,70975
25,181727708394,71001
25,181727751594,71027
25,181732383590,71053
25,181737015586,71079
25,181746236378,71105
25,181755457170,71131
25,181766972360,71157
25,181776193152,71183
25,181901794645,71209
25,181901837845,71235
25,181903836813,71261
25,181909462409,71287
25,181914180805,71313
25,181918856001,71339
25,181923531197,71365
25,181929180792,71391
25,181933812788,71417
25,181938444784,71443
25,181944223979,71469
25,181947708776,71495
25,181951193573,71521
25,181954678370,71547
25,181954721570,71573
25,181954764770,71599
25,181954807970,71625
25,181954851170,71651
25,181954894370,71677
25,181954937570,71703
25,181954980770,71729
25,181955023970,71755
25,181955067170,71781
25,181955110370,71807
25,181955153570,71833
25,182087124655,71859
25,182096345447,71885
25,182109094236,71911
25,182121886225,71937
25,182128899019,71963
25,182134764614,71989
25,182140587009,72015
25,182143356607,72041
25,182144047807,72067
25,182151060601,72093
25,182155735797,72119
25,182162748591,72145
25,182167466987,72171
25,182171081384,72197
25,182171210984,72223
25,182172444583,72249
25,182173721382,72275
25,182174954981,72301
25,182176188580,72327
25,182178612578,72353
25,182178698978,72379
25,182178742178,72405
25,182181166176,72431
25,182182356575,72457
25,182185927772,72483
25,182188308570,72509
25,182302081738,72535
25,182302124938,72561
25,182307947333,72587
25,182318401724,72613
25,182319592123,72639
25,182319635323,72665
25,182319678523,72691
25,182319721723,72717
25,182319764923,72743
25,182322145721,72769
25,182329115315,72795
25,182337275308,72821
25,182343097703,72847
25,182350153697,72873
25,182355976092,72899
25,182360608088,72925
25,182367534482,72951
25,182374460876,72977
25,182379092872,73003
25,182386019266,73029
25,182392945660,73055
25,182395283258,73081
25,182399915254,73107
25,182404547250,73133
25,182411473644,73159
25,182424956833,73185
25,182555195120,73211
25,182555238320,73237
25,182555281520,73263
25,182555324720,73288
25,182556515119,73313
25,182556558319,73338
25,182556601519,73363
25,182556644719,73388
25,182556694319,73413
25,182556793519,35190
25,182788734122,35244
25,182789924521,35298
25,183004796334,35351
25,183011809128,35404
25,183047434698,35457
25,183047477898,35510
25,183049858696,35563
25,183052239494,35616
25,183171653791,35669
25,183180960983,35722
25,183244748128,35775
25,183248276125,35828
25,183251933722,35881
25,183251976922,35934
25,183252020122,35986
25,183254573720,36038
25,183261629714,36090
25,183268685708,36142
25,183275741702,36194
25,183281564097,36246
25,183344636043,36298
25,183344765643,36350
25,183350218439,36402
25,183356040834,36454
25,183361949629,36506
25,183366668025,36558
25,183373724019,36610
25,183380736813,36662
25,183386516008,36713
25,183393442402,36764
25,183404957592,36815
25,183418767180,36866
25,183425693574,36917
25,183558918422,36968
25,183558961622,37019
25,183559004822,37070
25,183559048022,37121
25,183559091222,37172
25,183559134422,37223
25,183559350422,37274
25,183561688020,37325
25,183562921619,37376
25,183570516124,37426
25,183575061720,37476
25,183579115673,37526
25,183585429711,37576
25,183771511150,37626
25,183771554350,37676
25,183771597550,37726
25,183771640750,37776
25,183771683950,37826
25,183771727150,37876
25,183771770350,37926
25,183771813550,37976
25,183771856750,38026
25,183778783144,38076
25,183785709538,38126
25,183788047136,38175
25,183795794330,38224
25,183899910468,38273
25,183899953668,38322
25,183899996868,38371
25,183901187267,38420
25,183901230467,38469
25,183901273667,38518
25,183904801664,38567
25,183908329661,38616
25,183914152056,38665
25,183918827252,38714
25,183922355249,38763
25,183926987245,38812
25,183931619241,38861
25,184101745495,38910
25,184101788695,38958
25,184101831895,39006
25,184101875095,39054
25,184102004695,39102
25,184102134295,39150
25,184103540694,39198
25,184105964692,39246
25,184108388690,39294
25,184110171831,39342
25,184111405430,39390
25,184115951026,39438
25,184120539822,39486
25,184123938219,39534
25,184313187939,39582
25,184320114333,39630
25,184327040727,39678
25,184331672723,39725
25,184331715923,39772
25,184331759123,39819
25,184331802323,39866
25,184338728717,39913
25,184341066315,39960
25,184341109515,40007
25,184343749513,40054
25,184344181513,40101
25,184344224713,40148
25,184349072709,40195
25,184417766930,40242
25,184442154063,40289
25,184446786059,40336
25,184449123657,40383
25,184451461255,40430
25,184451504455,40477
25,184456136451,40524
25,184463062845,40570
25,184469989239,40616
25,184472326837,40662
25,184474664435,40708
25,184481590829,40754
25,184490811621,40800
25,184497738015,40846
25,184642064291,40892
25,184642150691,40938
25,184647085087,40984
25,184649509085,41030
25,184654313881,41076
25,184657841878,41122
25,184661499475,41168
25,184668641869,41214
25,184673403465,41260
25,184679626480,41306
25,184682025903,41352
25,184686701099,41398
25,184692566694,41444
25,184699536288,41489
25,184895571323,41534
25,184895614523,41579
25,184895657723,41624
25,184895700923,41669
25,184895744123,41714
25,184895787323,41759
25,184895830523,41804
25,184895873723,41849
25,184895916923,41894
25,184895960123,41939
25,184896003323,41984
25,184909812911,42029
25,184925960097,42074
25,184929550495,42119
25,184929723295,42164
25,185016350415,42209
25,185019835212,42254
25,185022172810,42299
25,185024510408,42344
25,185029142404,42388
25,185029185604,42432
25,185031523202,42476
25,185036155198,42520
25,185043081592,42564
25,185047713588,42608
25,185054639982,42652
25,185061566376,42696
25,185070787168,42740
25,185084596756,42784
25,185097345545,42828
25,185220935839,42872
25,185220979039,42916
25,185221108639,42960
25,185222471838,43004
25,185226086235,43048
25,185229700632,43092
25,185232124630,43136
25,185234548628,43180
25,185236972626,43224
25,185244071820,43268
25,185247643017,43312
25,185248876616,43355
25,185251257414,43398
25,185253638212,43441
25,185256019010,43484
25,185459858723,43527
25,185459901923,43570
25,185459945123,43613
25,185459988323,43656
25,185460031523,43699
25,185466957917,43742
25,185469295515,43785
25,185471633113,43828
25,185473970711,43871
25,185476308309,43914
25,185479793106,43957
25,185479836306,44000
25,185482173904,44043
25,185482217104,44086
25,185484554702,44129
25,185645452314,44172
25,185645495514,44215
25,185645538714,44258
25,185646729113,44301
25,185649066711,44343
25,185651404309,44385
25,185653741907,44427
25,185653785107,44469
25,185656122705,44511
25,185658460303,44553
25,185664239498,44595
25,185667724295,44637
25,185672399491,44679
25,185677031487,44721
25,185681706683,44763
25,185841508146,44805
25,185841551346,44847
25,185841637746,44889
25,185841940146,44931
25,185844407344,44973
25,185844493744,45015
25,185846917742,45057
25,185846960942,45099
25,185849341740,45141
25,185849428140,45183
25,185850618539,45225
25,185852999337,45267
25,185854405736,45309
25,185854492136,45351
25,185854621736,45392
25,185854664936,45433
25,186054080763,45474
25,186054123963,45515
25,186054167163,45556
25,186054210363,45597
25,186057109561,45638
25,186064295155,45679
25,186072541548,45720
25,186078536743,45761
25,186078666343,45802
25,186078839143,45843
25,186078968743,45884
25,186079184743,45925
25,186079314343,45966
25,186079487143,46007
25,186079616743,46048
25,186079703143,46089
25,186263151843,46130
25,186263195043,46171
25,186265532641,46212
25,186274753433,46253
25,186283974225,46294
25,186286311823,46335
25,186288779021,46376
25,186292263818,46417
25,186294644616,46458
25,186294687816,46498
25,186298215813,46538
25,186302891009,46578
25,186308713404,46618
25,186314535799,46658
25,186320358194,46698
25,186326223789,46738
25,186490330849,46778
25,186490374049,46818
25,186490417249,46858
25,186490460449,46898
25,186491650848,46938
25,186493988446,46978
25,186495222045,47018
25,186495265245,47058
25,186495308445,47098
25,186495351645,47138
25,186495394845,47178
25,186495438045,47218
25,186495481245,47258
25,186495524445,47298
25,186495567645,47338
25,186495610845,47378
25,186689914678,47418
25,186690044278,47458
25,186690217078,47498
25,186690303478,47538
25,186690433078,47578
25,186690519478,47618
25,186690562678,47657
25,186690649078,47696
25,186690692278,47735
25,186690735478,47774
25,186690778678,47813
25,186690821878,47852
25,186690908278,47891
25,186690994678,47930
25,186691081078,47969
25,186691124278,48008
25,186691210678,48047
25,186878969539,48086
25,186890484729,48125
25,186897411123,48164
25,186906631915,48203
25,186913558309,48242
25,186919510304,48281
25,186927300698,48320
25,186927343898,48359
25,186927430298,48398
25,186927473498,48437
25,186927559898,48476
25,186927646298,48515
25,186927775898,48554
25,186927905498,48593
25,186928035098,48632
25,186928121498,48671
25,186931050973,48710
25,187012348503,48749
25,187012391703,48788
25,187012434903,48827
25,187016631027,48866
25,187024877420,48904
25,187038600608,48942
25,187054704594,48980
25,187066219784,49018
25,187076890175,49056
25,187088534965,49094
25,187099032556,49132
25,187106002150,49170
25,187111824545,49208
25,187116499741,49246
25,187123512535,49284
25,187129334930,49322
25,187135157325,49360
25,187286885195,49398
25,187286928395,49436
25,187286971595,49474
25,187287014795,49512
25,187287144395,49550
25,187287273995,49588
25,187287317195,49626
25,187287403595,49664
25,187289591353,49702
25,187294180149,49740
25,187298768945,49778
25,187303421741,49816
25,187308010537,22770
25,187740330071,22853
25,187758728455,22936
25,187768042047,23019
25,187777392439,23101
25,187786699631,23183
25,187796050023,23265
25,187803149217,23346
25,187911609924,23427
25,187911825924,23508
25,187912257924,23589
25,187912473924,23669
25,187916088321,23749
25,187927733111,23829
25,187937040303,23908
25,187948685093,23987
25,188126280140,24066
25,188126366540,24145
25,188126409740,24223
25,188126452940,24301
25,188126496140,24379
25,188126712140,24457
25,188126928140,24534
25,188127187340,24611
25,188256278428,24688
25,188268940817,24765
25,188278161609,24841
25,188286235202,24917
25,188293247996,24993
25,188300303990,25069
25,188307316784,25144
25,188314286378,25219
25,188403503902,25294
25,188407161499,25369
25,188409585497,25444
25,188412052695,25518
25,188412225495,25592
25,188415516264,25666
25,188421252259,25740
25,188426988254,25813
25,188431577050,25886
25,188555517742,25959
25,188576210524,26032
25,188592314510,26105
25,188599240904,26177
25,188603872900,26249
25,188606210498,26321
25,188606253698,26393
25,188606296898,26465
25,188606340098,26536
25,188680989635,26607
25,188686053631,26678
25,188696680822,26749
25,188703736816,26820
25,188710706410,26891
25,188717503204,26961
25,188719840802,27031
25,188724472798,27101
25,188726810396,27171
25,188839495098,27241
25,188846551092,27310
25,188869840672,27379
25,188881355862,27448
25,188892871052,27517
25,188895208650,27586
25,188895251850,27655
25,188897589448,27723
25,188902221444,27791
25,188975594182,27859
25,188975766982,27927
25,188976112582,27995
25,188985469075,28063
25,188998217864,28130
25,189002849860,28197
25,189007481856,28264
25,189009819454,28331
25,189014451450,28398
25,189021377844,28465
25,189171876913,28531
25,189174257711,28597
25,189177742508,28663
25,189183521703,28729
25,189192588896,28795
25,189196635293,28861
25,189198972891,28926
25,189201396889,28991
25,189208539283,29056
25,189211049681,29121
25,189293580810,29186
25,189299403205,29251
25,189302931202,29316
25,189311004795,29380
25,189319121588,29444
25,189322649585,29508
25,189326177582,29572
25,189330852778,29636
25,189342497568,29700
25,189348319963,29764
25,189487779042,29827
25,189491542240,29890
25,189491844640,29953
25,189492147040,30016
25,189492319840,30079
25,189492406240,30142
25,189492535840,30205
25,189492835270,30268
25,189495365304,30330
25,189498806901,30392
25,189609024405,30454
25,189619392396,30516
25,189627465989,30578
25,189635539582,30640
25,189649349170,30702
25,189658569962,30764
25,189665582756,30825
25,189672595550,30886
25,189679608344,30947
25,189685430739,31008
25,189690105935,31069
25,189803328238,31130
25,189810600232,31191
25,189813153830,31252
25,189813326630,31312
25,189813499430,31372
25,189813672230,31432
25,189813845030,31492
25,189814061030,31552
25,189818582339,31612
25,189833663247,31672
25,189839485642,31732
25,189998231104,31792
25,190004010299,31851
25,190006347897,31910
25,190010979893,31969
25,190013317491,32028
25,190015655089,32087
25,190015698289,32146
25,190020330285,32205
25,190022711083,32264
25,190036650271,32323
25,190050546259,32381
25,190111818208,32439
25,190114371806,32497
25,190117899803,32555
25,190126059796,32613
25,190136298187,32671
25,190143224581,32729
25,190150150975,32787
25,190154782971,32845
25,190165194162,32902
25,190184869345,32959
25,190206925326,33016
25,190287618056,33073
25,190287661256,33130
25,190288851655,33187
25,190302661243,33244
25,190322206826,33301
25,190332574817,33358
25,190342443609,33415
25,190347334805,33471
25,190364518791,33527
25,190365080391,33583
25,190365209991,33639
25,190437372276,33695
25,190437415476,33751
25,190437458676,33807
25,190440943473,33863
25,190449017066,33919
25,190483476236,33975
25,190496138625,34031
25,190505359417,34086
25,190514580209,34141
25,190514623409,34196
25,190516961007,34251
25,190526181799,34306
25,190639188102,34361
25,190645096897,34416
25,190653386490,34471
25,190654749689,34526
25,190658364086,34581
25,190675029672,34636
25,190678687269,34690
25,190684596064,34744
25,190685916063,34798
25,190689487260,34852
25,190690677659,34906
25,190696680966,34960
25,190799256877,35014
25,190801637675,35068
25,190806312871,35122
25,190809840868,35176
25,190816853662,35230
25,190842178440,35284
25,190853693630,35337
25,190865208820,35390
25,190872135214,35443
25,190879061608,35496
25,190888282400,35549
25,190895208794,35602
25,190999883623,35655
25,190999926823,35708
25,190999970023,35761
25,191005749218,35814
25,191005792418,35867
25,191005835618,35920
25,191005878818,35973
25,191005922018,36025
25,191005965218,36077
25,191008302816,36129
25,191015229210,36181
25,191024450002,36233
25,191194797054,36285
25,191205208245,36337
25,191213344239,36389
25,191225075429,36441
25,191233365022,36493
25,191240550616,36545
25,191246502611,36597
25,191252411406,36649
25,191254792204,36700
25,191254835404,36751
25,191254878604,36802
25,191257302602,36853
25,191257345802,36904
25,191339617731,36955
25,191346587325,37006
25,191359292914,37057
25,191375526500,37108
25,191388275289,37159
25,191398772880,37210
25,191409140871,37261
25,191425244857,37312
25,191436760047,37363
25,191443686441,37413
25,191450612835,37463
25,191459833627,37513
25,191469054419,37563
25,191582223752,37613
25,191584561350,37663
25,191584604550,37713
25,191584647750,37763
25,191584690950,37813
25,191584734150,37863
25,191584777350,37913
25,191584820550,37963
25,191584863750,38013
25,191584906950,38063
25,191584950150,38113
25,191584993350,38162
25,191596508540,38211
25,191813996352,38260
25,191814125952,38309
25,191814341952,38358
25,191815575551,38407
25,191816809150,38456
25,191819233148,38505
25,191825314743,38554
25,191831223538,38603
25,191834837935,38652
25,191836028334,38701
25,191838409132,38750
25,191838452332,38799
25,191839685931,38848
25,191952217034,38897
25,191958082629,38945
25,191965052223,38993
25,191971978617,39041
25,191978905011,39089
25,191985831405,39137
25,191992757799,39185
25,191999684193,39233
25,192008904985,39281
25,192015831379,39329
25,192027346569,39377
25,192038861759,39425
25,192050376949,39473
25,192064186537,39521
25,192163974558,39569
25,192164147358,39617
25,192168649754,39665
25,192170987352,39713
25,192173324950,39760
25,192173368150,39807
25,192175705748,39854
25,192175748948,39901
25,192178086546,39948
25,192178129746,39995
25,192180467344,40042
25,192182804942,40089
25,192187436938,40136
25,192201246526,40183
25,192346312000,40230
25,192348649598,40277
25,192353324794,40324
25,192357956790,40371
25,192362631986,40418
25,192371895978,40465
25,192377910374,40512
25,192387303966,40559
25,192396654358,40605
25,192402476753,40651
25,192408299148,40697
25,192415311942,40743
25,192422281536,40789
25,192431718328,40835
25,192479790287,40881
25,192483318284,40927
25,192489183879,40973
25,192495006274,41019
25,192498491071,41065
25,192504313466,41111
25,192510135861,41157
25,192518295854,41203
25,192526455847,41249
25,192535763039,41295
25,192542689433,41341
25,192556499021,41387
25,192572603007,41433
25,192586412595,41478
25,192723658878,41523
25,192725065277,41568
25,192729783673,41613
25,192732207671,41658
25,192734588469,41703
25,192734631669,41748
25,192737012467,41793
25,192739393265,41838
25,192739436465,41883
25,192740626864,41928
25,192741860463,41973
25,192741903663,42018
25,192741946863,42063
25,192741990063,42108
25,192742033263,42153
25,192903917922,42198
25,192913225114,42243
25,192926017103,42288
25,192935324295,42333
25,192944631487,42377
25,192953895479,42421
25,192962487472,42465
25,192972183464,42509
25,192981490656,42553
25,192990797848,42597
25,193002442638,42641
25,193007117834,42685
25,193007161034,42729
25,193007204234,42773
25,193007247434,42817
25,193070751380,42861
25,193070837780,42905
25,193071010580,42949
25,193071096980,42993
25,193082914570,43037
25,193093412161,43081
25,193102719353,43125
25,193109732147,43169
25,193114407343,43213
25,193117935340,43257
25,193138671322,43301
25,193150186512,43344
25,193157112906,43387
25,193159450504,43430
25,193161788102,43473
25,193316611969,43516
25,193316698369,43559
25,193316784769,43602
25,193316827969,43645
25,193316914369,43688
25,193316957569,43731
25,193317000769,43774
25,193318536768,43817
25,193320917566,43860
25,193323298364,43903
25,193325722362,43946
25,193326912761,43989
25,193329336759,44032
25,193330570358,44075
25,193332994356,44118
25,193505333406,44161
25,193528579786,44204
25,193551739766,44247
25,193564877355,44290
25,193564920555,44332
25,193564963755,44374
25,193565006955,44416
25,193565050155,44458
25,193565093355,44500
25,193565136555,44542
25,193565179755,44584
25,193565266155,44626
25,193565309355,44668
25,193565352555,44710
25,193568122153,44752
25,193669397266,44794
25,193669483666,44836
25,193669786066,44878
25,193678507659,44920
25,193698269242,44962
25,193698312442,45004
25,193698355642,45046
25,193700736440,45088
25,193701926839,45130
25,193705454836,45172
25,193707835634,45214
25,193710173232,45256
25,193712554030,45298
25,193714891628,45340
25,193717272426,45382
25,193721904422,45423
25,193835520323,45464
25,193847035513,45505
25,193858550703,45546
25,193872360291,45587
25,193901256266,45628
25,193904045065,45669
25,193904088265,45710
25,193906229064,45751
25,193908653062,45792
25,193911120260,45833
25,193913544258,45874
25,193915925056,45915
25,193918349054,45956
25,193922500099,45997
25,193929426493,46038
25,193936266487,46079
25,194011518689,46120
25,194018445083,46161
25,194023077079,46202
25,194027709075,46243
25,194039267465,46284
25,194061237046,46325
25,194084440226,46366
25,194107643406,46407
25,194123833792,46448
25,194123876992,46489
25,194125067391,46529
25,194125110591,46569
25,194125153791,46609
25,194125196991,46649
25,194125240191,46689
25,194129915387,46729
25,194215844913,46769
25,194224220906,46809
25,194234761697,46849
25,194242552091,46889
25,194242984091,46929
25,194243243291,46969
25,194243372891,47009
25,194243545691,47049
25,194263331387,47089
25,194268006583,47129
25,194272724979,47169
25,194274001778,47209
25,194276382576,47249
25,194276468976,47289
25,194287466837,47329
25,194292185233,47369
25,194353159580,47409
25,194368116367,47449
25,194397986741,47489
25,194414090727,47529
25,194414133927,47569
25,194421060321,47609
25,194427986715,47649
25,194434913109,47688
25,194441839503,47727
25,194460281087,47766
25,194471925877,47805
25,194481233069,47844
25,194488202663,47883
25,194495215457,47922
25,194502185051,47961
25,194510925845,48000
25,194511012245,48039
25,194552114610,48078
25,194552157810,48117
25,194552244210,48156
25,194552373810,48195
25,194556074607,48234
25,194561940202,48273
25,194565511399,48312
25,194576940189,48351
25,194588455379,48390
25,194606853763,48429
25,194622957749,48468
25,194633584940,48507
25,194640597734,48546
25,194652199324,48585
25,194662610515,48624
25,194673108106,48663
25,194678973701,48702
25,194754991235,48741
25,194755034435,48780
25,194755077635,48819
25,194755120835,48858
25,194755164035,48896
25,194755207235,48934
25,194755250435,48972
25,194769060023,49010
25,194794816801,49048
25,194825421575,49086
25,194828080774,49124
25,194834250643,49162
25,194843428235,49200
25,194857194623,49238
25,194861783419,49276
25,194866372215,49314
25,194869813812,49352
25,194912173775,49390
25,194912216975,49428
25,194912260175,49466
25,194912303375,49504
25,194912346575,49542
25,194912389775,49580
25,194913580174,49618
25,194915917772,49656
25,194929727360,49694
25,194977952918,49732
25,195000940098,49770
25,195036762467,49808
25,195061112846,49846
25,195061156046,49884
25,195061199246,49922
25,195061242446,49960
25,195067064841,49998
25,195124727191,50036
25,195129359187,50074
25,195135181582,50112
25,195137883981,50150
25,195142645577,50187
25,195148597572,50224
25,195153402368,50261
25,195158120764,50298
25,195161778361,50335
25,195167816756,50372
25,195174872750,50409
25,195178400747,50446
25,195193573534,50483
25,195212144718,50520
25,195214525516,50557
25,195216906314,50594
25,195219243912,50631
25,195223962308,50668
25,195337035810,50705
25,195343962204,50742
25,195353182996,50779
25,195360109390,50816
25,195362446988,50853
25,195364784586,50890
25,195369416582,50927
25,195369459782,50964
25,195374091778,51001
25,195383312570,51038
25,195387944566,51075
25,195390282164,51112
25,195394914160,51149
25,195422662936,51186
25,195427813332,51223
25,195435862926,51260
25,195436078926,51297
25,195436294926,51334
25,195497938349,51371
25,195497981549,51408
25,195498024749,51445
25,195498197549,51482
25,195502906695,51518
25,195506305092,51554
25,195507581891,51590
25,195507625091,51626
25,195507668291,51662
25,195507711491,51698
25,195510963545,51734
25,195512197144,51770
25,195517277883,51806
25,195533252269,51842
25,195535589867,51878
25,195563165843,51914
25,195576975431,51950
25,195583901825,51986
25,195688772134,52022
25,195695741728,52058
25,195702754522,52094
25,195709724116,52130
25,195716736910,52166
25,195723706504,52202
25,195729528899,52238
25,195736541693,52274
25,195744288887,52310
25,195748119284,52346
25,195754028079,52382
25,195761127273,52418
25,195768312867,52454
25,195780044057,52490
25,195785909652,52526
25,195797770442,52562
25,195801341639,52598
25,195803765637,52634
25,195890928762,52670
25,195890971962,52706
25,195893352760,52742
25,195900322354,52778
25,195907291948,52814
25,195916555940,52850
25,195924672733,52886
25,195924715933,52922
25,195924759133,52957
25,195924802333,52992
25,195924845533,53027
25,195924888733,53062
25,195927226331,53097
25,195931858327,53132
25,195945667915,53167
25,195959477503,53202
25,195980170285,53237
25,195991685475,53272
25,195998611869,53307
25,196081896599,53342
25,196081982999,53377
25,196082069399,53412
25,196082155799,53447
25,196082242199,53482
25,196082285399,53517
25,196082371799,53552
25,196082458199,53587
25,196090767699,53622
25,196099945291,53657
25,196105969822,53692
25,196114858878,53727
25,196128457803,53762
25,196137678595,53797
25,196146899387,53832
25,196151531383,53867
25,196156163379,53902
25,196163089773,53937
25,196163132973,53972
25,196243480103,54007
25,196254995293,54042
25,196265363284,54077
25,196274670476,54112
25,196283977668,54147
25,196289800063,54182
25,196297960056,54217
25,196303739251,54252
25,196310708845,54287
25,196317678439,54322
25,196325838432,54357
25,196339734420,54392
25,196356030407,54427
25,196367631997,54461
25,196370012795,54495
25,196372393593,54529
25,196374731191,54563
25,196377111989,54597
25,196380726386,54631
25,196458523626,54665
25,196458566826,54699
25,196458610026,54733
25,196458653226,54767
25,196458696426,54801
25,196459886825,54835
25,196459930025,54869
25,196459973225,54903
25,196462310823,54937
25,196470470816,54971
25,196479778008,55005
25,196497158793,55039
25,196518110775,55073
25,196527504367,55107
25,196533326762,55141
25,196537958758,55175
25,196542590754,55209
25,196547222750,55243
25,196554149144,55277
25,196697889821,55311
25,196698105821,55345
25,196698192221,55379
25,196699799882,55413
25,196699972682,55447
25,196700145482,55481
25,196700404682,55515
25,196700491082,55549
25,196700620682,55583
25,196706607930,55617
25,196713491124,55651
25,196724963114,55685
25,196730699109,55719
25,196734140706,55753
25,196742571501,55787
25,196744952299,55821
25,196749221705,55855
25,196755838690,55889
25,196756955159,55923
25,196760655883,55957
25,196868233389,55991
25,196879748579,56025
25,196891263769,56058
25,196900484561,56091
25,196907410955,56124
25,196914337349,56157
25,196919314945,56190
25,196922842942,56223
25,196927518138,56256
25,196934530932,56289
25,196946132522,56322
25,196964703706,56355
25,196986759687,56388
25,196996066879,56421
25,196998404477,56454
25,197000742075,56487
25,197005374071,56520
25,197007711669,56553
25,197013121265,56586
25,197020263659,56619
25,197103356388,56652
25,197103399588,56685
25,197103831588,56718
25,197103917988,56751
25,197114242779,56784
25,197123549971,56817
25,197128225167,56850
25,197136341960,56883
25,197145649152,56916
25,197158397941,56949
25,197169999531,56982
25,197187423516,57015
25,197195583509,57048
25,197200258705,57081
25,197204933901,57114
25,197209652297,57147
25,197213137094,57180
25,197215474692,57213
25,197220106688,57246
25,197224738684,57279
25,197328893794,57312
25,197330300193,57345
25,197335018589,57378
25,197335061789,57411
25,197338589786,57444
25,197350968976,57477
25,197351141776,57510
25,197351487376,57543
25,197351832976,57576
25,197353992565,57609
25,197360530232,57642
25,197363971829,57675
25,197367499826,57708
25,197370984623,57741
25,197374512620,57773
25,197379144616,57805
25,197381741341,57837
25,197386071010,57869
25,197389858134,57901
25,197398512504,57933
25,197508600408,57965
25,197517821200,57997
25,197531630788,58029
25,197543145978,58061
25,197545483576,58093
25,197563881960,58125
25,197566219558,58157
25,197573232352,58189
25,197573275552,58221
25,197581435545,58253
25,197589595538,58285
25,197597712331,58317
25,197603577926,58349
25,197611694719,58381
25,197618707513,58413
25,197626867506,58445
25,197632689901,58477
25,197640849894,58509
25,197649873887,58541
25,197657275481,58573
25,197743809807,58605
25,197743896207,58637
25,197743939407,58669
25,197743982607,58701
25,197744025807,58733
25,197744241807,58765
25,197768462586,58797
25,197780020976,58829
25,197796254562,58861
25,197805518554,58893
25,197817120144,58925
25,197825236937,58957
25,197827617735,58989
25,197827660935,59021
25,197827704135,59053
25,197828894534,59085
25,197828937734,59117
25,197828980934,59149
25,197829024134,59181
25,197838374526,59213
25,197850105716,59245
25,197965041616,59277
25,197967379214,59309
25,197975212808,59341
25,197981078403,59373
25,197995147191,59405
25,198005059183,59437
25,198005231983,59469
25,198005879983,59501
25,198006052783,59533
25,198006139183,59564
25,198006225583,59595
25,198006355183,59626
25,198006398383,59657
25,198006553583,59688
25,198009319593,26910
25,198417104808,26980
25,198417148008,27050
25,198417191208,27120
25,198417234408,27190
25,198418424807,27260
25,198418468007,27329
25,198428922398,27398
25,198604395847,27467
25,198611451841,27536
25,198616170237,27605
25,198630239025,27673
25,198634957421,27741
25,198637295019,27809
25,198637338219,27877
25,198639719017,27945
25,198645541412,28013
25,198647682211,28080
25,198647811811,28147
25,198738157333,28214
25,198749672523,28281
25,198779542897,28348
25,198793352485,28415
25,198802573277,28482
25,198811794069,28548
25,198818720463,28614
25,198830235653,28680
25,198844045241,28746
25,198855560431,28812
25,198968043536,28878
25,198971614733,28943
25,198972891532,29008
25,198972934732,29073
25,198975358730,29138
25,198975401930,29203
25,198976592329,29268
25,198980249926,29333
25,198980293126,29397
25,198986158721,29461
25,199144232184,29525
25,199155833774,29589
25,199167435364,29653
25,199179080154,29717
25,199192889742,29781
25,199206699330,29844
25,199220508918,29907
25,199225140914,29970
25,199225184114,30033
25,199225227314,30096
25,199318404835,30159
25,199318577635,30222
25,199318664035,30285
25,199318750435,30347
25,199318793635,30409
25,199329636826,30471
25,199344766413,30533
25,199354073605,30595
25,199357558402,30657
25,199359896000,30719
25,199509075070,30780
25,199509118270,30841
25,199516044664,30902
25,199527559854,30963
25,199540265443,31024
25,199551910233,31085
25,199558879827,31146
25,199568767820,31207
25,199568811020,31268
25,199569847820,31328
25,199573332617,31388
25,199621361376,31448
25,199628374170,31508
25,199644348556,31568
25,199662746940,31628
25,199674262130,31688
25,199692660514,31748
25,199707790101,31807
25,199720582090,31866
25,199720625290,31925
25,199724153287,31984
25,199727681284,32043
25,199787897232,32102
25,199799498822,32161
25,199820321204,32220
25,199847613981,32279
25,199869842762,32337
25,199906788331,32395
25,199908019880,32453
25,199931266260,32511
25,199934794257,32569
25,199939469453,32627
25,199944144649,32685
25,199999552751,32743
25,200000000000,32743
